0 61775 64150 62025 62050
100 61775 64175 61975 62075
200 61800 64125 62000 62075
300 61800 64150 61975 62075
400 61775 64175 61975 62075
500 61775 64250 61925 62050
600 61775 64175 61975 62075
700 61750 64225 61950 62075
800 61775 64175 61925 62125
900 61800 64175 61875 62150
1000 61775 64150 61900 62175
1100 61750 64175 61900 62175
1200 61775 64150 61900 62175
1300 61750 64150 61900 62200
1400 61725 64125 61950 62200
1500 61775 64100 61925 62200
1600 61775 64125 61950 62150
1700 61750 64175 61900 62175
1800 61750 64200 61900 62150
1900 61775 64300 61800 62125
2000 61750 64275 61850 62125
2100 61750 64300 61850 62100
2200 61750 64300 61850 62100
2300 61750 64325 61825 62100
2400 61775 64275 61825 62125
2500 61800 64300 61825 62075
2600 61800 64275 61850 62075
2700 61800 64300 61825 62075
2800 61825 64325 61800 62050
2900 61825 64300 61825 62050
3000 61775 64350 61825 62050
3100 61775 64350 61800 62075
3200 61800 64325 61825 62050
3300 61850 64400 61750 62000
3400 61850 64400 61725 62025
3500 61850 64375 61725 62050
3600 61850 64375 61675 62100
3700 61875 64400 61625 62100
3800 61875 64250 61700 62175
3900 61875 64250 61700 62175
4000 61875 64225 61725 62175
4100 61875 64250 61725 62150
4200 61875 64225 61725 62175
4300 61875 64225 61725 62175
4400 61900 64175 61750 62175
4500 61925 64150 61725 62200
4600 61925 64175 61725 62175
4700 61925 64225 61675 62175
4800 61900 64250 61675 62175
4900 61850 64200 61725 62225
5000 61825 64200 61725 62250
5100 61800 64200 61750 62250
5200 61825 64225 61725 62225
5300 61825 64225 61750 62200
5400 61825 64200 61775 62200
5500 61850 64175 61775 62200
5600 61825 64225 61725 62225
5700 61800 64225 61750 62225
5800 61850 64225 61700 62225
5900 61850 64300 61650 62200
6000 61850 64325 61625 62200
6100 61850 64375 61575 62200
6200 61850 64375 61550 62225
6300 61850 64375 61575 62200
6400 61850 64375 61575 62200
6500 61850 64375 61575 62200
6600 61825 64350 61625 62200
6700 61825 64350 61625 62200
6800 61775 64375 61675 62175
6900 61775 64375 61675 62175
7000 61800 64375 61675 62150
7100 61800 64375 61650 62175
7200 61850 64350 61625 62175
7300 61850 64325 61625 62200
7400 61850 64300 61650 62200
7500 61850 64275 61650 62225
7600 61875 64225 61700 62200
7700 61875 64250 61675 62200
7800 61875 64250 61675 62200
7900 61875 64275 61675 62175
8000 61850 64275 61675 62200
8100 61850 64300 61675 62175
8200 61875 64300 61625 62200
8300 61850 64325 61625 62200
8400 61825 64350 61650 62175
8500 61825 64350 61650 62175
8600 61825 64325 61675 62175
8700 61800 64350 61675 62175
8800 61850 64350 61650 62150
8900 61850 64350 61650 62150
9000 61850 64400 61625 62125
9100 61850 64400 61600 62150
9200 61825 64400 61625 62150
9300 61800 64400 61625 62175
9400 61825 64350 61625 62200
9500 61825 64300 61625 62250
9600 61825 64325 61600 62250
9700 61800 64350 61625 62225
9800 61800 64400 61600 62200
9900 61775 64450 61575 62200
10000 61750 64475 61600 62175
10100 61775 64450 61625 62150
10200 61775 64425 61600 62200
10300 61800 64400 61600 62200
10400 61800 64400 61600 62200
10500 61825 64400 61575 62200
10600 61825 64375 61600 62200
10700 61850 64375 61575 62200
10800 61850 64375 61575 62200
10900 61825 64350 61575 62250
11000 61850 64325 61575 62250
11100 61850 64350 61525 62275
11200 61850 64350 61525 62275
11300 61850 64375 61525 62250
11400 61825 64400 61525 62250
11500 61825 64400 61525 62250
11600 61800 64400 61550 62250
11700 61800 64400 61550 62250
11800 61800 64375 61575 62250
11900 61825 64350 61575 62250
12000 61800 64375 61575 62250
12100 61800 64400 61550 62250
12200 61825 64375 61500 62300
12300 61850 64375 61500 62275
12400 61850 64375 61500 62275
12500 61825 64400 61500 62275
12600 61825 64400 61500 62275
12700 61825 64400 61525 62250
12800 61825 64375 61550 62250
12900 61850 64400 61525 62225
13000 61825 64400 61550 62225
13100 61850 64425 61500 62225
13200 61875 64450 61475 62200
13300 61850 64450 61500 62200
13400 61850 64475 61500 62175
13500 61850 64500 61475 62175
13600 61850 64500 61500 62150
13700 61850 64475 61525 62150
13800 61875 64425 61525 62175
13900 61875 64425 61525 62175
14000 61825 64425 61550 62200
14100 61875 64425 61550 62150
14200 61850 64500 61500 62150
14300 61850 64525 61475 62150
14400 61850 64550 61450 62150
14500 61850 64525 61475 62150
14600 61850 64525 61500 62125
14700 61875 64500 61500 62125
14800 61875 64500 61500 62125
14900 61850 64500 61525 62125
15000 61850 64500 61525 62125
15100 61850 64475 61525 62150
15200 61850 64475 61550 62125
15300 61925 64525 61475 62075
15400 61900 64525 61475 62100
15500 61925 64525 61475 62075
15600 61925 64525 61475 62075
15700 61975 64550 61425 62050
15800 62000 64525 61425 62050
15900 61975 64550 61425 62050
16000 61975 64550 61425 62050
16100 61975 64525 61425 62075
16200 61950 64500 61450 62100
16300 61975 64500 61425 62100
16400 61950 64525 61400 62125
16500 62000 64525 61350 62125
16600 61975 64550 61350 62125
16700 61975 64575 61325 62125
16800 61975 64575 61325 62125
16900 61975 64550 61350 62125
17000 61975 64550 61350 62125
17100 62000 64575 61325 62100
17200 62025 64525 61325 62125
17300 62025 64525 61325 62125
17400 62000 64550 61325 62125
17500 62025 64550 61300 62125
17600 61975 64575 61325 62125
17700 61950 64550 61325 62175
17800 61950 64550 61325 62175
17900 61975 64550 61300 62175
18000 61975 64550 61325 62150
18100 61975 64525 61325 62175
18200 62000 64450 61325 62225
18300 62000 64475 61300 62225
18400 62025 64500 61300 62175
18500 62025 64475 61275 62225
18600 62025 64475 61275 62225
18700 62050 64425 61250 62275
18800 62050 64400 61250 62300
18900 62025 64425 61250 62300
19000 62025 64425 61250 62300
19100 62025 64475 61200 62300
19200 62050 64475 61175 62300
19300 62050 64450 61175 62325
19400 62100 64450 61125 62325
19500 62100 64450 61125 62325
19600 62100 64425 61150 62325
19700 62125 64400 61150 62325
19800 62125 64425 61150 62300
19900 62125 64450 61125 62300
20000 62075 64450 61175 62300
20100 62075 64475 61150 62300
20200 62075 64425 61200 62300
20300 62075 64425 61200 62300
20400 62100 64425 61200 62275
20500 62100 64425 61200 62275
20600 62100 64450 61200 62250
20700 62075 64500 61175 62250
20800 62075 64500 61175 62250
20900 61975 64550 61200 62275
21000 61975 64525 61225 62275
21100 61975 64525 61225 62275
21200 61975 64525 61225 62275
21300 61975 64525 61225 62275
21400 62000 64525 61225 62250
21500 62000 64550 61225 62225
21600 61950 64500 61325 62225
21700 61950 64525 61300 62225
21800 61950 64525 61300 62225
21900 61950 64550 61275 62225
22000 61950 64550 61275 62225
22100 61925 64575 61275 62225
22200 61875 64550 61300 62275
22300 61875 64550 61300 62275
22400 61875 64550 61300 62275
22500 61875 64550 61300 62275
22600 61875 64525 61350 62250
22700 61900 64550 61350 62200
22800 61900 64550 61350 62200
22900 61850 64550 61400 62200
23000 61800 64575 61425 62200
23100 61800 64600 61425 62175
23200 61800 64575 61450 62175
23300 61800 64575 61450 62175
23400 61775 64650 61450 62125
23500 61800 64650 61450 62100
23600 61800 64675 61425 62100
23700 61800 64650 61425 62125
23800 61800 64675 61400 62125
23900 61775 64700 61400 62125
24000 61775 64700 61400 62125
24100 61775 64700 61400 62125
24200 61775 64700 61400 62125
24300 61775 64675 61400 62150
24400 61775 64675 61400 62150
24500 61775 64650 61400 62175
24600 61750 64625 61450 62175
24700 61725 64650 61450 62175
24800 61725 64650 61475 62150
24900 61725 64675 61450 62150
25000 61750 64675 61450 62125
25100 61750 64675 61450 62125
25200 61750 64675 61450 62125
25300 61750 64675 61450 62125
25400 61750 64700 61425 62125
25500 61725 64725 61425 62125
25600 61725 64725 61425 62125
25700 61750 64725 61400 62125
25800 61750 64725 61400 62125
25900 61775 64675 61425 62125
26000 61775 64675 61425 62125
26100 61775 64650 61425 62150
26200 61775 64675 61425 62125
26300 61775 64675 61425 62125
26400 61775 64675 61425 62125
26500 61775 64700 61425 62100
26600 61775 64700 61425 62100
26700 61775 64700 61425 62100
26800 61775 64700 61425 62100
26900 61775 64700 61425 62100
27000 61775 64700 61425 62100
27100 61775 64675 61450 62100
27200 61775 64675 61450 62100
27300 61775 64675 61450 62100
27400 61775 64700 61425 62100
27500 61775 64700 61425 62100
27600 61750 64725 61425 62100
27700 61750 64725 61400 62125
27800 61750 64725 61400 62125
27900 61725 64775 61350 62150
28000 61725 64775 61325 62175
28100 61725 64775 61325 62175
28200 61725 64750 61375 62150
28300 61725 64750 61375 62150
28400 61700 64750 61400 62150
28500 61700 64750 61400 62150
28600 61725 64750 61400 62125
28700 61725 64750 61400 62125
28800 61725 64750 61400 62125
28900 61725 64750 61400 62125
29000 61725 64750 61400 62125
29100 61725 64750 61400 62125
29200 61725 64725 61425 62125
29300 61725 64725 61425 62125
29400 61725 64750 61400 62125
29500 61750 64750 61375 62125
29600 61775 64750 61375 62100
29700 61775 64750 61375 62100
29800 61800 64725 61375 62100
29900 61800 64700 61400 62100
30000 61775 64725 61400 62100
30100 61750 64750 61400 62100
30200 61750 64675 61425 62150
30300 61750 64675 61425 62150
30400 61750 64700 61400 62150
30500 61750 64675 61400 62175
30600 61750 64675 61400 62175
30700 61750 64700 61375 62175
30800 61725 64725 61350 62200
30900 61725 64725 61350 62200
31000 61700 64725 61375 62200
31100 61700 64700 61375 62225
31200 61675 64725 61375 62225
31300 61700 64725 61350 62225
31400 61725 64725 61350 62200
31500 61725 64725 61350 62200
31600 61725 64750 61350 62175
31700 61725 64725 61375 62175
31800 61725 64725 61375 62175
31900 61725 64700 61375 62200
32000 61750 64675 61375 62200
32100 61750 64675 61375 62200
32200 61750 64650 61400 62200
32300 61750 64650 61400 62200
32400 61750 64650 61375 62225
32500 61775 64600 61375 62250
32600 61775 64600 61375 62250
32700 61775 64600 61375 62250
32800 61775 64600 61375 62250
32900 61775 64550 61375 62300
33000 61800 64525 61375 62300
33100 61825 64475 61350 62350
33200 61850 64475 61350 62325
33300 61850 64425 61350 62375
33400 61875 64450 61350 62325
33500 61875 64475 61325 62325
33600 61875 64475 61325 62325
33700 61900 64475 61350 62275
33800 61900 64475 61350 62275
33900 61900 64500 61325 62275
34000 61875 64525 61300 62300
34100 61875 64525 61300 62300
34200 61875 64500 61325 62300
34300 61875 64500 61325 62300
34400 61875 64550 61275 62300
34500 61900 64550 61275 62275
34600 61850 64575 61300 62275
34700 61875 64550 61300 62275
34800 61900 64550 61275 62275
34900 61925 64550 61250 62275
35000 61950 64550 61250 62250
35100 61975 64525 61225 62275
35200 61950 64550 61225 62275
35300 61925 64575 61225 62275
35400 61925 64575 61225 62275
35500 61925 64575 61225 62275
35600 61925 64575 61225 62275
35700 61925 64575 61225 62275
35800 61900 64575 61225 62300
35900 61900 64575 61225 62300
36000 61900 64575 61225 62300
36100 61900 64575 61225 62300
36200 61900 64575 61225 62300
36300 61900 64575 61225 62300
36400 61925 64575 61200 62300
36500 61925 64575 61200 62300
36600 61925 64575 61200 62300
36700 61925 64575 61175 62325
36800 61925 64600 61175 62300
36900 61900 64600 61200 62300
37000 61900 64600 61225 62275
37100 61900 64575 61250 62275
37200 61875 64600 61250 62275
37300 61875 64600 61250 62275
37400 61850 64625 61250 62275
37500 61850 64625 61250 62275
37600 61825 64650 61250 62275
37700 61825 64650 61250 62275
37800 61800 64700 61250 62250
37900 61825 64700 61225 62250
38000 61800 64725 61225 62250
38100 61825 64725 61200 62250
38200 61825 64725 61225 62225
38300 61825 64725 61225 62225
38400 61825 64725 61225 62225
38500 61825 64725 61225 62225
38600 61800 64750 61225 62225
38700 61800 64750 61225 62225
38800 61800 64750 61225 62225
38900 61800 64750 61225 62225
39000 61800 64750 61225 62225
39100 61800 64750 61225 62225
39200 61825 64700 61250 62225
39300 61825 64750 61225 62200
39400 61800 64750 61250 62200
39500 61800 64750 61250 62200
39600 61800 64750 61250 62200
39700 61800 64750 61250 62200
39800 61825 64725 61250 62200
39900 61825 64725 61250 62200
40000 61825 64700 61275 62200
40100 61850 64700 61275 62175
40200 61850 64700 61275 62175
40300 61825 64775 61250 62150
40400 61825 64775 61250 62150
40500 61875 64775 61200 62150
40600 61875 64775 61200 62150
40700 61875 64775 61200 62150
40800 61875 64750 61225 62150
40900 61875 64750 61225 62150
41000 61850 64775 61225 62150
41100 61850 64750 61250 62150
41200 61875 64750 61225 62150
41300 61875 64750 61225 62150
41400 61875 64725 61250 62150
41500 61900 64700 61250 62150
41600 61900 64700 61250 62150
41700 61900 64725 61250 62125
41800 61875 64725 61275 62125
41900 61875 64725 61275 62125
42000 61875 64700 61300 62125
42100 61850 64775 61300 62075
42200 61850 64775 61300 62075
42300 61850 64775 61300 62075
42400 61850 64800 61300 62050
42500 61850 64775 61325 62050
42600 61850 64800 61325 62025
42700 61875 64850 61300 61975
42800 61900 64850 61275 61975
42900 61925 64825 61275 61975
43000 61925 64825 61275 61975
43100 61950 64800 61275 61975
43200 61950 64800 61275 61975
43300 61950 64825 61250 61975
43400 61950 64825 61250 61975
43500 61950 64825 61250 61975
43600 61950 64800 61250 62000
43700 61950 64800 61250 62000
43800 61950 64800 61250 62000
43900 61950 64800 61225 62025
44000 61950 64800 61225 62025
44100 61950 64800 61225 62025
44200 61950 64800 61225 62025
44300 61925 64825 61225 62025
44400 61925 64825 61225 62025
44500 61900 64850 61225 62025
44600 61925 64850 61200 62025
44700 61925 64850 61200 62025
44800 61925 64850 61200 62025
44900 61925 64850 61200 62025
45000 61925 64850 61200 62025
45100 61925 64825 61200 62050
45200 61925 64850 61175 62050
45300 61925 64850 61175 62050
45400 61925 64850 61175 62050
45500 61925 64850 61175 62050
45600 61925 64850 61175 62050
45700 61900 64850 61175 62075
45800 61900 64825 61175 62100
45900 61900 64850 61150 62100
46000 61925 64875 61125 62075
46100 61925 64875 61125 62075
46200 61900 64875 61150 62075
46300 61925 64875 61100 62100
46400 61925 64875 61125 62075
46500 61925 64875 61125 62075
46600 61925 64875 61125 62075
46700 61925 64875 61125 62075
46800 61925 64875 61100 62100
46900 61925 64875 61100 62100
47000 61900 64875 61100 62125
47100 61900 64875 61125 62100
47200 61925 64900 61075 62100
47300 61925 64900 61075 62100
47400 61925 64900 61075 62100
47500 61925 64900 61075 62100
47600 61925 64925 61050 62100
47700 61900 64950 61050 62100
47800 61900 64925 61050 62125
47900 61900 64925 61050 62125
48000 61925 64925 61025 62125
48100 61925 64925 61025 62125
48200 61925 64900 61050 62125
48300 61925 64900 61050 62125
48400 61875 64925 61075 62125
48500 61875 64925 61075 62125
48600 61925 64900 61075 62100
48700 61950 64900 61050 62100
48800 61950 64900 61050 62100
48900 61950 64900 61050 62100
49000 61950 64900 61075 62075
49100 61975 64900 61050 62075
49200 62000 64900 61025 62075
49300 61975 64950 61000 62075
49400 61975 64950 61000 62075
49500 62000 64950 60975 62075
49600 62000 64975 60925 62100
49700 62075 64950 60875 62100
49800 62100 64950 60850 62100
49900 62075 64950 60875 62100
50000 62075 64950 60875 62100
50100 62050 64950 60900 62100
50200 62075 64950 60900 62075
50300 62100 64950 60875 62075
50400 62100 64950 60875 62075
50500 62100 64950 60875 62075
50600 62100 64950 60875 62075
50700 62100 64950 60875 62075
50800 62100 64950 60875 62075
50900 62075 64975 60875 62075
51000 62075 64975 60875 62075
51100 62075 64975 60875 62075
51200 62075 64950 60875 62100
51300 62075 64950 60875 62100
51400 62075 64925 60900 62100
51500 62050 64925 60925 62100
51600 62075 64950 60925 62050
51700 62050 64950 60950 62050
51800 62050 64950 60950 62050
51900 62050 64950 60950 62050
52000 62075 64925 60950 62050
52100 62075 64925 60950 62050
52200 62075 64925 60950 62050
52300 62075 64950 60950 62025
52400 62075 64950 60925 62050
52500 62075 64950 60925 62050
52600 62075 64925 60925 62075
52700 62075 64925 60925 62075
52800 62050 64925 60950 62075
52900 62050 64875 60950 62125
53000 62025 64900 60950 62125
53100 62025 64900 60950 62125
53200 62000 64900 60950 62150
53300 62000 64900 60950 62150
53400 62000 64900 60950 62150
53500 62000 64900 60950 62150
53600 62000 64900 60950 62150
53700 62000 64875 60950 62175
53800 62000 64875 60950 62175
53900 62000 64875 60950 62175
54000 61975 64875 60950 62200
54100 61950 64875 60975 62200
54200 61950 64875 60975 62200
54300 62025 64850 60950 62175
54400 62025 64850 60950 62175
54500 62025 64850 60950 62175
54600 62000 64850 60950 62200
54700 62000 64850 60925 62225
54800 62000 64850 60925 62225
54900 61975 64850 60950 62225
55000 61950 64850 60975 62225
55100 61975 64825 60975 62225
55200 61975 64825 60975 62225
55300 61975 64850 60950 62225
55400 61975 64825 60950 62250
55500 61950 64850 60950 62250
55600 61950 64825 60975 62250
55700 61950 64800 61000 62250
55800 61925 64800 61025 62250
55900 61925 64800 61025 62250
56000 61925 64775 61025 62275
56100 61925 64750 61025 62300
56200 61900 64750 61050 62300
56300 61875 64750 61075 62300
56400 61875 64750 61075 62300
56500 61875 64700 61075 62350
56600 61850 64700 61100 62350
56700 61825 64675 61125 62375
56800 61825 64650 61125 62400
56900 61800 64600 61150 62450
57000 61775 64600 61175 62450
57100 61725 64600 61225 62450
57200 61700 64625 61225 62450
57300 61700 64625 61225 62450
57400 61700 64650 61225 62425
57500 61700 64650 61225 62425
57600 61725 64650 61225 62400
57700 61725 64650 61225 62400
57800 61750 64650 61200 62400
57900 61750 64650 61200 62400
58000 61750 64650 61200 62400
58100 61750 64650 61200 62400
58200 61750 64675 61175 62400
58300 61750 64675 61175 62400
58400 61750 64675 61175 62400
58500 61750 64675 61150 62425
58600 61775 64675 61150 62400
58700 61775 64675 61150 62400
58800 61775 64625 61175 62425
58900 61775 64625 61175 62425
59000 61750 64650 61175 62425
59100 61750 64650 61175 62425
59200 61750 64650 61175 62425
59300 61750 64650 61175 62425
59400 61750 64650 61175 62425
59500 61750 64650 61175 62425
59600 61775 64625 61175 62425
59700 61775 64650 61175 62400
59800 61775 64650 61175 62400
59900 61775 64650 61175 62400
60000 61800 64650 61175 62375
60100 61800 64675 61175 62350
60200 61800 64675 61175 62350
60300 61800 64675 61175 62350
60400 61775 64650 61200 62375
60500 61775 64650 61200 62375
60600 61775 64650 61200 62375
60700 61800 64650 61200 62350
60800 61800 64650 61175 62375
60900 61825 64650 61150 62375
61000 61825 64650 61150 62375
61100 61825 64650 61150 62375
61200 61825 64675 61125 62375
61300 61825 64675 61125 62375
61400 61825 64650 61150 62375
61500 61800 64675 61150 62375
61600 61850 64675 61150 62325
61700 61850 64700 61150 62300
61800 61850 64700 61150 62300
61900 61850 64700 61150 62300
62000 61875 64700 61150 62275
62100 61850 64725 61150 62275
62200 61850 64725 61150 62275
62300 61850 64725 61150 62275
62400 61875 64725 61150 62250
62500 61875 64725 61150 62250
62600 61900 64700 61175 62225
62700 61900 64675 61200 62225
62800 61900 64675 61200 62225
62900 61900 64675 61200 62225
63000 61900 64650 61225 62225
63100 61900 64650 61225 62225
63200 61900 64625 61250 62225
63300 61900 64550 61325 62225
63400 61900 64500 61350 62250
63500 61900 64525 61375 62200
63600 61900 64525 61375 62200
63700 61900 64525 61375 62200
63800 61900 64525 61375 62200
63900 61925 64525 61350 62200
64000 61925 64525 61350 62200
64100 61925 64525 61350 62200
64200 61900 64550 61350 62200
64300 61900 64550 61350 62200
64400 61900 64550 61350 62200
64500 61875 64550 61350 62225
64600 61875 64550 61350 62225
64700 61875 64550 61350 62225
64800 61875 64550 61350 62225
64900 61875 64550 61350 62225
65000 61875 64550 61350 62225
65100 61875 64575 61350 62200
65200 61875 64575 61350 62200
65300 61875 64575 61350 62200
65400 61875 64575 61350 62200
65500 61875 64575 61350 62200
65600 61875 64600 61325 62200
65700 61875 64600 61325 62200
65800 61875 64600 61325 62200
65900 61875 64600 61325 62200
66000 61850 64600 61325 62225
66100 61850 64600 61300 62250
66200 61850 64600 61300 62250
66300 61850 64600 61275 62275
66400 61850 64625 61275 62250
66500 61850 64625 61275 62250
66600 61875 64625 61250 62250
66700 61875 64625 61250 62250
66800 61875 64625 61250 62250
66900 61875 64625 61250 62250
67000 61900 64625 61250 62225
67100 61900 64650 61250 62200
67200 61900 64625 61250 62225
67300 61900 64625 61250 62225
67400 61900 64625 61250 62225
67500 61875 64625 61250 62250
67600 61875 64650 61250 62225
67700 61875 64650 61250 62225
67800 61900 64625 61250 62225
67900 61900 64625 61250 62225
68000 61900 64625 61250 62225
68100 61900 64625 61250 62225
68200 61900 64625 61250 62225
68300 61900 64625 61250 62225
68400 61900 64625 61250 62225
68500 61900 64675 61225 62200
68600 61875 64675 61225 62225
68700 61875 64675 61225 62225
68800 61875 64675 61225 62225
68900 61875 64675 61225 62225
69000 61875 64675 61225 62225
69100 61875 64675 61225 62225
69200 61875 64700 61200 62225
69300 61900 64725 61150 62225
69400 61900 64725 61150 62225
69500 61900 64725 61150 62225
69600 61900 64725 61150 62225
69700 61900 64725 61150 62225
69800 61900 64750 61150 62200
69900 61900 64750 61150 62200
70000 61900 64750 61150 62200
70100 61900 64750 61150 62200
70200 61900 64775 61150 62175
70300 61900 64800 61150 62150
70400 61900 64800 61150 62150
70500 61875 64850 61150 62125
70600 61875 64850 61150 62125
70700 61900 64875 61175 62050
70800 61900 64900 61175 62025
70900 61900 64900 61175 62025
71000 61875 64900 61175 62050
71100 61875 64900 61175 62050
71200 61875 64900 61175 62050
71300 61875 64900 61175 62050
71400 61875 64900 61175 62050
71500 61850 64925 61175 62050
71600 61850 64925 61175 62050
71700 61850 64925 61175 62050
71800 61850 64925 61175 62050
71900 61875 64925 61150 62050
72000 61875 64925 61150 62050
72100 61875 64925 61150 62050
72200 61875 64925 61150 62050
72300 61875 64950 61125 62050
72400 61875 64950 61125 62050
72500 61875 64950 61125 62050
72600 61875 64950 61125 62050
72700 61875 64950 61125 62050
72800 61875 64950 61125 62050
72900 61900 64925 61125 62050
73000 61900 64950 61125 62025
73100 61900 64950 61125 62025
73200 61900 64950 61125 62025
73300 61900 64950 61125 62025
73400 61900 64950 61125 62025
73500 61875 64975 61125 62025
73600 61900 64950 61125 62025
73700 61900 64925 61125 62050
73800 61900 64925 61125 62050
73900 61900 64925 61125 62050
74000 61925 64900 61125 62050
74100 61950 64875 61125 62050
74200 61950 64875 61125 62050
74300 61950 64875 61125 62050
74400 61950 64875 61125 62050
74500 61975 64875 61100 62050
74600 61975 64875 61100 62050
74700 61975 64875 61100 62050
74800 61975 64875 61100 62050
74900 61950 64875 61100 62075
75000 61950 64875 61100 62075
75100 61950 64875 61100 62075
75200 61950 64875 61100 62075
75300 61950 64875 61100 62075
75400 61950 64875 61100 62075
75500 61950 64875 61100 62075
75600 61950 64875 61100 62075
75700 61950 64875 61100 62075
75800 61950 64875 61100 62075
75900 61950 64875 61100 62075
76000 61950 64875 61100 62075
76100 61950 64875 61100 62075
76200 61950 64875 61100 62075
76300 61950 64875 61100 62075
76400 61950 64875 61100 62075
76500 61950 64875 61100 62075
76600 61950 64850 61100 62100
76700 61950 64850 61100 62100
76800 61950 64850 61100 62100
76900 61950 64850 61100 62100
77000 61975 64875 61050 62100
77100 61975 64875 61075 62075
77200 61975 64875 61075 62075
77300 61950 64900 61075 62075
77400 61950 64900 61075 62075
77500 61950 64900 61075 62075
77600 61950 64900 61075 62075
77700 61925 64925 61075 62075
77800 61925 64925 61075 62075
77900 61925 64950 61075 62050
78000 61925 64950 61075 62050
78100 61925 64950 61075 62050
78200 61925 64950 61075 62050
78300 61925 64950 61100 62025
78400 61925 64950 61100 62025
78500 61925 64950 61100 62025
78600 61925 64950 61100 62025
78700 61925 64950 61100 62025
78800 61900 64950 61125 62025
78900 61900 64950 61125 62025
79000 61900 64950 61125 62025
79100 61900 64950 61125 62025
79200 61900 64950 61125 62025
79300 61925 64950 61100 62025
79400 61925 64925 61100 62050
79500 61925 64925 61100 62050
79600 61925 64925 61100 62050
79700 61925 64925 61100 62050
79800 61925 64925 61100 62050
79900 61925 64925 61100 62050
80000 61925 64925 61100 62050
80100 61925 64925 61100 62050
80200 61925 64925 61100 62050
80300 61950 64900 61100 62050
80400 61950 64900 61100 62050
80500 61950 64900 61100 62050
80600 61950 64900 61100 62050
80700 61950 64900 61100 62050
80800 61950 64900 61100 62050
80900 61950 64900 61100 62050
81000 61950 64900 61100 62050
81100 61950 64925 61075 62050
81200 61950 64925 61075 62050
81300 61950 64925 61075 62050
81400 61950 64925 61075 62050
81500 61950 64925 61075 62050
81600 61975 64925 61050 62050
81700 61975 64925 61050 62050
81800 61950 64925 61050 62075
81900 61950 64925 61050 62075
82000 61950 64925 61050 62075
82100 61950 64900 61050 62100
82200 61950 64925 61050 62075
82300 61925 64950 61050 62075
82400 61925 64950 61050 62075
82500 61925 64950 61050 62075
82600 61925 64950 61050 62075
82700 61900 64975 61050 62075
82800 61900 65000 61025 62075
82900 61900 65000 61025 62075
83000 61900 65000 61025 62075
83100 61900 65000 61025 62075
83200 61900 65000 61025 62075
83300 61900 65000 61025 62075
83400 61900 65000 61025 62075
83500 61900 65000 61025 62075
83600 61900 65000 61025 62075
83700 61950 64975 61000 62075
83800 61925 64975 61025 62075
83900 61925 64975 61025 62075
84000 61925 64975 61025 62075
84100 61925 64975 61025 62075
84200 61925 64975 61025 62075
84300 61925 64975 61025 62075
84400 61925 64975 61025 62075
84500 61925 64975 61025 62075
84600 61925 64950 61025 62100
84700 61925 64975 60975 62125
84800 61925 64975 60975 62125
84900 61925 64975 60975 62125
85000 61925 64975 60975 62125
85100 61925 64975 60975 62125
85200 61925 64975 60975 62125
85300 61925 64975 60975 62125
85400 61925 64975 60975 62125
85500 61925 64975 60975 62125
85600 61925 64975 60975 62125
85700 61950 64975 60950 62125
85800 61950 64975 60950 62125
85900 61975 64975 60925 62125
86000 61975 65000 60925 62100
86100 61975 65000 60925 62100
86200 61975 65000 60925 62100
86300 61950 65025 60925 62100
86400 61950 65025 60925 62100
86500 61950 65025 60925 62100
86600 61950 65025 60925 62100
86700 61950 65025 60925 62100
86800 61950 65025 60925 62100
86900 61950 65000 60925 62125
87000 61925 65000 60950 62125
87100 61925 65000 60950 62125
87200 61925 65000 60950 62125
87300 61925 65000 60950 62125
87400 61900 65000 60950 62150
87500 61925 64975 60950 62150
87600 61950 64975 60925 62150
87700 61950 64975 60925 62150
87800 61950 65000 60900 62150
87900 61950 65000 60900 62150
88000 61950 65000 60900 62150
88100 61950 65000 60925 62125
88200 61950 65000 60925 62125
88300 61975 65000 60900 62125
88400 61975 65000 60900 62125
88500 61975 65000 60900 62125
88600 61975 65000 60900 62125
88700 61950 65000 60925 62125
88800 61950 65000 60925 62125
88900 61950 65000 60925 62125
89000 61950 64975 60925 62150
89100 61950 64975 60925 62150
89200 61975 64975 60900 62150
89300 61975 64975 60900 62150
89400 61975 64975 60900 62150
89500 61975 65000 60900 62125
89600 61975 65000 60900 62125
89700 61975 65000 60900 62125
89800 61975 65000 60900 62125
89900 61975 65000 60900 62125
90000 61975 65000 60900 62125
90100 61975 65000 60900 62125
90200 61975 65000 60900 62125
90300 62000 65000 60875 62125
90400 62000 65000 60875 62125
90500 62000 65000 60850 62150
90600 62000 65000 60850 62150
90700 62025 65000 60825 62150
90800 62025 65000 60800 62175
90900 62025 64975 60800 62200
91000 62025 64975 60800 62200
91100 62000 64975 60825 62200
91200 62000 64975 60825 62200
91300 62000 64975 60825 62200
91400 62000 64975 60825 62200
91500 62000 64975 60825 62200
91600 62000 64975 60825 62200
91700 62000 64975 60825 62200
91800 62025 64975 60800 62200
91900 62000 65000 60775 62225
92000 62000 65000 60775 62225
92100 62000 64975 60775 62250
92200 62000 65000 60750 62250
92300 62000 65000 60750 62250
92400 62000 65000 60750 62250
92500 62000 65000 60750 62250
92600 62000 64975 60750 62275
92700 62000 64975 60750 62275
92800 62000 64975 60750 62275
92900 62000 65000 60750 62250
93000 62050 65000 60700 62250
93100 62050 65000 60700 62250
93200 62050 65000 60700 62250
93300 62050 65000 60700 62250
93400 62025 65000 60725 62250
93500 62025 65000 60725 62250
93600 62025 65000 60725 62250
93700 62050 64950 60725 62275
93800 62050 64950 60725 62275
93900 62075 64950 60700 62275
94000 62100 64925 60675 62300
94100 62100 64925 60675 62300
94200 62075 64950 60675 62300
94300 62075 64950 60675 62300
94400 62075 64950 60675 62300
94500 62075 64950 60675 62300
94600 62100 64950 60650 62300
94700 62100 64950 60650 62300
94800 62125 64950 60625 62300
94900 62125 64950 60625 62300
95000 62100 64950 60650 62300
95100 62100 64925 60650 62325
95200 62150 64875 60625 62350
95300 62175 64875 60600 62350
95400 62175 64875 60600 62350
95500 62150 64900 60600 62350
95600 62175 64900 60575 62350
95700 62200 64900 60550 62350
95800 62200 64900 60550 62350
95900 62225 64900 60525 62350
96000 62250 64900 60500 62350
96100 62300 64925 60450 62325
96200 62300 64875 60450 62375
96300 62300 64875 60450 62375
96400 62325 64850 60450 62375
96500 62325 64850 60450 62375
96600 62325 64850 60450 62375
96700 62325 64850 60450 62375
96800 62325 64850 60450 62375
96900 62325 64850 60450 62375
97000 62325 64825 60450 62400
97100 62325 64800 60450 62425
97200 62325 64800 60450 62425
97300 62325 64800 60450 62425
97400 62325 64800 60450 62425
97500 62325 64800 60450 62425
97600 62325 64800 60450 62425
97700 62300 64750 60475 62475
97800 62300 64750 60475 62475
97900 62275 64750 60475 62500
98000 62275 64750 60475 62500
98100 62275 64750 60475 62500
98200 62275 64700 60475 62550
98300 62275 64700 60475 62550
98400 62275 64700 60475 62550
98500 62275 64650 60475 62600
98600 62275 64650 60475 62600
98700 62250 64600 60500 62650
98800 62250 64600 60475 62675
98900 62250 64600 60475 62675
99000 62250 64600 60475 62675
99100 62250 64600 60475 62675
99200 62250 64625 60475 62650
99300 62250 64625 60475 62650
99400 62250 64625 60475 62650
99500 62250 64625 60475 62650
99600 62250 64625 60475 62650
99700 62250 64625 60475 62650
99800 62250 64625 60475 62650
99900 62250 64625 60475 62650
100000 62250 64625 60475 62650
