0 62775 64925 62850 59450
100 62825 64875 62900 59400
200 62825 64875 62925 59375
300 62775 64900 62950 59375
400 62800 64825 62950 59425
500 62825 64850 62925 59400
600 62850 64850 62900 59400
700 62825 64850 62925 59400
800 62850 64900 62900 59350
900 62900 64950 62850 59300
1000 62875 65000 62850 59275
1100 62800 65050 62900 59250
1200 62825 65025 62875 59275
1300 62825 65025 62900 59250
1400 62825 65000 62925 59250
1500 62800 65000 62950 59250
1600 62850 65025 62950 59175
1700 62800 65000 62975 59225
1800 62800 65000 63000 59200
1900 62800 65025 63000 59175
2000 62800 65050 63000 59150
2100 62800 65075 62950 59175
2200 62800 65100 62925 59175
2300 62775 65125 62950 59150
2400 62775 65150 62925 59150
2500 62775 65175 62975 59075
2600 62800 65150 62950 59100
2700 62775 65225 63025 58975
2800 62775 65250 63025 58950
2900 62800 65275 62975 58950
3000 62800 65250 63000 58950
3100 62800 65225 63000 58975
3200 62800 65300 62975 58925
3300 62775 65325 63000 58900
3400 62775 65325 63000 58900
3500 62800 65350 62950 58900
3600 62825 65350 62925 58900
3700 62800 65350 62925 58925
3800 62800 65375 62925 58900
3900 62775 65400 62925 58900
4000 62825 65450 62875 58850
4100 62825 65500 62875 58800
4200 62800 65500 62900 58800
4300 62825 65450 62925 58800
4400 62825 65475 62925 58775
4500 62825 65450 62950 58775
4600 62775 65475 62975 58775
4700 62750 65475 63025 58750
4800 62775 65525 62975 58725
4900 62775 65550 62925 58750
5000 62800 65550 62900 58750
5100 62775 65525 62975 58725
5200 62775 65550 62950 58725
5300 62800 65550 62950 58700
5400 62800 65550 62925 58725
5500 62800 65550 62950 58700
5600 62800 65575 62950 58675
5700 62800 65600 62975 58625
5800 62825 65575 62975 58625
5900 62850 65575 62975 58600
6000 62875 65500 62975 58650
6100 62900 65500 62975 58625
6200 62925 65525 62950 58600
6300 62875 65500 62975 58650
6400 62875 65500 62975 58650
6500 62800 65550 63000 58650
6600 62775 65625 63000 58600
6700 62800 65650 62975 58575
6800 62800 65650 62975 58575
6900 62825 65650 62950 58575
7000 62825 65675 62950 58550
7100 62800 65700 62975 58525
7200 62850 65675 62925 58550
7300 62900 65650 62900 58550
7400 62900 65650 62900 58550
7500 62850 65675 62925 58550
7600 62850 65675 62925 58550
7700 62825 65650 62975 58550
7800 62825 65675 62975 58525
7900 62850 65650 62950 58550
8000 62850 65650 62950 58550
8100 62875 65650 62900 58575
8200 62850 65700 62900 58550
8300 62850 65675 62900 58575
8400 62825 65725 62900 58550
8500 62800 65725 62925 58550
8600 62800 65750 62950 58500
8700 62800 65750 62975 58475
8800 62825 65750 62950 58475
8900 62850 65725 62950 58475
9000 62850 65725 62975 58450
9100 62825 65750 62975 58450
9200 62850 65750 62950 58450
9300 62850 65775 62950 58425
9400 62825 65800 62975 58400
9500 62825 65825 62975 58375
9600 62825 65825 63000 58350
9700 62875 65825 62975 58325
9800 62875 65850 62950 58325
9900 62900 65825 62925 58350
10000 62900 65850 62900 58350
10100 62850 65900 62925 58325
10200 62850 65900 62925 58325
10300 62850 65925 62925 58300
10400 62850 65950 62925 58275
10500 62825 65925 62900 58350
10600 62850 65900 62900 58350
10700 62850 65925 62925 58300
10800 62900 65925 62875 58300
10900 62875 65975 62900 58250
11000 62800 66000 62950 58250
11100 62775 66025 62975 58225
11200 62775 66025 63000 58200
11300 62750 66050 63000 58200
11400 62750 66050 63000 58200
11500 62750 66050 63000 58200
11600 62750 66050 63025 58175
11700 62750 66050 63000 58200
11800 62750 66075 63000 58175
11900 62750 66100 63000 58150
12000 62725 66125 62975 58175
12100 62725 66150 62975 58150
12200 62750 66175 62975 58100
12300 62750 66175 62975 58100
12400 62700 66225 62975 58100
12500 62725 66225 62975 58075
12600 62725 66200 62975 58100
12700 62725 66225 63000 58050
12800 62725 66225 63000 58050
12900 62775 66200 62950 58075
13000 62775 66225 62925 58075
13100 62775 66225 62925 58075
13200 62750 66225 62925 58100
13300 62775 66200 62925 58100
13400 62750 66225 62950 58075
13500 62775 66225 62950 58050
13600 62800 66225 62950 58025
13700 62800 66225 62950 58025
13800 62800 66250 62950 58000
13900 62825 66225 62950 58000
14000 62825 66200 63000 57975
14100 62825 66200 63000 57975
14200 62825 66225 63000 57950
14300 62800 66225 63025 57950
14400 62825 66200 63025 57950
14500 62800 66225 63050 57925
14600 62825 66200 63025 57950
14700 62825 66175 63000 58000
14800 62825 66175 63000 58000
14900 62825 66200 62975 58000
15000 62825 66200 62975 58000
15100 62825 66175 63000 58000
15200 62825 66150 63000 58025
15300 62825 66150 63000 58025
15400 62825 66200 63000 57975
15500 62825 66225 63000 57950
15600 62850 66225 63000 57925
15700 62825 66225 63050 57900
15800 62825 66225 63050 57900
15900 62825 66225 63050 57900
16000 62825 66225 63050 57900
16100 62825 66225 63050 57900
16200 62800 66225 63050 57925
16300 62800 66200 63075 57925
16400 62800 66225 63075 57900
16500 62825 66250 63075 57850
16600 62825 66250 63025 57900
16700 62825 66300 63025 57850
16800 62850 66275 63025 57850
16900 62825 66275 63050 57850
17000 62875 66275 63000 57850
17100 62875 66275 62975 57875
17200 62875 66325 62975 57825
17300 62875 66325 62975 57825
17400 62875 66325 62975 57825
17500 62850 66325 62975 57850
17600 62850 66325 62950 57875
17700 62800 66350 62975 57875
17800 62775 66350 63000 57875
17900 62750 66375 63050 57825
18000 62750 66375 63050 57825
18100 62725 66400 63050 57825
18200 62700 66400 63050 57850
18300 62725 66375 63050 57850
18400 62725 66400 63000 57875
18500 62750 66375 63000 57875
18600 62750 66375 62975 57900
18700 62750 66375 63000 57875
18800 62750 66425 63000 57825
18900 62725 66475 63000 57800
19000 62750 66500 62975 57775
19100 62750 66500 62975 57775
19200 62750 66500 62975 57775
19300 62775 66475 62975 57775
19400 62750 66500 62975 57775
19500 62750 66500 62950 57800
19600 62750 66525 62975 57750
19700 62750 66500 62975 57775
19800 62775 66500 62950 57775
19900 62775 66500 62950 57775
20000 62750 66525 62950 57775
20100 62750 66550 62950 57750
20200 62775 66550 62925 57750
20300 62775 66575 62925 57725
20400 62775 66575 62975 57675
20500 62775 66600 62950 57675
20600 62750 66625 62950 57675
20700 62800 66600 62950 57650
20800 62775 66600 63000 57625
20900 62775 66600 63000 57625
21000 62775 66600 62950 57675
21100 62775 66600 62950 57675
21200 62800 66600 62950 57650
21300 62775 66575 63000 57650
21400 62775 66600 63025 57600
21500 62800 66575 63025 57600
21600 62775 66550 63025 57650
21700 62750 66550 63050 57650
21800 62725 66550 63050 57675
21900 62725 66575 63100 57600
22000 62725 66575 63075 57625
22100 62725 66575 63075 57625
22200 62750 66575 63025 57650
22300 62800 66525 63025 57650
22400 62800 66550 63000 57650
22500 62825 66525 63000 57650
22600 62825 66525 63000 57650
22700 62825 66525 63000 57650
22800 62825 66500 63025 57650
22900 62825 66500 63025 57650
23000 62825 66500 63025 57650
23100 62800 66500 63000 57700
23200 62850 66500 62950 57700
23300 62800 66550 62975 57675
23400 62775 66575 62975 57675
23500 62775 66575 62975 57675
23600 62825 66575 62975 57625
23700 62825 66575 62975 57625
23800 62825 66600 62950 57625
23900 62800 66600 62950 57650
24000 62775 66600 62950 57675
24100 62750 66600 62975 57675
24200 62725 66625 62975 57675
24300 62750 66625 62950 57675
24400 62775 66600 62950 57675
24500 62775 66600 62950 57675
24600 62775 66600 62975 57650
24700 62775 66550 63025 57650
24800 62775 66575 63025 57625
24900 62800 66575 62975 57650
25000 62800 66600 62975 57625
25100 62800 66600 62975 57625
25200 62800 66600 62975 57625
25300 62800 66600 63000 57600
25400 62825 66575 62975 57625
25500 62825 66600 62975 57600
25600 62800 66600 63000 57600
25700 62800 66600 63000 57600
25800 62800 66600 63025 57575
25900 62800 66625 63025 57550
26000 62825 66650 63025 57500
26100 62825 66650 63025 57500
26200 62800 66675 63050 57475
26300 62800 66675 63075 57450
26400 62800 66675 63075 57450
26500 62775 66700 63075 57450
26600 62775 66725 63075 57425
26700 62775 66725 63050 57450
26800 62775 66725 63050 57450
26900 62775 66725 63050 57450
27000 62775 66700 63050 57475
27100 62825 66675 63025 57475
27200 62800 66675 63025 57500
27300 62800 66675 63025 57500
27400 62800 66675 63025 57500
27500 62800 66675 63050 57475
27600 62800 66675 63050 57475
27700 62775 66725 63050 57450
27800 62800 66700 63050 57450
27900 62825 66700 63025 57450
28000 62800 66725 63025 57450
28100 62800 66725 63050 57425
28200 62800 66750 63050 57400
28300 62850 66750 63025 57375
28400 62875 66750 63000 57375
28500 62900 66775 62950 57375
28600 62900 66750 62950 57400
28700 62900 66775 62925 57400
28800 62900 66775 62950 57375
28900 62900 66775 62975 57350
29000 62900 66775 62975 57350
29100 62900 66775 62975 57350
29200 62850 66800 63000 57350
29300 62825 66825 62975 57375
29400 62825 66825 62975 57375
29500 62825 66825 62950 57400
29600 62825 66850 62925 57400
29700 62825 66850 62875 57450
29800 62825 66850 62875 57450
29900 62800 66850 62875 57475
30000 62775 66875 62875 57475
30100 62750 66875 62900 57475
30200 62750 66900 62900 57450
30300 62775 66875 62900 57450
30400 62775 66850 62900 57475
30500 62775 66825 62925 57475
30600 62775 66825 62950 57450
30700 62800 66800 62950 57450
30800 62800 66825 62925 57450
30900 62800 66825 62925 57450
31000 62800 66825 62925 57450
31100 62800 66875 62925 57400
31200 62775 66875 62975 57375
31300 62775 66875 62975 57375
31400 62775 66875 62975 57375
31500 62750 66900 63000 57350
31600 62750 66900 63025 57325
31700 62750 66900 63050 57300
31800 62750 66900 63075 57275
31900 62750 66900 63075 57275
32000 62775 66900 63075 57250
32100 62775 66900 63075 57250
32200 62800 66900 63075 57225
32300 62800 66900 63075 57225
32400 62800 66900 63050 57250
32500 62800 66925 63050 57225
32600 62775 66925 63075 57225
32700 62800 66925 63050 57225
32800 62800 66925 63050 57225
32900 62825 66900 63025 57250
33000 62825 66875 63025 57275
33100 62825 66900 63025 57250
33200 62825 66900 63025 57250
33300 62850 66900 63000 57250
33400 62850 66900 63000 57250
33500 62850 66900 63000 57250
33600 62850 66900 63025 57225
33700 62850 66900 63025 57225
33800 62850 66900 63025 57225
33900 62850 66925 63025 57200
34000 62850 66925 63025 57200
34100 62850 66925 63050 57175
34200 62850 66925 63025 57200
34300 62850 66925 63025 57200
34400 62850 66950 63025 57175
34500 62850 66975 63025 57150
34600 62825 67000 63000 57175
34700 62825 67000 62975 57200
34800 62825 67000 62975 57200
34900 62825 66975 62975 57225
35000 62825 66975 62975 57225
35100 62825 66975 63000 57200
35200 62825 66975 63000 57200
35300 62825 66975 63025 57175
35400 62825 67000 63025 57150
35500 62800 67000 63050 57150
35600 62800 67000 63050 57150
35700 62825 66975 63050 57150
35800 62800 66975 63075 57150
35900 62800 66975 63100 57125
36000 62800 66975 63100 57125
36100 62800 66975 63100 57125
36200 62800 66975 63100 57125
36300 62775 66975 63150 57100
36400 62775 66975 63150 57100
36500 62750 66975 63150 57125
36600 62775 66950 63125 57150
36700 62775 66975 63100 57150
36800 62750 66975 63100 57175
36900 62725 67025 63100 57150
37000 62725 67025 63125 57125
37100 62775 66975 63150 57100
37200 62775 66975 63125 57125
37300 62750 66975 63150 57125
37400 62750 67000 63125 57125
37500 62750 67000 63150 57100
37600 62750 67000 63175 57075
37700 62775 67000 63125 57100
37800 62775 67000 63125 57100
37900 62750 66975 63125 57150
38000 62750 66975 63100 57175
38100 62750 66975 63100 57175
38200 62775 66975 63075 57175
38300 62775 66975 63075 57175
38400 62775 66975 63100 57150
38500 62750 67000 63100 57150
38600 62775 66975 63075 57175
38700 62750 67025 63050 57175
38800 62750 67000 63050 57200
38900 62750 67000 63050 57200
39000 62775 66975 63050 57200
39100 62775 66975 63025 57225
39200 62775 66975 63025 57225
39300 62775 66975 63025 57225
39400 62825 66925 63025 57225
39500 62825 66925 63025 57225
39600 62800 67000 63000 57200
39700 62775 67050 62975 57200
39800 62775 67025 62975 57225
39900 62775 67025 62975 57225
40000 62750 67050 62975 57225
40100 62750 67050 62975 57225
40200 62775 67050 62950 57225
40300 62775 67050 62975 57200
40400 62775 67075 62975 57175
40500 62775 67075 63000 57150
40600 62775 67075 63000 57150
40700 62775 67075 63025 57125
40800 62775 67075 63025 57125
40900 62775 67075 63000 57150
41000 62800 67075 62975 57150
41100 62825 67050 62975 57150
41200 62800 67050 63000 57150
41300 62800 67050 63000 57150
41400 62800 67050 63000 57150
41500 62825 67000 63000 57175
41600 62825 67000 63000 57175
41700 62825 67000 63000 57175
41800 62775 66975 63025 57225
41900 62775 66975 63025 57225
42000 62775 67000 63000 57225
42100 62750 67000 63000 57250
42200 62750 67000 63000 57250
42300 62750 67000 63000 57250
42400 62775 67000 63000 57225
42500 62775 67000 63050 57175
42600 62775 66975 63075 57175
42700 62750 66975 63100 57175
42800 62750 66975 63125 57150
42900 62750 66975 63125 57150
43000 62750 66975 63125 57150
43100 62750 66950 63125 57175
43200 62725 66975 63125 57175
43300 62700 67000 63100 57200
43400 62700 67025 63100 57175
43500 62725 67025 63125 57125
43600 62725 67025 63125 57125
43700 62725 67025 63100 57150
43800 62725 67025 63100 57150
43900 62725 67025 63125 57125
44000 62725 67025 63125 57125
44100 62675 67025 63125 57175
44200 62700 67050 63075 57175
44300 62700 67050 63075 57175
44400 62725 67025 63100 57150
44500 62725 67025 63100 57150
44600 62725 67000 63100 57175
44700 62725 67025 63100 57150
44800 62725 67025 63100 57150
44900 62725 67000 63100 57175
45000 62725 67025 63125 57125
45100 62775 67000 63100 57125
45200 62775 67000 63100 57125
45300 62775 67000 63100 57125
45400 62725 67025 63100 57150
45500 62725 67025 63100 57150
45600 62725 67050 63075 57150
45700 62725 67075 63075 57125
45800 62725 67100 63075 57100
45900 62725 67100 63050 57125
46000 62700 67100 63075 57125
46100 62700 67075 63050 57175
46200 62675 67075 63075 57175
46300 62625 67100 63075 57200
46400 62625 67100 63075 57200
46500 62650 67100 63050 57200
46600 62650 67100 63050 57200
46700 62650 67100 63050 57200
46800 62675 67075 63050 57200
46900 62675 67100 63050 57175
47000 62675 67100 63075 57150
47100 62700 67075 63075 57150
47200 62700 67100 63075 57125
47300 62700 67100 63100 57100
47400 62700 67100 63100 57100
47500 62700 67100 63075 57125
47600 62725 67075 63075 57125
47700 62725 67075 63075 57125
47800 62725 67050 63100 57125
47900 62750 67000 63100 57150
48000 62725 67050 63125 57100
48100 62725 67050 63100 57125
48200 62725 67050 63100 57125
48300 62750 67025 63100 57125
48400 62750 67025 63075 57150
48500 62750 67025 63075 57150
48600 62725 67050 63075 57150
48700 62725 67050 63075 57150
48800 62725 67050 63075 57150
48900 62725 67050 63075 57150
49000 62725 67050 63075 57150
49100 62775 67025 63075 57125
49200 62775 67025 63075 57125
49300 62775 67050 63075 57100
49400 62775 67050 63075 57100
49500 62775 67050 63075 57100
49600 62775 67050 63075 57100
49700 62775 67050 63075 57100
49800 62750 67075 63050 57125
49900 62775 67050 63050 57125
50000 62775 67050 63050 57125
50100 62775 67050 63050 57125
50200 62725 67075 63050 57150
50300 62725 67100 63025 57150
50400 62725 67100 63000 57175
50500 62725 67100 63050 57125
50600 62725 67100 63075 57100
50700 62725 67100 63075 57100
50800 62700 67100 63100 57100
50900 62700 67075 63150 57075
51000 62675 67100 63150 57075
51100 62675 67075 63150 57100
51200 62650 67100 63150 57100
51300 62650 67125 63125 57100
51400 62625 67150 63125 57100
51500 62625 67150 63125 57100
51600 62650 67150 63125 57075
51700 62675 67150 63100 57075
51800 62675 67150 63100 57075
51900 62675 67150 63100 57075
52000 62650 67125 63150 57075
52100 62650 67125 63125 57100
52200 62625 67150 63125 57100
52300 62625 67150 63125 57100
52400 62625 67150 63125 57100
52500 62625 67150 63125 57100
52600 62625 67150 63125 57100
52700 62600 67175 63125 57100
52800 62600 67175 63125 57100
52900 62600 67175 63125 57100
53000 62600 67200 63100 57100
53100 62600 67200 63100 57100
53200 62600 67200 63100 57100
53300 62625 67175 63100 57100
53400 62625 67175 63100 57100
53500 62650 67150 63125 57075
53600 62650 67175 63125 57050
53700 62650 67175 63125 57050
53800 62650 67175 63125 57050
53900 62650 67175 63125 57050
54000 62650 67175 63125 57050
54100 62650 67175 63125 57050
54200 62650 67175 63125 57050
54300 62650 67175 63125 57050
54400 62650 67175 63125 57050
54500 62650 67175 63125 57050
54600 62675 67175 63100 57050
54700 62675 67175 63075 57075
54800 62650 67175 63075 57100
54900 62650 67175 63050 57125
55000 62675 67150 63075 57100
55100 62675 67150 63075 57100
55200 62675 67150 63075 57100
55300 62675 67150 63075 57100
55400 62675 67150 63075 57100
55500 62675 67150 63075 57100
55600 62675 67175 63050 57100
55700 62650 67200 63050 57100
55800 62625 67200 63075 57100
55900 62650 67175 63075 57100
56000 62650 67175 63100 57075
56100 62650 67200 63100 57050
56200 62650 67200 63100 57050
56300 62675 67200 63075 57050
56400 62650 67225 63075 57050
56500 62650 67225 63075 57050
56600 62650 67200 63100 57050
56700 62675 67200 63100 57025
56800 62675 67200 63100 57025
56900 62700 67200 63100 57000
57000 62700 67200 63100 57000
57100 62700 67200 63125 56975
57200 62700 67200 63125 56975
57300 62700 67200 63125 56975
57400 62725 67175 63150 56950
57500 62725 67175 63150 56950
57600 62725 67175 63125 56975
57700 62725 67175 63125 56975
57800 62725 67175 63125 56975
57900 62750 67150 63125 56975
58000 62750 67150 63125 56975
58100 62750 67150 63125 56975
58200 62725 67175 63125 56975
58300 62725 67175 63150 56950
58400 62750 67150 63175 56925
58500 62750 67150 63175 56925
58600 62750 67150 63175 56925
58700 62750 67175 63200 56875
58800 62750 67200 63200 56850
58900 62775 67200 63150 56875
59000 62800 67150 63175 56875
59100 62800 67150 63175 56875
59200 62825 67100 63175 56900
59300 62825 67100 63175 56900
59400 62800 67125 63175 56900
59500 62800 67125 63175 56900
59600 62800 67125 63150 56925
59700 62800 67125 63150 56925
59800 62825 67100 63175 56900
59900 62850 67075 63150 56925
60000 62825 67100 63125 56950
60100 62825 67100 63125 56950
60200 62825 67100 63125 56950
60300 62800 67100 63125 56975
60400 62800 67100 63125 56975
60500 62800 67100 63125 56975
60600 62800 67100 63125 56975
60700 62825 67100 63100 56975
60800 62825 67100 63100 56975
60900 62825 67075 63150 56950
61000 62825 67075 63150 56950
61100 62825 67075 63125 56975
61200 62800 67075 63125 57000
61300 62800 67075 63125 57000
61400 62775 67075 63150 57000
61500 62775 67075 63150 57000
61600 62725 67125 63175 56975
61700 62725 67125 63175 56975
61800 62700 67125 63150 57025
61900 62750 67125 63125 57000
62000 62750 67125 63125 57000
62100 62750 67125 63125 57000
62200 62750 67125 63125 57000
62300 62750 67125 63125 57000
62400 62725 67150 63125 57000
62500 62750 67150 63100 57000
62600 62750 67150 63100 57000
62700 62750 67150 63100 57000
62800 62775 67125 63075 57025
62900 62775 67100 63100 57025
63000 62800 67100 63050 57050
63100 62800 67100 63050 57050
63200 62775 67125 63050 57050
63300 62750 67150 63050 57050
63400 62750 67150 63050 57050
63500 62750 67150 63050 57050
63600 62750 67150 63025 57075
63700 62725 67175 63000 57100
63800 62725 67175 62975 57125
63900 62725 67150 62975 57150
64000 62725 67150 63000 57125
64100 62725 67150 63000 57125
64200 62725 67200 62975 57100
64300 62725 67200 62975 57100
64400 62725 67200 62975 57100
64500 62725 67200 62975 57100
64600 62725 67200 62975 57100
64700 62725 67200 62975 57100
64800 62725 67200 62975 57100
64900 62725 67200 62975 57100
65000 62725 67200 62975 57100
65100 62725 67200 63000 57075
65200 62700 67200 63000 57100
65300 62700 67200 63000 57100
65400 62700 67200 63000 57100
65500 62700 67200 63000 57100
65600 62700 67200 63000 57100
65700 62700 67225 62975 57100
65800 62700 67225 62975 57100
65900 62700 67225 62975 57100
66000 62700 67225 62975 57100
66100 62700 67225 63000 57075
66200 62700 67225 63000 57075
66300 62700 67225 63000 57075
66400 62675 67225 63025 57075
66500 62675 67225 63025 57075
66600 62675 67250 63025 57050
66700 62675 67250 63050 57025
66800 62675 67250 63050 57025
66900 62675 67250 63050 57025
67000 62675 67250 63075 57000
67100 62700 67250 63050 57000
67200 62700 67250 63050 57000
67300 62700 67250 63050 57000
67400 62725 67225 63075 56975
67500 62725 67225 63075 56975
67600 62700 67250 63075 56975
67700 62750 67250 63050 56950
67800 62750 67250 63075 56925
67900 62750 67275 63050 56925
68000 62750 67275 63050 56925
68100 62750 67300 63050 56900
68200 62750 67300 63050 56900
68300 62750 67300 63050 56900
68400 62750 67300 63075 56875
68500 62750 67325 63050 56875
68600 62775 67275 63025 56925
68700 62775 67275 63050 56900
68800 62775 67275 63050 56900
68900 62775 67275 63050 56900
69000 62775 67275 63050 56900
69100 62775 67275 63050 56900
69200 62775 67275 63050 56900
69300 62775 67275 63050 56900
69400 62750 67300 63050 56900
69500 62750 67300 63050 56900
69600 62750 67300 63050 56900
69700 62750 67300 63050 56900
69800 62750 67325 63025 56900
69900 62750 67300 63025 56925
70000 62750 67300 63025 56925
70100 62750 67300 63025 56925
70200 62750 67300 63025 56925
70300 62750 67325 63000 56925
70400 62750 67350 63000 56900
70500 62750 67350 63000 56900
70600 62775 67325 63025 56875
70700 62750 67325 63050 56875
70800 62750 67325 63050 56875
70900 62750 67325 63050 56875
71000 62750 67325 63025 56900
71100 62750 67325 63025 56900
71200 62725 67350 63025 56900
71300 62725 67350 63025 56900
71400 62725 67350 63025 56900
71500 62750 67325 63025 56900
71600 62750 67325 63025 56900
71700 62750 67325 63025 56900
71800 62750 67350 63025 56875
71900 62775 67325 63025 56875
72000 62775 67325 63050 56850
72100 62775 67325 63050 56850
72200 62800 67325 63025 56850
72300 62800 67325 63025 56850
72400 62825 67300 63025 56850
72500 62850 67275 63025 56850
72600 62850 67275 63025 56850
72700 62850 67250 63025 56875
72800 62825 67250 63025 56900
72900 62825 67250 63025 56900
73000 62825 67250 63025 56900
73100 62825 67275 63025 56875
73200 62825 67275 63025 56875
73300 62825 67275 63025 56875
73400 62825 67275 63050 56850
73500 62825 67275 63050 56850
73600 62850 67250 63050 56850
73700 62850 67250 63050 56850
73800 62850 67250 63025 56875
73900 62850 67250 63025 56875
74000 62850 67250 63000 56900
74100 62825 67275 63025 56875
74200 62825 67325 63025 56825
74300 62800 67325 63050 56825
74400 62800 67325 63050 56825
74500 62775 67325 63075 56825
74600 62750 67325 63075 56850
74700 62750 67325 63075 56850
74800 62750 67325 63075 56850
74900 62750 67325 63075 56850
75000 62725 67325 63100 56850
75100 62725 67325 63100 56850
75200 62700 67375 63100 56825
75300 62700 67375 63100 56825
75400 62700 67375 63100 56825
75500 62700 67375 63100 56825
75600 62700 67375 63100 56825
75700 62700 67375 63125 56800
75800 62700 67375 63125 56800
75900 62700 67375 63125 56800
76000 62700 67375 63125 56800
76100 62700 67350 63100 56850
76200 62725 67375 63100 56800
76300 62725 67400 63075 56800
76400 62725 67400 63075 56800
76500 62725 67400 63075 56800
76600 62750 67400 63050 56800
76700 62750 67400 63050 56800
76800 62750 67400 63050 56800
76900 62750 67400 63050 56800
77000 62750 67400 63050 56800
77100 62725 67425 63075 56775
77200 62725 67450 63075 56750
77300 62725 67450 63100 56725
77400 62725 67450 63100 56725
77500 62700 67450 63125 56725
77600 62725 67425 63125 56725
77700 62725 67475 63100 56700
77800 62700 67500 63075 56725
77900 62700 67500 63075 56725
78000 62700 67500 63075 56725
78100 62675 67550 63075 56700
78200 62675 67575 63125 56625
78300 62675 67575 63150 56600
78400 62675 67575 63150 56600
78500 62675 67575 63150 56600
78600 62625 67600 63175 56600
78700 62600 67625 63175 56600
78800 62600 67600 63175 56625
78900 62600 67600 63175 56625
79000 62600 67600 63125 56675
79100 62625 67600 63125 56650
79200 62625 67600 63125 56650
79300 62625 67625 63125 56625
79400 62625 67625 63100 56650
79500 62625 67625 63075 56675
79600 62625 67625 63075 56675
79700 62625 67625 63075 56675
79800 62625 67625 63050 56700
79900 62650 67600 63050 56700
80000 62650 67600 63050 56700
80100 62650 67600 63050 56700
80200 62625 67625 63050 56700
80300 62650 67600 63050 56700
80400 62625 67625 63075 56675
80500 62625 67625 63075 56675
80600 62625 67625 63075 56675
80700 62625 67625 63075 56675
80800 62650 67625 63050 56675
80900 62675 67575 63050 56700
81000 62675 67575 63050 56700
81100 62675 67575 63050 56700
81200 62675 67575 63050 56700
81300 62675 67575 63050 56700
81400 62675 67575 63050 56700
81500 62675 67575 63050 56700
81600 62675 67575 63050 56700
81700 62675 67575 63075 56675
81800 62675 67575 63075 56675
81900 62675 67575 63075 56675
82000 62650 67600 63075 56675
82100 62650 67600 63075 56675
82200 62650 67600 63075 56675
82300 62650 67600 63075 56675
82400 62650 67625 63050 56675
82500 62650 67600 63075 56675
82600 62650 67575 63075 56700
82700 62650 67575 63075 56700
82800 62675 67550 63075 56700
82900 62700 67550 63050 56700
83000 62700 67550 63050 56700
83100 62700 67575 63050 56675
83200 62700 67575 63050 56675
83300 62650 67575 63075 56700
83400 62625 67575 63100 56700
83500 62650 67550 63075 56725
83600 62650 67550 63075 56725
83700 62650 67550 63075 56725
83800 62650 67550 63075 56725
83900 62650 67550 63075 56725
84000 62650 67550 63075 56725
84100 62650 67525 63075 56750
84200 62675 67525 63050 56750
84300 62675 67525 63050 56750
84400 62675 67525 63050 56750
84500 62650 67550 63050 56750
84600 62675 67550 63025 56750
84700 62675 67550 63025 56750
84800 62675 67550 63050 56725
84900 62675 67550 63050 56725
85000 62675 67550 63050 56725
85100 62675 67550 63050 56725
85200 62700 67525 63050 56725
85300 62725 67500 63050 56725
85400 62725 67475 63050 56750
85500 62750 67450 63050 56750
85600 62750 67450 63050 56750
85700 62750 67450 63050 56750
85800 62750 67475 63075 56700
85900 62750 67475 63075 56700
86000 62750 67475 63075 56700
86100 62750 67475 63075 56700
86200 62750 67475 63075 56700
86300 62750 67475 63075 56700
86400 62750 67475 63075 56700
86500 62750 67475 63075 56700
86600 62725 67450 63075 56750
86700 62725 67450 63100 56725
86800 62775 67400 63100 56725
86900 62775 67400 63100 56725
87000 62775 67400 63100 56725
87100 62775 67400 63100 56725
87200 62775 67400 63100 56725
87300 62775 67425 63100 56700
87400 62775 67425 63100 56700
87500 62825 67375 63075 56725
87600 62825 67375 63075 56725
87700 62825 67350 63075 56750
87800 62825 67350 63075 56750
87900 62825 67350 63075 56750
88000 62850 67350 63050 56750
88100 62825 67375 63050 56750
88200 62800 67400 63050 56750
88300 62800 67375 63075 56750
88400 62775 67375 63100 56750
88500 62775 67375 63100 56750
88600 62750 67425 63100 56725
88700 62750 67425 63100 56725
88800 62750 67400 63100 56750
88900 62750 67400 63100 56750
89000 62750 67400 63100 56750
89100 62750 67400 63125 56725
89200 62750 67400 63125 56725
89300 62750 67400 63125 56725
89400 62750 67400 63125 56725
89500 62750 67400 63125 56725
89600 62775 67375 63125 56725
89700 62775 67375 63125 56725
89800 62775 67375 63125 56725
89900 62775 67375 63125 56725
90000 62800 67325 63125 56750
90100 62800 67325 63150 56725
90200 62800 67325 63150 56725
90300 62800 67325 63150 56725
90400 62800 67325 63175 56700
90500 62800 67325 63175 56700
90600 62800 67325 63175 56700
90700 62800 67325 63175 56700
90800 62800 67325 63175 56700
90900 62800 67325 63200 56675
91000 62825 67325 63200 56650
91100 62800 67350 63200 56650
91200 62825 67300 63175 56700
91300 62825 67275 63200 56700
91400 62825 67275 63200 56700
91500 62825 67275 63200 56700
91600 62825 67300 63175 56700
91700 62825 67325 63200 56650
91800 62825 67325 63200 56650
91900 62825 67325 63200 56650
92000 62825 67325 63200 56650
92100 62825 67325 63200 56650
92200 62825 67325 63200 56650
92300 62825 67325 63200 56650
92400 62825 67325 63200 56650
92500 62825 67325 63200 56650
92600 62825 67325 63200 56650
92700 62825 67325 63200 56650
92800 62825 67300 63175 56700
92900 62825 67275 63200 56700
93000 62800 67275 63225 56700
93100 62800 67275 63225 56700
93200 62800 67300 63200 56700
93300 62800 67275 63225 56700
93400 62775 67300 63225 56700
93500 62800 67275 63225 56700
93600 62825 67275 63200 56700
93700 62825 67275 63200 56700
93800 62825 67275 63200 56700
93900 62775 67275 63200 56750
94000 62775 67275 63200 56750
94100 62775 67275 63200 56750
94200 62775 67275 63200 56750
94300 62775 67275 63200 56750
94400 62775 67275 63175 56775
94500 62750 67300 63175 56775
94600 62750 67300 63175 56775
94700 62750 67300 63175 56775
94800 62750 67300 63175 56775
94900 62750 67300 63175 56775
95000 62750 67300 63175 56775
95100 62750 67325 63175 56750
95200 62750 67325 63175 56750
95300 62725 67350 63175 56750
95400 62725 67350 63175 56750
95500 62725 67350 63175 56750
95600 62725 67350 63175 56750
95700 62725 67350 63175 56750
95800 62725 67350 63200 56725
95900 62750 67350 63175 56725
96000 62750 67350 63175 56725
96100 62750 67350 63175 56725
96200 62750 67350 63175 56725
96300 62750 67350 63175 56725
96400 62725 67375 63175 56725
96500 62725 67375 63175 56725
96600 62750 67350 63175 56725
96700 62750 67350 63175 56725
96800 62725 67375 63175 56725
96900 62725 67375 63175 56725
97000 62700 67400 63175 56725
97100 62700 67400 63175 56725
97200 62700 67400 63150 56750
97300 62700 67400 63150 56750
97400 62725 67400 63125 56750
97500 62725 67400 63125 56750
97600 62725 67400 63125 56750
97700 62725 67400 63125 56750
97800 62725 67400 63125 56750
97900 62725 67400 63125 56750
98000 62750 67400 63100 56750
98100 62750 67400 63100 56750
98200 62750 67400 63100 56750
98300 62750 67400 63100 56750
98400 62725 67400 63125 56750
98500 62725 67400 63125 56750
98600 62700 67400 63125 56775
98700 62700 67400 63125 56775
98800 62700 67425 63125 56750
98900 62700 67425 63125 56750
99000 62700 67425 63125 56750
99100 62700 67400 63150 56750
99200 62700 67400 63150 56750
99300 62700 67400 63175 56725
99400 62700 67400 63175 56725
99500 62700 67400 63150 56750
99600 62700 67400 63150 56750
99700 62700 67400 63150 56750
99800 62700 67425 63125 56750
99900 62700 67425 63125 56750
100000 62725 67425 63100 56750
