0 64175 63325 61650 60850
100 64200 63350 61650 60800
200 64275 63350 61675 60700
300 64250 63375 61675 60700
400 64325 63325 61650 60700
500 64300 63375 61650 60675
600 64325 63375 61650 60650
700 64350 63375 61650 60625
800 64350 63375 61650 60625
900 64300 63400 61675 60625
1000 64325 63425 61700 60550
1100 64275 63450 61725 60550
1200 64350 63425 61700 60525
1300 64375 63400 61700 60525
1400 64425 63375 61675 60525
1500 64425 63400 61675 60500
1600 64450 63400 61650 60500
1700 64450 63400 61650 60500
1800 64450 63400 61675 60475
1900 64425 63425 61675 60475
2000 64425 63425 61700 60450
2100 64425 63450 61700 60425
2200 64450 63425 61675 60450
2300 64425 63425 61675 60475
2400 64450 63400 61675 60475
2500 64475 63400 61675 60450
2600 64500 63375 61675 60450
2700 64500 63375 61725 60400
2800 64525 63375 61700 60400
2900 64475 63425 61700 60400
3000 64450 63425 61700 60425
3100 64475 63425 61700 60400
3200 64450 63425 61725 60400
3300 64550 63375 61700 60375
3400 64550 63400 61725 60325
3500 64550 63400 61725 60325
3600 64500 63425 61725 60350
3700 64525 63400 61700 60375
3800 64525 63400 61700 60375
3900 64525 63400 61675 60400
4000 64475 63425 61700 60400
4100 64500 63425 61700 60375
4200 64500 63425 61700 60375
4300 64550 63425 61750 60275
4400 64550 63450 61750 60250
4500 64550 63450 61750 60250
4600 64575 63425 61725 60275
4700 64600 63400 61700 60300
4800 64600 63400 61700 60300
4900 64575 63400 61700 60325
5000 64575 63400 61725 60300
5100 64575 63400 61725 60300
5200 64550 63400 61725 60325
5300 64550 63425 61750 60275
5400 64550 63450 61750 60250
5500 64525 63475 61750 60250
5600 64550 63450 61700 60300
5700 64525 63450 61725 60300
5800 64525 63450 61750 60275
5900 64575 63425 61750 60250
6000 64575 63425 61725 60275
6100 64600 63400 61700 60300
6200 64625 63375 61700 60300
6300 64600 63400 61675 60325
6400 64575 63425 61675 60325
6500 64575 63425 61700 60300
6600 64575 63425 61700 60300
6700 64550 63450 61725 60275
6800 64575 63450 61750 60225
6900 64600 63425 61750 60225
7000 64575 63450 61750 60225
7100 64550 63450 61775 60225
7200 64550 63450 61775 60225
7300 64575 63450 61775 60200
7400 64575 63450 61775 60200
7500 64600 63425 61750 60225
7600 64575 63450 61775 60200
7700 64575 63450 61775 60200
7800 64625 63425 61800 60150
7900 64625 63425 61725 60225
8000 64625 63425 61725 60225
8100 64625 63450 61750 60175
8200 64600 63475 61750 60175
8300 64600 63475 61775 60150
8400 64600 63475 61750 60175
8500 64575 63475 61750 60200
8600 64550 63500 61725 60225
8700 64525 63525 61725 60225
8800 64550 63525 61725 60200
8900 64550 63550 61750 60150
9000 64500 63550 61750 60200
9100 64525 63550 61750 60175
9200 64525 63550 61750 60175
9300 64525 63575 61750 60150
9400 64525 63575 61750 60150
9500 64550 63575 61750 60125
9600 64550 63550 61775 60125
9700 64575 63550 61750 60125
9800 64575 63550 61725 60150
9900 64575 63525 61725 60175
10000 64575 63550 61750 60125
10100 64575 63550 61750 60125
10200 64600 63550 61725 60125
10300 64600 63550 61725 60125
10400 64625 63525 61725 60125
10500 64625 63525 61725 60125
10600 64625 63525 61725 60125
10700 64600 63550 61750 60100
10800 64600 63525 61775 60100
10900 64625 63525 61750 60100
11000 64625 63525 61725 60125
11100 64625 63525 61750 60100
11200 64625 63525 61750 60100
11300 64650 63525 61750 60075
11400 64650 63525 61750 60075
11500 64650 63525 61750 60075
11600 64650 63525 61750 60075
11700 64650 63525 61750 60075
11800 64625 63525 61750 60100
11900 64625 63525 61775 60075
12000 64625 63525 61775 60075
12100 64600 63550 61775 60075
12200 64600 63525 61800 60075
12300 64575 63550 61775 60100
12400 64600 63525 61775 60100
12500 64600 63525 61775 60100
12600 64625 63525 61775 60075
12700 64625 63525 61775 60075
12800 64650 63500 61750 60100
12900 64675 63475 61750 60100
13000 64650 63500 61750 60100
13100 64650 63500 61750 60100
13200 64650 63500 61750 60100
13300 64650 63500 61750 60100
13400 64650 63500 61775 60075
13500 64675 63500 61775 60050
13600 64675 63500 61775 60050
13700 64675 63500 61750 60075
13800 64675 63500 61750 60075
13900 64675 63475 61750 60100
14000 64675 63500 61725 60100
14100 64675 63500 61725 60100
14200 64700 63475 61725 60100
14300 64700 63475 61725 60100
14400 64700 63475 61700 60125
14500 64700 63500 61675 60125
14600 64650 63525 61675 60150
14700 64650 63525 61675 60150
14800 64650 63525 61675 60150
14900 64625 63550 61675 60150
15000 64625 63525 61725 60125
15100 64650 63500 61725 60125
15200 64650 63500 61725 60125
15300 64675 63500 61725 60100
15400 64700 63475 61725 60100
15500 64725 63450 61750 60075
15600 64725 63425 61775 60075
15700 64725 63450 61750 60075
15800 64725 63450 61750 60075
15900 64725 63475 61725 60075
16000 64700 63475 61750 60075
16100 64700 63500 61700 60100
16200 64700 63500 61725 60075
16300 64725 63475 61725 60075
16400 64725 63450 61750 60075
16500 64700 63475 61750 60075
16600 64700 63475 61750 60075
16700 64700 63475 61750 60075
16800 64700 63475 61750 60075
16900 64700 63500 61750 60050
17000 64700 63500 61750 60050
17100 64700 63500 61750 60050
17200 64675 63525 61775 60025
17300 64675 63525 61775 60025
17400 64675 63500 61800 60025
17500 64675 63525 61775 60025
17600 64675 63550 61725 60050
17700 64675 63550 61725 60050
17800 64675 63550 61725 60050
17900 64675 63575 61700 60050
18000 64675 63550 61725 60050
18100 64675 63550 61725 60050
18200 64675 63525 61750 60050
18300 64700 63525 61725 60050
18400 64675 63550 61725 60050
18500 64675 63550 61725 60050
18600 64650 63575 61725 60050
18700 64675 63550 61725 60050
18800 64675 63550 61725 60050
18900 64675 63525 61750 60050
19000 64675 63525 61750 60050
19100 64700 63525 61775 60000
19200 64700 63525 61775 60000
19300 64700 63525 61775 60000
19400 64700 63525 61775 60000
19500 64700 63525 61775 60000
19600 64700 63525 61775 60000
19700 64700 63525 61775 60000
19800 64700 63525 61800 59975
19900 64700 63525 61800 59975
20000 64675 63525 61775 60025
20100 64650 63550 61775 60025
20200 64650 63550 61775 60025
20300 64625 63550 61775 60050
20400 64625 63550 61775 60050
20500 64650 63525 61775 60050
20600 64650 63550 61750 60050
20700 64650 63525 61775 60050
20800 64650 63500 61800 60050
20900 64625 63525 61800 60050
21000 64625 63525 61800 60050
21100 64625 63525 61800 60050
21200 64625 63550 61775 60050
21300 64625 63550 61775 60050
21400 64625 63550 61775 60050
21500 64625 63550 61775 60050
21600 64625 63550 61775 60050
21700 64625 63550 61775 60050
21800 64625 63550 61775 60050
21900 64625 63550 61775 60050
22000 64625 63550 61775 60050
22100 64625 63550 61750 60075
22200 64625 63550 61750 60075
22300 64625 63550 61750 60075
22400 64625 63550 61750 60075
22500 64625 63550 61750 60075
22600 64650 63550 61750 60050
22700 64650 63550 61750 60050
22800 64650 63550 61750 60050
22900 64650 63550 61750 60050
23000 64650 63550 61750 60050
23100 64675 63525 61750 60050
23200 64675 63525 61750 60050
23300 64700 63500 61725 60075
23400 64700 63500 61725 60075
23500 64700 63500 61725 60075
23600 64700 63500 61725 60075
23700 64700 63500 61725 60075
23800 64700 63500 61725 60075
23900 64700 63500 61725 60075
24000 64700 63500 61725 60075
24100 64700 63500 61750 60050
24200 64700 63500 61750 60050
24300 64700 63475 61775 60050
24400 64700 63475 61775 60050
24500 64700 63475 61775 60050
24600 64700 63450 61800 60050
24700 64700 63450 61800 60050
24800 64700 63450 61800 60050
24900 64700 63450 61800 60050
25000 64700 63450 61800 60050
25100 64675 63475 61825 60025
25200 64675 63475 61825 60025
25300 64675 63500 61800 60025
25400 64675 63500 61800 60025
25500 64675 63500 61800 60025
25600 64675 63500 61800 60025
25700 64675 63525 61775 60025
25800 64675 63525 61775 60025
25900 64675 63525 61775 60025
26000 64675 63525 61775 60025
26100 64675 63525 61775 60025
26200 64675 63525 61775 60025
26300 64675 63525 61775 60025
26400 64675 63525 61775 60025
26500 64675 63525 61775 60025
26600 64675 63525 61775 60025
26700 64675 63525 61775 60025
26800 64675 63525 61775 60025
26900 64675 63525 61775 60025
27000 64675 63525 61775 60025
27100 64675 63525 61775 60025
27200 64700 63500 61775 60025
27300 64700 63500 61775 60025
27400 64700 63500 61775 60025
27500 64700 63500 61775 60025
27600 64700 63500 61775 60025
27700 64700 63500 61775 60025
27800 64700 63500 61775 60025
27900 64700 63500 61775 60025
28000 64700 63500 61775 60025
28100 64700 63500 61775 60025
28200 64675 63500 61800 60025
28300 64675 63500 61800 60025
28400 64675 63500 61800 60025
28500 64675 63500 61800 60025
28600 64675 63500 61800 60025
28700 64675 63500 61800 60025
28800 64675 63500 61800 60025
28900 64675 63500 61800 60025
29000 64675 63500 61800 60025
29100 64675 63500 61775 60050
29200 64675 63500 61750 60075
29300 64675 63500 61750 60075
29400 64675 63500 61750 60075
29500 64650 63525 61750 60075
29600 64650 63525 61750 60075
29700 64650 63525 61750 60075
29800 64650 63525 61750 60075
29900 64650 63525 61750 60075
30000 64650 63525 61750 60075
30100 64650 63525 61750 60075
30200 64650 63525 61750 60075
30300 64650 63525 61750 60075
30400 64650 63525 61750 60075
30500 64650 63550 61725 60075
30600 64675 63525 61725 60075
30700 64675 63525 61725 60075
30800 64675 63525 61725 60075
30900 64675 63525 61725 60075
31000 64675 63525 61725 60075
31100 64675 63525 61725 60075
31200 64675 63525 61725 60075
31300 64675 63525 61725 60075
31400 64675 63525 61725 60075
31500 64675 63525 61725 60075
31600 64650 63550 61725 60075
31700 64650 63550 61725 60075
31800 64650 63550 61725 60075
31900 64650 63550 61725 60075
32000 64650 63550 61725 60075
32100 64650 63550 61725 60075
32200 64650 63550 61725 60075
32300 64650 63550 61725 60075
32400 64650 63550 61725 60075
32500 64650 63550 61725 60075
32600 64650 63550 61725 60075
32700 64650 63550 61725 60075
32800 64650 63550 61725 60075
32900 64650 63550 61725 60075
33000 64650 63550 61725 60075
33100 64650 63550 61725 60075
33200 64650 63525 61750 60075
33300 64650 63525 61750 60075
33400 64650 63525 61750 60075
33500 64650 63525 61750 60075
33600 64650 63525 61750 60075
33700 64650 63525 61750 60075
33800 64650 63525 61750 60075
33900 64650 63525 61750 60075
34000 64650 63525 61750 60075
34100 64650 63525 61750 60075
34200 64650 63525 61725 60100
34300 64650 63525 61725 60100
34400 64650 63525 61725 60100
34500 64650 63525 61725 60100
34600 64650 63525 61725 60100
34700 64650 63525 61725 60100
34800 64650 63525 61725 60100
34900 64650 63525 61725 60100
35000 64650 63525 61725 60100
35100 64650 63525 61725 60100
35200 64650 63525 61725 60100
35300 64650 63525 61725 60100
35400 64650 63550 61700 60100
35500 64650 63550 61700 60100
35600 64650 63550 61700 60100
35700 64650 63550 61700 60100
35800 64650 63550 61700 60100
35900 64675 63525 61700 60100
36000 64675 63525 61700 60100
36100 64675 63525 61700 60100
36200 64675 63525 61700 60100
36300 64675 63525 61700 60100
36400 64675 63525 61700 60100
36500 64675 63525 61700 60100
36600 64675 63525 61700 60100
36700 64675 63525 61700 60100
36800 64675 63525 61700 60100
36900 64675 63525 61700 60100
37000 64650 63550 61700 60100
37100 64650 63550 61700 60100
37200 64650 63550 61700 60100
37300 64650 63550 61700 60100
37400 64650 63550 61700 60100
37500 64650 63550 61700 60100
37600 64650 63550 61700 60100
37700 64650 63550 61700 60100
37800 64650 63550 61700 60100
37900 64625 63550 61700 60125
38000 64625 63550 61700 60125
38100 64625 63550 61700 60125
38200 64625 63550 61700 60125
38300 64625 63550 61700 60125
38400 64650 63525 61700 60125
38500 64650 63525 61700 60125
38600 64650 63550 61675 60125
38700 64650 63550 61675 60125
38800 64650 63550 61675 60125
38900 64650 63550 61700 60100
39000 64650 63550 61700 60100
39100 64650 63550 61700 60100
39200 64650 63550 61700 60100
39300 64650 63550 61700 60100
39400 64650 63550 61700 60100
39500 64650 63550 61700 60100
39600 64650 63550 61700 60100
39700 64650 63550 61675 60125
39800 64650 63550 61675 60125
39900 64650 63550 61650 60150
40000 64650 63550 61650 60150
40100 64650 63550 61650 60150
40200 64650 63550 61650 60150
40300 64650 63550 61650 60150
40400 64650 63550 61650 60150
40500 64650 63550 61650 60150
40600 64650 63550 61650 60150
40700 64650 63550 61650 60150
40800 64650 63550 61650 60150
40900 64650 63550 61650 60150
41000 64650 63550 61650 60150
41100 64650 63550 61650 60150
41200 64650 63550 61650 60150
41300 64650 63550 61650 60150
41400 64650 63550 61650 60150
41500 64650 63550 61650 60150
41600 64650 63550 61650 60150
41700 64650 63550 61650 60150
41800 64650 63550 61650 60150
41900 64650 63550 61650 60150
42000 64650 63550 61650 60150
42100 64650 63550 61650 60150
42200 64650 63550 61650 60150
42300 64650 63550 61650 60150
42400 64650 63550 61650 60150
42500 64650 63550 61650 60150
42600 64650 63550 61650 60150
42700 64650 63550 61650 60150
42800 64650 63550 61650 60150
42900 64675 63550 61650 60125
43000 64675 63550 61650 60125
43100 64675 63550 61650 60125
43200 64675 63550 61650 60125
43300 64675 63550 61650 60125
43400 64675 63550 61650 60125
43500 64675 63550 61650 60125
43600 64675 63550 61650 60125
43700 64675 63550 61650 60125
43800 64675 63550 61650 60125
43900 64675 63525 61675 60125
44000 64675 63525 61675 60125
44100 64675 63525 61675 60125
44200 64675 63525 61675 60125
44300 64675 63525 61675 60125
44400 64675 63525 61675 60125
44500 64675 63525 61675 60125
44600 64675 63525 61675 60125
44700 64675 63525 61675 60125
44800 64675 63525 61675 60125
44900 64675 63525 61675 60125
45000 64675 63525 61675 60125
45100 64675 63525 61675 60125
45200 64675 63525 61675 60125
45300 64675 63525 61675 60125
45400 64675 63525 61675 60125
45500 64675 63525 61675 60125
45600 64675 63525 61675 60125
45700 64675 63525 61675 60125
45800 64675 63525 61675 60125
45900 64675 63525 61675 60125
46000 64675 63525 61675 60125
46100 64675 63525 61675 60125
46200 64675 63525 61675 60125
46300 64675 63525 61675 60125
46400 64675 63525 61675 60125
46500 64675 63525 61700 60100
46600 64675 63525 61700 60100
46700 64675 63550 61675 60100
46800 64675 63550 61675 60100
46900 64675 63550 61675 60100
47000 64675 63550 61675 60100
47100 64675 63550 61675 60100
47200 64675 63550 61675 60100
47300 64675 63550 61675 60100
47400 64700 63525 61675 60100
47500 64700 63525 61675 60100
47600 64700 63525 61675 60100
47700 64700 63525 61675 60100
47800 64700 63525 61675 60100
47900 64700 63525 61675 60100
48000 64700 63525 61675 60100
48100 64700 63525 61675 60100
48200 64700 63525 61675 60100
48300 64700 63525 61675 60100
48400 64700 63525 61675 60100
48500 64700 63525 61675 60100
48600 64700 63525 61675 60100
48700 64700 63525 61675 60100
48800 64700 63525 61675 60100
48900 64700 63525 61675 60100
49000 64700 63525 61675 60100
49100 64700 63525 61675 60100
49200 64700 63525 61675 60100
49300 64700 63525 61675 60100
49400 64700 63525 61675 60100
49500 64700 63525 61675 60100
49600 64700 63525 61675 60100
49700 64700 63525 61675 60100
49800 64700 63525 61675 60100
49900 64675 63525 61675 60125
50000 64675 63525 61675 60125
50100 64675 63525 61675 60125
50200 64675 63525 61675 60125
50300 64675 63525 61675 60125
50400 64675 63525 61675 60125
50500 64675 63525 61675 60125
50600 64675 63525 61675 60125
50700 64675 63525 61675 60125
50800 64675 63525 61675 60125
50900 64675 63525 61675 60125
51000 64675 63525 61675 60125
51100 64675 63525 61675 60125
51200 64675 63525 61675 60125
51300 64700 63500 61675 60125
51400 64700 63500 61675 60125
51500 64700 63500 61675 60125
51600 64700 63500 61675 60125
51700 64700 63500 61675 60125
51800 64700 63500 61675 60125
51900 64700 63500 61675 60125
52000 64700 63500 61675 60125
52100 64700 63500 61675 60125
52200 64700 63500 61675 60125
52300 64700 63500 61675 60125
52400 64700 63500 61675 60125
52500 64700 63500 61675 60125
52600 64700 63500 61675 60125
52700 64700 63500 61675 60125
52800 64700 63500 61675 60125
52900 64700 63500 61675 60125
53000 64700 63500 61675 60125
53100 64700 63500 61675 60125
53200 64700 63500 61675 60125
53300 64700 63500 61675 60125
53400 64700 63500 61675 60125
53500 64700 63500 61675 60125
53600 64700 63500 61675 60125
53700 64700 63500 61675 60125
53800 64700 63500 61675 60125
53900 64700 63500 61675 60125
54000 64700 63500 61675 60125
54100 64700 63500 61675 60125
54200 64700 63500 61675 60125
54300 64700 63500 61675 60125
54400 64700 63500 61675 60125
54500 64700 63500 61675 60125
54600 64700 63500 61675 60125
54700 64700 63500 61675 60125
54800 64700 63500 61675 60125
54900 64700 63500 61675 60125
55000 64700 63500 61675 60125
55100 64700 63500 61675 60125
55200 64700 63500 61675 60125
55300 64700 63500 61675 60125
55400 64700 63500 61675 60125
55500 64700 63500 61675 60125
55600 64700 63500 61675 60125
55700 64700 63500 61675 60125
55800 64700 63500 61675 60125
55900 64700 63500 61675 60125
56000 64700 63500 61675 60125
56100 64700 63500 61675 60125
56200 64700 63500 61675 60125
56300 64700 63500 61675 60125
56400 64700 63500 61675 60125
56500 64700 63500 61675 60125
56600 64700 63500 61675 60125
56700 64700 63500 61675 60125
56800 64700 63500 61675 60125
56900 64700 63500 61675 60125
57000 64700 63500 61650 60150
57100 64700 63500 61650 60150
57200 64700 63500 61650 60150
57300 64700 63500 61650 60150
57400 64700 63500 61650 60150
57500 64700 63500 61650 60150
57600 64700 63500 61650 60150
57700 64700 63475 61675 60150
57800 64700 63475 61675 60150
57900 64700 63475 61675 60150
58000 64700 63475 61675 60150
58100 64700 63475 61675 60150
58200 64700 63475 61675 60150
58300 64700 63475 61675 60150
58400 64700 63475 61675 60150
58500 64700 63475 61675 60150
58600 64700 63475 61675 60150
58700 64700 63475 61675 60150
58800 64700 63475 61675 60150
58900 64700 63475 61675 60150
59000 64700 63475 61675 60150
59100 64700 63475 61675 60150
59200 64700 63475 61675 60150
59300 64700 63475 61675 60150
59400 64700 63475 61675 60150
59500 64700 63475 61675 60150
59600 64700 63475 61675 60150
59700 64700 63475 61675 60150
59800 64700 63475 61675 60150
59900 64700 63475 61675 60150
60000 64700 63475 61675 60150
60100 64700 63475 61675 60150
60200 64700 63475 61675 60150
60300 64700 63475 61675 60150
60400 64700 63475 61675 60150
60500 64700 63475 61675 60150
60600 64700 63475 61675 60150
60700 64700 63475 61675 60150
60800 64700 63475 61675 60150
60900 64700 63475 61675 60150
61000 64700 63475 61675 60150
61100 64700 63475 61675 60150
61200 64700 63475 61675 60150
61300 64700 63475 61675 60150
61400 64700 63475 61675 60150
61500 64700 63475 61675 60150
61600 64700 63475 61675 60150
61700 64700 63475 61675 60150
61800 64700 63475 61675 60150
61900 64700 63475 61675 60150
62000 64700 63475 61675 60150
62100 64700 63475 61675 60150
62200 64700 63475 61675 60150
62300 64700 63475 61675 60150
62400 64700 63475 61675 60150
62500 64700 63475 61675 60150
62600 64700 63475 61675 60150
62700 64700 63475 61675 60150
62800 64700 63475 61675 60150
62900 64700 63475 61675 60150
63000 64725 63450 61675 60150
63100 64725 63450 61675 60150
63200 64725 63450 61675 60150
63300 64725 63450 61675 60150
63400 64725 63450 61675 60150
63500 64725 63450 61675 60150
63600 64725 63450 61675 60150
63700 64725 63450 61675 60150
63800 64725 63450 61675 60150
63900 64725 63450 61675 60150
64000 64725 63425 61700 60150
64100 64725 63425 61700 60150
64200 64725 63425 61700 60150
64300 64725 63425 61700 60150
64400 64725 63425 61700 60150
64500 64725 63425 61700 60150
64600 64725 63425 61700 60150
64700 64725 63425 61700 60150
64800 64725 63425 61700 60150
64900 64725 63425 61700 60150
65000 64725 63425 61700 60150
65100 64725 63425 61700 60150
65200 64725 63425 61700 60150
65300 64725 63425 61700 60150
65400 64725 63425 61700 60150
65500 64725 63425 61700 60150
65600 64725 63425 61700 60150
65700 64725 63425 61700 60150
65800 64725 63425 61700 60150
65900 64725 63425 61700 60150
66000 64725 63425 61700 60150
66100 64725 63425 61700 60150
66200 64725 63425 61700 60150
66300 64725 63425 61700 60150
66400 64725 63425 61700 60150
66500 64725 63425 61700 60150
66600 64725 63425 61700 60150
66700 64725 63425 61700 60150
66800 64725 63425 61700 60150
66900 64725 63425 61700 60150
67000 64725 63425 61700 60150
67100 64725 63425 61700 60150
67200 64725 63425 61700 60150
67300 64725 63425 61700 60150
67400 64725 63425 61700 60150
67500 64725 63425 61700 60150
67600 64725 63425 61700 60150
67700 64725 63425 61700 60150
67800 64725 63425 61700 60150
67900 64725 63425 61700 60150
68000 64725 63425 61700 60150
68100 64725 63425 61700 60150
68200 64725 63425 61700 60150
68300 64725 63425 61700 60150
68400 64725 63425 61700 60150
68500 64725 63425 61700 60150
68600 64725 63425 61700 60150
68700 64725 63425 61700 60150
68800 64725 63450 61675 60150
68900 64725 63450 61675 60150
69000 64725 63450 61675 60150
69100 64725 63450 61675 60150
69200 64725 63450 61675 60150
69300 64725 63450 61675 60150
69400 64725 63450 61675 60150
69500 64725 63450 61675 60150
69600 64725 63450 61675 60150
69700 64725 63450 61675 60150
69800 64725 63450 61675 60150
69900 64725 63450 61675 60150
70000 64725 63450 61675 60150
70100 64725 63450 61675 60150
70200 64725 63450 61675 60150
70300 64725 63450 61675 60150
70400 64725 63450 61675 60150
70500 64725 63450 61675 60150
70600 64725 63450 61675 60150
70700 64725 63450 61675 60150
70800 64725 63450 61675 60150
70900 64725 63450 61650 60175
71000 64725 63450 61650 60175
71100 64725 63450 61650 60175
71200 64725 63450 61650 60175
71300 64725 63450 61650 60175
71400 64725 63450 61650 60175
71500 64725 63450 61650 60175
71600 64725 63450 61650 60175
71700 64725 63450 61650 60175
71800 64725 63450 61650 60175
71900 64725 63450 61650 60175
72000 64725 63450 61650 60175
72100 64725 63450 61650 60175
72200 64725 63450 61650 60175
72300 64725 63450 61650 60175
72400 64725 63450 61650 60175
72500 64725 63450 61650 60175
72600 64725 63450 61650 60175
72700 64725 63450 61650 60175
72800 64725 63450 61650 60175
72900 64725 63450 61650 60175
73000 64725 63450 61650 60175
73100 64725 63450 61650 60175
73200 64725 63450 61650 60175
73300 64725 63450 61650 60175
73400 64725 63450 61650 60175
73500 64725 63450 61650 60175
73600 64725 63450 61650 60175
73700 64725 63450 61650 60175
73800 64725 63450 61650 60175
73900 64725 63450 61650 60175
74000 64725 63450 61650 60175
74100 64725 63450 61650 60175
74200 64725 63450 61650 60175
74300 64725 63450 61650 60175
74400 64725 63450 61650 60175
74500 64725 63450 61650 60175
74600 64725 63450 61650 60175
74700 64725 63450 61650 60175
74800 64725 63450 61650 60175
74900 64725 63450 61650 60175
75000 64725 63450 61650 60175
75100 64725 63450 61650 60175
75200 64725 63450 61650 60175
75300 64725 63450 61650 60175
75400 64725 63450 61650 60175
75500 64725 63450 61650 60175
75600 64725 63450 61650 60175
75700 64725 63450 61650 60175
75800 64725 63450 61650 60175
75900 64725 63450 61650 60175
76000 64725 63450 61650 60175
76100 64725 63450 61650 60175
76200 64725 63450 61650 60175
76300 64725 63450 61650 60175
76400 64725 63450 61650 60175
76500 64725 63450 61650 60175
76600 64725 63450 61650 60175
76700 64725 63450 61650 60175
76800 64725 63450 61650 60175
76900 64725 63450 61650 60175
77000 64725 63450 61650 60175
77100 64725 63450 61625 60200
77200 64725 63450 61625 60200
77300 64725 63450 61625 60200
77400 64725 63450 61625 60200
77500 64725 63450 61625 60200
77600 64725 63450 61625 60200
77700 64725 63450 61625 60200
77800 64725 63450 61625 60200
77900 64725 63450 61625 60200
78000 64725 63450 61625 60200
78100 64725 63450 61625 60200
78200 64725 63450 61625 60200
78300 64725 63450 61625 60200
78400 64725 63450 61625 60200
78500 64725 63450 61625 60200
78600 64725 63450 61625 60200
78700 64725 63450 61625 60200
78800 64725 63450 61625 60200
78900 64725 63450 61625 60200
79000 64725 63450 61625 60200
79100 64725 63450 61625 60200
79200 64725 63450 61625 60200
79300 64725 63450 61625 60200
79400 64725 63450 61625 60200
79500 64725 63450 61625 60200
79600 64725 63450 61625 60200
79700 64725 63450 61625 60200
79800 64725 63450 61625 60200
79900 64725 63450 61625 60200
80000 64725 63450 61625 60200
80100 64725 63450 61625 60200
80200 64725 63450 61625 60200
80300 64725 63450 61625 60200
80400 64725 63450 61625 60200
80500 64725 63450 61625 60200
80600 64725 63450 61625 60200
80700 64725 63450 61625 60200
80800 64725 63450 61625 60200
80900 64725 63450 61625 60200
81000 64725 63450 61625 60200
81100 64725 63450 61625 60200
81200 64725 63450 61625 60200
81300 64725 63450 61625 60200
81400 64725 63450 61625 60200
81500 64725 63450 61625 60200
81600 64725 63450 61625 60200
81700 64725 63450 61625 60200
81800 64725 63450 61625 60200
81900 64725 63450 61625 60200
82000 64725 63450 61625 60200
82100 64725 63450 61625 60200
82200 64700 63475 61625 60200
82300 64700 63475 61625 60200
82400 64700 63475 61625 60200
82500 64700 63475 61625 60200
82600 64700 63475 61625 60200
82700 64700 63475 61625 60200
82800 64725 63475 61625 60175
82900 64725 63475 61625 60175
83000 64725 63475 61625 60175
83100 64725 63475 61625 60175
83200 64725 63475 61625 60175
83300 64725 63475 61625 60175
83400 64725 63475 61625 60175
83500 64725 63475 61625 60175
83600 64725 63475 61625 60175
83700 64725 63475 61625 60175
83800 64725 63475 61625 60175
83900 64725 63475 61625 60175
84000 64725 63475 61625 60175
84100 64725 63475 61625 60175
84200 64725 63475 61625 60175
84300 64725 63475 61625 60175
84400 64725 63475 61625 60175
84500 64725 63475 61625 60175
84600 64725 63475 61625 60175
84700 64725 63475 61625 60175
84800 64725 63475 61625 60175
84900 64725 63475 61625 60175
85000 64725 63475 61625 60175
85100 64725 63475 61625 60175
85200 64725 63475 61625 60175
85300 64725 63475 61625 60175
85400 64725 63475 61625 60175
85500 64725 63475 61625 60175
85600 64725 63475 61625 60175
85700 64725 63475 61625 60175
85800 64725 63475 61625 60175
85900 64725 63475 61625 60175
86000 64725 63475 61625 60175
86100 64725 63475 61625 60175
86200 64725 63475 61625 60175
86300 64725 63475 61625 60175
86400 64725 63475 61625 60175
86500 64725 63475 61625 60175
86600 64750 63450 61625 60175
86700 64750 63450 61625 60175
86800 64750 63450 61625 60175
86900 64750 63450 61625 60175
87000 64750 63450 61625 60175
87100 64750 63450 61625 60175
87200 64750 63450 61625 60175
87300 64750 63450 61625 60175
87400 64750 63450 61625 60175
87500 64750 63450 61625 60175
87600 64750 63450 61625 60175
87700 64750 63450 61625 60175
87800 64750 63450 61625 60175
87900 64750 63450 61625 60175
88000 64750 63450 61625 60175
88100 64750 63450 61625 60175
88200 64750 63450 61625 60175
88300 64750 63450 61625 60175
88400 64750 63450 61625 60175
88500 64750 63450 61625 60175
88600 64750 63450 61625 60175
88700 64750 63450 61625 60175
88800 64750 63450 61625 60175
88900 64750 63450 61625 60175
89000 64750 63450 61625 60175
89100 64750 63450 61625 60175
89200 64750 63450 61625 60175
89300 64750 63450 61625 60175
89400 64750 63450 61625 60175
89500 64750 63450 61625 60175
89600 64750 63450 61625 60175
89700 64750 63450 61625 60175
89800 64750 63450 61625 60175
89900 64775 63425 61625 60175
90000 64775 63425 61625 60175
90100 64775 63425 61625 60175
90200 64775 63425 61625 60175
90300 64775 63425 61625 60175
90400 64775 63425 61625 60175
90500 64775 63425 61625 60175
90600 64775 63425 61625 60175
90700 64775 63425 61625 60175
90800 64775 63425 61625 60175
90900 64775 63425 61625 60175
91000 64775 63425 61625 60175
91100 64775 63425 61625 60175
91200 64775 63425 61625 60175
91300 64775 63425 61625 60175
91400 64775 63425 61625 60175
91500 64775 63425 61625 60175
91600 64775 63425 61625 60175
91700 64775 63425 61625 60175
91800 64775 63425 61625 60175
91900 64775 63425 61625 60175
92000 64775 63425 61650 60150
92100 64775 63425 61650 60150
92200 64775 63425 61650 60150
92300 64775 63425 61650 60150
92400 64775 63425 61650 60150
92500 64775 63425 61650 60150
92600 64775 63425 61650 60150
92700 64775 63425 61650 60150
92800 64775 63425 61650 60150
92900 64775 63425 61650 60150
93000 64775 63425 61650 60150
93100 64775 63425 61650 60150
93200 64775 63425 61650 60150
93300 64775 63425 61650 60150
93400 64775 63425 61650 60150
93500 64775 63425 61650 60150
93600 64775 63425 61650 60150
93700 64775 63425 61650 60150
93800 64775 63425 61650 60150
93900 64775 63425 61650 60150
94000 64775 63425 61650 60150
94100 64775 63425 61650 60150
94200 64775 63425 61650 60150
94300 64775 63425 61650 60150
94400 64775 63425 61650 60150
94500 64775 63425 61650 60150
94600 64775 63425 61650 60150
94700 64775 63425 61650 60150
94800 64775 63425 61650 60150
94900 64775 63425 61650 60150
95000 64775 63425 61650 60150
95100 64775 63425 61650 60150
95200 64775 63425 61650 60150
95300 64775 63425 61650 60150
95400 64775 63425 61650 60150
95500 64775 63425 61650 60150
95600 64775 63425 61650 60150
95700 64775 63425 61650 60150
95800 64775 63425 61650 60150
95900 64775 63425 61650 60150
96000 64775 63425 61650 60150
96100 64775 63425 61650 60150
96200 64775 63425 61650 60150
96300 64775 63425 61650 60150
96400 64775 63425 61650 60150
96500 64775 63425 61650 60150
96600 64775 63425 61650 60150
96700 64775 63425 61650 60150
96800 64775 63425 61650 60150
96900 64775 63425 61650 60150
97000 64775 63425 61650 60150
97100 64775 63425 61650 60150
97200 64775 63425 61650 60150
97300 64775 63425 61650 60150
97400 64775 63425 61650 60150
97500 64775 63425 61650 60150
97600 64775 63425 61650 60150
97700 64775 63425 61650 60150
97800 64775 63425 61650 60150
97900 64775 63425 61650 60150
98000 64775 63425 61650 60150
98100 64775 63425 61650 60150
98200 64775 63425 61650 60150
98300 64775 63425 61650 60150
98400 64775 63425 61650 60150
98500 64775 63425 61650 60150
98600 64775 63425 61650 60150
98700 64775 63425 61650 60150
98800 64775 63425 61650 60150
98900 64775 63425 61650 60150
99000 64775 63425 61650 60150
99100 64775 63425 61650 60150
99200 64775 63425 61650 60150
99300 64775 63425 61650 60150
99400 64775 63425 61650 60150
99500 64775 63425 61650 60150
99600 64775 63425 61650 60150
99700 64775 63425 61650 60150
99800 64775 63425 61650 60150
99900 64775 63425 61650 60150
100000 64775 63425 61650 60150
