0 64750 59575 59975 65700
100 64775 59575 59975 65675
200 64775 59575 59975 65675
300 64775 59575 59975 65675
400 64775 59600 59975 65650
500 64750 59600 59975 65675
600 64725 59600 60000 65675
700 64750 59575 60025 65650
800 64775 59550 60000 65675
900 64725 59575 60025 65675
1000 64725 59600 60000 65675
1100 64725 59600 60000 65675
1200 64750 59600 59975 65675
1300 64750 59600 60000 65650
1400 64800 59625 59925 65650
1500 64800 59625 59925 65650
1600 64825 59575 59950 65650
1700 64800 59575 59975 65650
1800 64775 59600 59975 65650
1900 64775 59600 60000 65625
2000 64775 59600 60000 65625
2100 64775 59650 59975 65600
2200 64800 59650 59975 65575
2300 64775 59725 59925 65575
2400 64775 59725 59950 65550
2500 64775 59725 59950 65550
2600 64775 59725 59975 65525
2700 64750 59725 60025 65500
2800 64775 59725 60050 65450
2900 64750 59725 60050 65475
3000 64725 59725 60050 65500
3100 64725 59725 60050 65500
3200 64725 59725 60050 65500
3300 64700 59750 60050 65500
3400 64725 59750 60050 65475
3500 64725 59725 60050 65500
3600 64725 59700 60075 65500
3700 64725 59675 60100 65500
3800 64750 59675 60100 65475
3900 64700 59725 60125 65450
4000 64700 59775 60075 65450
4100 64675 59750 60075 65500
4200 64675 59750 60075 65500
4300 64675 59725 60100 65500
4400 64650 59725 60100 65525
4500 64650 59725 60100 65525
4600 64650 59725 60100 65525
4700 64625 59750 60100 65525
4800 64625 59700 60150 65525
4900 64625 59700 60150 65525
5000 64650 59650 60150 65550
5100 64650 59675 60125 65550
5200 64650 59675 60150 65525
5300 64675 59675 60125 65525
5400 64675 59675 60125 65525
5500 64675 59675 60125 65525
5600 64675 59675 60125 65525
5700 64675 59650 60125 65550
5800 64700 59625 60150 65525
5900 64700 59625 60150 65525
6000 64700 59625 60150 65525
6100 64725 59625 60125 65525
6200 64700 59625 60125 65550
6300 64675 59625 60125 65575
6400 64675 59625 60150 65550
6500 64675 59625 60150 65550
6600 64675 59600 60150 65575
6700 64675 59600 60150 65575
6800 64675 59550 60150 65625
6900 64675 59500 60150 65675
7000 64675 59500 60150 65675
7100 64675 59500 60150 65675
7200 64650 59525 60150 65675
7300 64650 59500 60175 65675
7400 64650 59500 60175 65675
7500 64650 59475 60175 65700
7600 64675 59500 60150 65675
7700 64675 59500 60175 65650
7800 64675 59500 60175 65650
7900 64675 59500 60175 65650
8000 64700 59500 60175 65625
8100 64700 59500 60175 65625
8200 64700 59500 60175 65625
8300 64675 59500 60175 65650
8400 64675 59500 60175 65650
8500 64675 59500 60175 65650
8600 64675 59500 60175 65650
8700 64675 59500 60175 65650
8800 64675 59500 60150 65675
8900 64675 59475 60150 65700
9000 64650 59500 60150 65700
9100 64650 59500 60150 65700
9200 64650 59500 60150 65700
9300 64650 59500 60150 65700
9400 64650 59525 60175 65650
9500 64650 59525 60200 65625
9600 64650 59525 60200 65625
9700 64625 59525 60225 65625
9800 64625 59525 60225 65625
9900 64625 59525 60225 65625
10000 64625 59525 60225 65625
10100 64625 59525 60225 65625
10200 64600 59525 60225 65650
10300 64625 59550 60175 65650
10400 64625 59550 60175 65650
10500 64600 59575 60175 65650
10600 64600 59575 60175 65650
10700 64600 59575 60175 65650
10800 64600 59575 60175 65650
10900 64575 59600 60175 65650
11000 64575 59575 60175 65675
11100 64575 59575 60175 65675
11200 64575 59575 60200 65650
11300 64575 59575 60200 65650
11400 64575 59575 60200 65650
11500 64550 59575 60200 65675
11600 64550 59600 60200 65650
11700 64550 59600 60200 65650
11800 64550 59600 60175 65675
11900 64525 59625 60175 65675
12000 64525 59625 60175 65675
12100 64525 59625 60175 65675
12200 64525 59625 60175 65675
12300 64525 59650 60150 65675
12400 64450 59650 60150 65750
12500 64425 59675 60150 65750
12600 64400 59675 60175 65750
12700 64400 59650 60200 65750
12800 64400 59650 60225 65725
12900 64400 59650 60225 65725
13000 64400 59625 60250 65725
13100 64400 59625 60250 65725
13200 64400 59625 60250 65725
13300 64400 59625 60250 65725
13400 64400 59600 60275 65725
13500 64400 59575 60275 65750
13600 64400 59575 60275 65750
13700 64400 59575 60275 65750
13800 64400 59575 60275 65750
13900 64400 59575 60275 65750
14000 64425 59575 60250 65750
14100 64450 59575 60250 65725
14200 64450 59575 60250 65725
14300 64450 59575 60250 65725
14400 64450 59575 60250 65725
14500 64450 59575 60250 65725
14600 64475 59575 60250 65700
14700 64475 59575 60250 65700
14800 64475 59575 60250 65700
14900 64475 59575 60275 65675
15000 64475 59575 60275 65675
15100 64475 59575 60275 65675
15200 64475 59575 60300 65650
15300 64475 59575 60300 65650
15400 64475 59575 60300 65650
15500 64450 59575 60300 65675
15600 64450 59575 60300 65675
15700 64475 59575 60300 65650
15800 64475 59575 60350 65600
15900 64450 59600 60350 65600
16000 64450 59600 60350 65600
16100 64450 59600 60350 65600
16200 64450 59600 60350 65600
16300 64450 59575 60350 65625
16400 64425 59550 60375 65650
16500 64425 59550 60400 65625
16600 64425 59550 60400 65625
16700 64425 59550 60400 65625
16800 64425 59550 60400 65625
16900 64425 59550 60400 65625
17000 64425 59550 60400 65625
17100 64425 59575 60375 65625
17200 64425 59575 60375 65625
17300 64425 59575 60375 65625
17400 64425 59575 60375 65625
17500 64425 59575 60375 65625
17600 64425 59575 60375 65625
17700 64425 59575 60375 65625
17800 64425 59575 60375 65625
17900 64450 59550 60350 65650
18000 64450 59550 60350 65650
18100 64450 59550 60350 65650
18200 64450 59550 60350 65650
18300 64450 59550 60350 65650
18400 64450 59575 60350 65625
18500 64450 59550 60375 65625
18600 64450 59550 60375 65625
18700 64425 59550 60375 65650
18800 64425 59550 60375 65650
18900 64425 59550 60375 65650
19000 64425 59550 60375 65650
19100 64375 59600 60375 65650
19200 64375 59600 60375 65650
19300 64375 59600 60375 65650
19400 64375 59600 60375 65650
19500 64375 59600 60375 65650
19600 64375 59600 60375 65650
19700 64375 59600 60375 65650
19800 64375 59625 60350 65650
19900 64375 59600 60400 65625
20000 64375 59600 60400 65625
20100 64375 59600 60400 65625
20200 64375 59600 60425 65600
20300 64375 59600 60400 65625
20400 64375 59600 60400 65625
20500 64375 59600 60400 65625
20600 64375 59600 60400 65625
20700 64375 59600 60400 65625
20800 64375 59600 60400 65625
20900 64400 59600 60400 65600
21000 64400 59600 60400 65600
21100 64400 59600 60400 65600
21200 64400 59600 60400 65600
21300 64400 59600 60400 65600
21400 64375 59600 60400 65625
21500 64400 59600 60400 65600
21600 64400 59600 60400 65600
21700 64425 59600 60400 65575
21800 64425 59600 60400 65575
21900 64425 59575 60400 65600
22000 64450 59575 60375 65600
22100 64425 59600 60375 65600
22200 64425 59600 60375 65600
22300 64425 59575 60375 65625
22400 64425 59575 60375 65625
22500 64425 59575 60375 65625
22600 64425 59575 60375 65625
22700 64400 59575 60375 65650
22800 64400 59575 60375 65650
22900 64400 59575 60375 65650
23000 64400 59575 60375 65650
23100 64400 59575 60375 65650
23200 64400 59575 60375 65650
23300 64400 59575 60400 65625
23400 64400 59575 60400 65625
23500 64400 59575 60400 65625
23600 64400 59600 60375 65625
23700 64400 59600 60375 65625
23800 64400 59625 60350 65625
23900 64400 59625 60350 65625
24000 64400 59625 60350 65625
24100 64400 59625 60350 65625
24200 64400 59625 60350 65625
24300 64375 59625 60350 65650
24400 64375 59600 60375 65650
24500 64375 59600 60375 65650
24600 64375 59600 60375 65650
24700 64375 59600 60375 65650
24800 64350 59625 60375 65650
24900 64350 59625 60375 65650
25000 64350 59625 60375 65650
25100 64350 59625 60375 65650
25200 64350 59625 60375 65650
25300 64350 59625 60375 65650
25400 64350 59625 60375 65650
25500 64350 59625 60375 65650
25600 64350 59625 60375 65650
25700 64350 59625 60400 65625
25800 64350 59625 60400 65625
25900 64350 59650 60375 65625
26000 64350 59650 60375 65625
26100 64350 59650 60375 65625
26200 64350 59650 60375 65625
26300 64350 59650 60375 65625
26400 64350 59650 60375 65625
26500 64375 59625 60375 65625
26600 64375 59625 60375 65625
26700 64375 59600 60375 65650
26800 64350 59625 60375 65650
26900 64350 59650 60350 65650
27000 64350 59650 60350 65650
27100 64350 59675 60325 65650
27200 64325 59700 60325 65650
27300 64325 59725 60325 65625
27400 64300 59725 60325 65650
27500 64300 59725 60325 65650
27600 64300 59725 60325 65650
27700 64300 59725 60325 65650
27800 64275 59725 60325 65675
27900 64275 59725 60325 65675
28000 64275 59725 60325 65675
28100 64275 59700 60325 65700
28200 64275 59700 60325 65700
28300 64300 59700 60325 65675
28400 64300 59700 60325 65675
28500 64300 59700 60325 65675
28600 64300 59700 60325 65675
28700 64300 59700 60325 65675
28800 64300 59700 60325 65675
28900 64300 59700 60325 65675
29000 64300 59700 60325 65675
29100 64300 59700 60325 65675
29200 64300 59700 60325 65675
29300 64275 59725 60325 65675
29400 64275 59725 60350 65650
29500 64275 59725 60350 65650
29600 64275 59725 60350 65650
29700 64275 59725 60350 65650
29800 64275 59725 60350 65650
29900 64275 59725 60350 65650
30000 64275 59725 60350 65650
30100 64275 59725 60350 65650
30200 64275 59725 60350 65650
30300 64275 59725 60350 65650
30400 64275 59725 60350 65650
30500 64275 59700 60350 65675
30600 64275 59675 60350 65700
30700 64275 59675 60350 65700
30800 64275 59675 60350 65700
30900 64250 59700 60350 65700
31000 64250 59700 60350 65700
31100 64250 59700 60375 65675
31200 64250 59700 60400 65650
31300 64250 59700 60400 65650
31400 64225 59700 60400 65675
31500 64250 59700 60400 65650
31600 64225 59725 60400 65650
31700 64225 59725 60400 65650
31800 64250 59725 60400 65625
31900 64250 59725 60400 65625
32000 64225 59750 60400 65625
32100 64200 59775 60400 65625
32200 64200 59775 60400 65625
32300 64200 59775 60400 65625
32400 64200 59775 60400 65625
32500 64175 59800 60400 65625
32600 64150 59825 60400 65625
32700 64150 59825 60400 65625
32800 64150 59825 60400 65625
32900 64150 59825 60400 65625
33000 64150 59825 60400 65625
33100 64150 59825 60400 65625
33200 64150 59825 60400 65625
33300 64150 59825 60400 65625
33400 64150 59825 60400 65625
33500 64150 59825 60400 65625
33600 64125 59825 60400 65650
33700 64125 59825 60400 65650
33800 64125 59825 60400 65650
33900 64125 59825 60425 65625
34000 64125 59825 60425 65625
34100 64150 59825 60400 65625
34200 64150 59825 60400 65625
34300 64150 59825 60400 65625
34400 64150 59825 60400 65625
34500 64150 59800 60400 65650
34600 64150 59800 60400 65650
34700 64150 59825 60400 65625
34800 64150 59825 60400 65625
34900 64150 59825 60400 65625
35000 64125 59825 60400 65650
35100 64125 59825 60400 65650
35200 64125 59825 60400 65650
35300 64125 59825 60400 65650
35400 64125 59825 60425 65625
35500 64125 59825 60425 65625
35600 64125 59825 60425 65625
35700 64125 59825 60425 65625
35800 64125 59825 60425 65625
35900 64125 59800 60425 65650
36000 64125 59800 60425 65650
36100 64125 59800 60425 65650
36200 64125 59800 60425 65650
36300 64125 59800 60450 65625
36400 64125 59800 60475 65600
36500 64125 59800 60475 65600
36600 64125 59800 60475 65600
36700 64125 59800 60500 65575
36800 64125 59800 60500 65575
36900 64125 59800 60500 65575
37000 64125 59800 60525 65550
37100 64125 59800 60525 65550
37200 64100 59825 60525 65550
37300 64075 59825 60525 65575
37400 64075 59825 60525 65575
37500 64075 59825 60525 65575
37600 64075 59825 60525 65575
37700 64075 59825 60525 65575
37800 64075 59825 60525 65575
37900 64075 59825 60525 65575
38000 64075 59825 60525 65575
38100 64075 59825 60525 65575
38200 64075 59800 60550 65575
38300 64100 59800 60525 65575
38400 64100 59775 60525 65600
38500 64100 59775 60525 65600
38600 64100 59775 60525 65600
38700 64100 59775 60525 65600
38800 64100 59775 60525 65600
38900 64100 59775 60525 65600
39000 64100 59775 60525 65600
39100 64100 59775 60550 65575
39200 64100 59775 60550 65575
39300 64100 59775 60550 65575
39400 64100 59775 60550 65575
39500 64100 59775 60550 65575
39600 64100 59775 60525 65600
39700 64100 59750 60550 65600
39800 64100 59750 60550 65600
39900 64100 59750 60550 65600
40000 64100 59750 60550 65600
40100 64100 59750 60550 65600
40200 64100 59750 60550 65600
40300 64100 59725 60550 65625
40400 64100 59750 60550 65600
40500 64100 59750 60550 65600
40600 64100 59750 60550 65600
40700 64100 59750 60550 65600
40800 64100 59750 60550 65600
40900 64100 59750 60550 65600
41000 64100 59750 60550 65600
41100 64075 59750 60550 65625
41200 64075 59750 60575 65600
41300 64075 59750 60575 65600
41400 64075 59750 60575 65600
41500 64075 59750 60575 65600
41600 64075 59750 60575 65600
41700 64075 59750 60575 65600
41800 64075 59750 60575 65600
41900 64075 59725 60575 65625
42000 64050 59750 60575 65625
42100 64050 59750 60575 65625
42200 64050 59750 60575 65625
42300 64050 59750 60575 65625
42400 64050 59750 60575 65625
42500 64050 59750 60575 65625
42600 64050 59750 60575 65625
42700 64075 59750 60575 65600
42800 64100 59750 60575 65575
42900 64100 59750 60575 65575
43000 64100 59750 60575 65575
43100 64100 59750 60575 65575
43200 64100 59750 60575 65575
43300 64100 59750 60575 65575
43400 64100 59750 60575 65575
43500 64125 59750 60575 65550
43600 64125 59750 60575 65550
43700 64100 59775 60575 65550
43800 64075 59775 60575 65575
43900 64075 59775 60575 65575
44000 64075 59775 60575 65575
44100 64075 59775 60575 65575
44200 64075 59775 60575 65575
44300 64075 59775 60575 65575
44400 64050 59775 60575 65600
44500 64050 59750 60575 65625
44600 64050 59750 60575 65625
44700 64050 59750 60575 65625
44800 64050 59775 60575 65600
44900 64050 59775 60575 65600
45000 64050 59775 60575 65600
45100 64050 59775 60575 65600
45200 64050 59750 60575 65625
45300 64050 59750 60575 65625
45400 64050 59750 60575 65625
45500 64075 59750 60550 65625
45600 64075 59750 60550 65625
45700 64075 59750 60575 65600
45800 64075 59750 60575 65600
45900 64075 59750 60575 65600
46000 64075 59750 60575 65600
46100 64075 59750 60575 65600
46200 64075 59750 60575 65600
46300 64075 59750 60575 65600
46400 64075 59750 60575 65600
46500 64075 59750 60575 65600
46600 64075 59775 60550 65600
46700 64075 59775 60575 65575
46800 64075 59775 60575 65575
46900 64075 59775 60575 65575
47000 64075 59775 60575 65575
47100 64075 59775 60575 65575
47200 64075 59775 60600 65550
47300 64075 59775 60600 65550
47400 64075 59775 60600 65550
47500 64075 59775 60600 65550
47600 64075 59775 60600 65550
47700 64075 59775 60600 65550
47800 64075 59775 60600 65550
47900 64075 59775 60600 65550
48000 64075 59775 60600 65550
48100 64075 59750 60600 65575
48200 64075 59750 60600 65575
48300 64075 59725 60600 65600
48400 64075 59750 60600 65575
48500 64075 59750 60600 65575
48600 64075 59750 60600 65575
48700 64075 59750 60600 65575
48800 64075 59750 60600 65575
48900 64075 59750 60600 65575
49000 64075 59750 60600 65575
49100 64075 59750 60600 65575
49200 64075 59750 60600 65575
49300 64075 59750 60600 65575
49400 64075 59750 60600 65575
49500 64075 59750 60600 65575
49600 64075 59750 60600 65575
49700 64075 59750 60600 65575
49800 64075 59750 60625 65550
49900 64075 59750 60625 65550
50000 64075 59750 60625 65550
50100 64075 59725 60650 65550
50200 64100 59725 60625 65550
50300 64100 59725 60625 65550
50400 64100 59725 60625 65550
50500 64100 59725 60625 65550
50600 64100 59700 60625 65575
50700 64100 59700 60625 65575
50800 64100 59700 60625 65575
50900 64100 59700 60625 65575
51000 64075 59725 60625 65575
51100 64075 59725 60625 65575
51200 64075 59725 60625 65575
51300 64075 59725 60625 65575
51400 64075 59725 60625 65575
51500 64075 59750 60625 65550
51600 64075 59750 60625 65550
51700 64050 59775 60600 65575
51800 64050 59750 60600 65600
51900 64050 59750 60600 65600
52000 64050 59750 60600 65600
52100 64050 59750 60600 65600
52200 64050 59725 60625 65600
52300 64050 59725 60625 65600
52400 64050 59725 60625 65600
52500 64050 59725 60625 65600
52600 64025 59750 60625 65600
52700 64025 59750 60625 65600
52800 64025 59725 60625 65625
52900 64000 59725 60625 65650
53000 64000 59725 60625 65650
53100 64000 59725 60625 65650
53200 64000 59725 60625 65650
53300 64000 59725 60625 65650
53400 64000 59725 60625 65650
53500 64000 59725 60625 65650
53600 64000 59725 60625 65650
53700 64000 59725 60650 65625
53800 64000 59725 60675 65600
53900 64000 59725 60675 65600
54000 64000 59725 60675 65600
54100 64000 59725 60675 65600
54200 64000 59725 60675 65600
54300 64000 59750 60675 65575
54400 64000 59750 60675 65575
54500 64000 59750 60675 65575
54600 64000 59750 60675 65575
54700 64000 59725 60675 65600
54800 64000 59700 60675 65625
54900 64000 59700 60675 65625
55000 64000 59700 60675 65625
55100 64000 59675 60700 65625
55200 63975 59700 60700 65625
55300 63975 59700 60700 65625
55400 63975 59700 60700 65625
55500 63975 59700 60700 65625
55600 63975 59700 60700 65625
55700 63950 59700 60700 65650
55800 63950 59700 60700 65650
55900 63950 59700 60700 65650
56000 63950 59700 60700 65650
56100 63950 59725 60675 65650
56200 63950 59725 60675 65650
56300 63950 59725 60675 65650
56400 63950 59700 60675 65675
56500 63950 59700 60675 65675
56600 63950 59700 60675 65675
56700 63950 59700 60675 65675
56800 63950 59700 60675 65675
56900 63950 59700 60675 65675
57000 63950 59725 60675 65650
57100 63950 59725 60675 65650
57200 63950 59725 60700 65625
57300 63950 59725 60700 65625
57400 63950 59725 60700 65625
57500 63950 59700 60700 65650
57600 63950 59700 60700 65650
57700 63950 59700 60700 65650
57800 63950 59700 60700 65650
57900 63950 59700 60700 65650
58000 63950 59675 60700 65675
58100 63975 59675 60700 65650
58200 63975 59675 60700 65650
58300 63975 59675 60700 65650
58400 63975 59675 60700 65650
58500 63975 59675 60700 65650
58600 63975 59675 60700 65650
58700 63975 59675 60725 65625
58800 63975 59675 60725 65625
58900 63975 59675 60725 65625
59000 63975 59675 60725 65625
59100 63975 59675 60725 65625
59200 63975 59675 60725 65625
59300 63975 59700 60700 65625
59400 63975 59675 60700 65650
59500 63975 59675 60700 65650
59600 63975 59675 60700 65650
59700 63975 59650 60700 65675
59800 63975 59650 60700 65675
59900 63975 59650 60700 65675
60000 63975 59650 60700 65675
60100 63975 59650 60700 65675
60200 63975 59650 60700 65675
60300 63975 59650 60700 65675
60400 63975 59650 60725 65650
60500 63975 59650 60725 65650
60600 63950 59675 60725 65650
60700 63950 59650 60750 65650
60800 63950 59650 60750 65650
60900 63950 59650 60750 65650
61000 63925 59675 60725 65675
61100 63925 59675 60725 65675
61200 63925 59675 60725 65675
61300 63950 59650 60725 65675
61400 63950 59650 60725 65675
61500 63950 59650 60725 65675
61600 63950 59650 60725 65675
61700 63950 59625 60725 65700
61800 63950 59625 60725 65700
61900 63950 59625 60725 65700
62000 63950 59600 60725 65725
62100 63950 59600 60725 65725
62200 63950 59600 60725 65725
62300 63950 59600 60725 65725
62400 63950 59600 60725 65725
62500 63950 59600 60725 65725
62600 63950 59600 60725 65725
62700 63950 59600 60725 65725
62800 63950 59600 60725 65725
62900 63950 59600 60725 65725
63000 63950 59600 60725 65725
63100 63950 59600 60725 65725
63200 63950 59600 60700 65750
63300 63950 59575 60725 65750
63400 63925 59600 60725 65750
63500 63925 59600 60700 65775
63600 63925 59600 60700 65775
63700 63925 59600 60700 65775
63800 63925 59575 60725 65775
63900 63925 59575 60725 65775
64000 63925 59575 60725 65775
64100 63925 59575 60725 65775
64200 63925 59575 60725 65775
64300 63925 59575 60725 65775
64400 63925 59575 60725 65775
64500 63925 59575 60725 65775
64600 63925 59575 60725 65775
64700 63925 59550 60725 65800
64800 63925 59550 60725 65800
64900 63925 59550 60725 65800
65000 63925 59550 60725 65800
65100 63925 59550 60725 65800
65200 63925 59550 60725 65800
65300 63925 59550 60725 65800
65400 63925 59575 60700 65800
65500 63900 59575 60700 65825
65600 63900 59575 60700 65825
65700 63900 59575 60700 65825
65800 63900 59575 60700 65825
65900 63900 59550 60700 65850
66000 63900 59550 60725 65825
66100 63900 59550 60725 65825
66200 63900 59550 60725 65825
66300 63900 59550 60725 65825
66400 63900 59550 60725 65825
66500 63900 59550 60725 65825
66600 63900 59550 60725 65825
66700 63900 59550 60725 65825
66800 63900 59550 60725 65825
66900 63875 59525 60750 65850
67000 63875 59525 60750 65850
67100 63875 59525 60750 65850
67200 63875 59525 60750 65850
67300 63875 59525 60750 65850
67400 63875 59500 60800 65825
67500 63850 59500 60800 65850
67600 63825 59525 60800 65850
67700 63825 59500 60800 65875
67800 63825 59500 60800 65875
67900 63825 59500 60800 65875
68000 63825 59500 60800 65875
68100 63825 59500 60800 65875
68200 63825 59500 60800 65875
68300 63825 59500 60800 65875
68400 63825 59500 60800 65875
68500 63800 59500 60800 65900
68600 63800 59500 60800 65900
68700 63800 59500 60800 65900
68800 63800 59500 60800 65900
68900 63800 59500 60800 65900
69000 63800 59475 60800 65925
69100 63800 59475 60825 65900
69200 63800 59475 60825 65900
69300 63800 59475 60825 65900
69400 63800 59475 60825 65900
69500 63800 59450 60825 65925
69600 63800 59450 60825 65925
69700 63800 59450 60825 65925
69800 63800 59450 60825 65925
69900 63800 59450 60825 65925
70000 63800 59425 60825 65950
70100 63800 59425 60825 65950
70200 63800 59425 60825 65950
70300 63800 59425 60825 65950
70400 63800 59425 60825 65950
70500 63800 59450 60800 65950
70600 63800 59450 60800 65950
70700 63825 59450 60800 65925
70800 63825 59450 60800 65925
70900 63825 59450 60800 65925
71000 63825 59450 60800 65925
71100 63825 59450 60800 65925
71200 63825 59450 60800 65925
71300 63825 59450 60800 65925
71400 63825 59450 60800 65925
71500 63825 59450 60800 65925
71600 63825 59450 60800 65925
71700 63825 59450 60800 65925
71800 63825 59450 60800 65925
71900 63825 59450 60800 65925
72000 63825 59450 60800 65925
72100 63825 59450 60800 65925
72200 63800 59475 60800 65925
72300 63800 59475 60800 65925
72400 63800 59475 60800 65925
72500 63800 59475 60800 65925
72600 63800 59475 60800 65925
72700 63775 59475 60800 65950
72800 63775 59475 60800 65950
72900 63775 59475 60800 65950
73000 63750 59475 60800 65975
73100 63750 59475 60800 65975
73200 63750 59475 60800 65975
73300 63750 59475 60800 65975
73400 63750 59475 60800 65975
73500 63750 59475 60800 65975
73600 63750 59475 60800 65975
73700 63750 59475 60800 65975
73800 63750 59475 60800 65975
73900 63750 59475 60775 66000
74000 63750 59475 60775 66000
74100 63750 59475 60800 65975
74200 63750 59475 60800 65975
74300 63750 59475 60800 65975
74400 63750 59475 60800 65975
74500 63750 59475 60800 65975
74600 63750 59475 60800 65975
74700 63750 59475 60800 65975
74800 63750 59475 60800 65975
74900 63750 59475 60800 65975
75000 63750 59475 60800 65975
75100 63750 59475 60800 65975
75200 63750 59475 60800 65975
75300 63750 59475 60800 65975
75400 63750 59475 60800 65975
75500 63775 59475 60800 65950
75600 63775 59475 60800 65950
75700 63775 59475 60800 65950
75800 63775 59475 60800 65950
75900 63775 59475 60800 65950
76000 63775 59475 60800 65950
76100 63775 59475 60800 65950
76200 63775 59475 60800 65950
76300 63775 59475 60800 65950
76400 63775 59475 60800 65950
76500 63775 59475 60800 65950
76600 63750 59500 60800 65950
76700 63750 59500 60800 65950
76800 63750 59500 60800 65950
76900 63750 59525 60775 65950
77000 63750 59525 60775 65950
77100 63750 59525 60775 65950
77200 63750 59525 60775 65950
77300 63750 59525 60775 65950
77400 63750 59525 60750 65975
77500 63725 59525 60750 66000
77600 63725 59525 60750 66000
77700 63725 59525 60750 66000
77800 63700 59550 60750 66000
77900 63700 59550 60750 66000
78000 63700 59550 60750 66000
78100 63700 59550 60750 66000
78200 63700 59550 60750 66000
78300 63700 59550 60750 66000
78400 63700 59550 60750 66000
78500 63700 59550 60750 66000
78600 63700 59550 60750 66000
78700 63700 59550 60750 66000
78800 63700 59550 60750 66000
78900 63700 59550 60750 66000
79000 63700 59550 60750 66000
79100 63675 59550 60750 66025
79200 63675 59550 60750 66025
79300 63675 59550 60750 66025
79400 63675 59550 60750 66025
79500 63675 59550 60750 66025
79600 63650 59550 60775 66025
79700 63650 59550 60775 66025
79800 63650 59550 60800 66000
79900 63650 59550 60800 66000
80000 63650 59550 60800 66000
80100 63650 59550 60800 66000
80200 63650 59550 60800 66000
80300 63650 59525 60825 66000
80400 63650 59525 60825 66000
80500 63650 59525 60825 66000
80600 63650 59525 60825 66000
80700 63650 59525 60850 65975
80800 63650 59525 60850 65975
80900 63650 59525 60850 65975
81000 63650 59525 60850 65975
81100 63650 59525 60850 65975
81200 63650 59525 60850 65975
81300 63650 59525 60850 65975
81400 63650 59525 60850 65975
81500 63650 59525 60850 65975
81600 63650 59525 60850 65975
81700 63650 59525 60850 65975
81800 63650 59525 60850 65975
81900 63650 59525 60850 65975
82000 63650 59525 60850 65975
82100 63650 59525 60850 65975
82200 63650 59525 60850 65975
82300 63650 59525 60850 65975
82400 63650 59525 60850 65975
82500 63650 59525 60850 65975
82600 63650 59525 60850 65975
82700 63650 59525 60850 65975
82800 63650 59525 60850 65975
82900 63650 59525 60850 65975
83000 63650 59525 60850 65975
83100 63650 59525 60850 65975
83200 63650 59525 60850 65975
83300 63650 59525 60850 65975
83400 63650 59525 60850 65975
83500 63650 59525 60850 65975
83600 63650 59525 60850 65975
83700 63650 59525 60825 66000
83800 63650 59525 60825 66000
83900 63650 59525 60825 66000
84000 63650 59500 60850 66000
84100 63650 59500 60850 66000
84200 63650 59500 60850 66000
84300 63650 59500 60850 66000
84400 63650 59500 60850 66000
84500 63650 59500 60850 66000
84600 63650 59475 60875 66000
84700 63650 59475 60875 66000
84800 63650 59475 60875 66000
84900 63650 59475 60875 66000
85000 63625 59475 60875 66025
85100 63600 59500 60875 66025
85200 63600 59500 60875 66025
85300 63600 59500 60875 66025
85400 63600 59500 60875 66025
85500 63600 59500 60875 66025
85600 63600 59500 60875 66025
85700 63600 59500 60875 66025
85800 63575 59525 60875 66025
85900 63575 59525 60875 66025
86000 63575 59525 60875 66025
86100 63550 59525 60875 66050
86200 63525 59525 60900 66050
86300 63525 59525 60900 66050
86400 63525 59525 60900 66050
86500 63525 59525 60900 66050
86600 63525 59525 60900 66050
86700 63525 59550 60875 66050
86800 63525 59550 60875 66050
86900 63525 59550 60875 66050
87000 63525 59550 60875 66050
87100 63525 59550 60875 66050
87200 63525 59550 60875 66050
87300 63525 59550 60875 66050
87400 63525 59550 60875 66050
87500 63525 59550 60900 66025
87600 63525 59550 60900 66025
87700 63500 59550 60925 66025
87800 63500 59550 60925 66025
87900 63500 59550 60925 66025
88000 63500 59550 60925 66025
88100 63500 59550 60925 66025
88200 63500 59550 60925 66025
88300 63500 59550 60925 66025
88400 63500 59550 60925 66025
88500 63500 59550 60925 66025
88600 63500 59550 60925 66025
88700 63500 59550 60925 66025
88800 63500 59550 60925 66025
88900 63500 59550 60925 66025
89000 63500 59550 60925 66025
89100 63500 59550 60925 66025
89200 63500 59550 60900 66050
89300 63500 59550 60900 66050
89400 63500 59550 60900 66050
89500 63500 59550 60900 66050
89600 63500 59550 60900 66050
89700 63500 59550 60900 66050
89800 63500 59550 60900 66050
89900 63500 59550 60900 66050
90000 63500 59550 60900 66050
90100 63500 59550 60900 66050
90200 63500 59550 60900 66050
90300 63500 59550 60900 66050
90400 63500 59550 60900 66050
90500 63500 59550 60900 66050
90600 63500 59550 60900 66050
90700 63500 59550 60900 66050
90800 63475 59550 60925 66050
90900 63475 59550 60950 66025
91000 63475 59550 60950 66025
91100 63475 59550 60950 66025
91200 63475 59550 60950 66025
91300 63475 59550 60950 66025
91400 63475 59550 60950 66025
91500 63475 59550 60950 66025
91600 63475 59550 60950 66025
91700 63475 59550 60950 66025
91800 63475 59550 60950 66025
91900 63475 59550 60950 66025
92000 63475 59550 60950 66025
92100 63450 59550 60950 66050
92200 63450 59550 60950 66050
92300 63450 59550 60950 66050
92400 63450 59550 60950 66050
92500 63450 59550 60950 66050
92600 63450 59550 60950 66050
92700 63450 59550 60950 66050
92800 63450 59550 60950 66050
92900 63450 59550 60950 66050
93000 63450 59550 60950 66050
93100 63450 59550 60950 66050
93200 63450 59550 60950 66050
93300 63450 59550 60950 66050
93400 63450 59550 60950 66050
93500 63450 59550 60950 66050
93600 63450 59550 60950 66050
93700 63450 59550 60950 66050
93800 63450 59550 60950 66050
93900 63450 59550 60950 66050
94000 63450 59550 60950 66050
94100 63450 59550 60950 66050
94200 63450 59550 60975 66025
94300 63425 59550 60975 66050
94400 63400 59575 60975 66050
94500 63375 59575 61000 66050
94600 63375 59575 61000 66050
94700 63375 59575 61000 66050
94800 63375 59575 61000 66050
94900 63375 59575 61000 66050
95000 63375 59575 61000 66050
95100 63375 59575 61000 66050
95200 63350 59575 61000 66075
95300 63350 59575 61000 66075
95400 63350 59575 61000 66075
95500 63350 59575 61000 66075
95600 63350 59575 61000 66075
95700 63350 59575 61000 66075
95800 63350 59575 61000 66075
95900 63350 59575 61000 66075
96000 63350 59575 61000 66075
96100 63350 59575 61000 66075
96200 63350 59575 61000 66075
96300 63350 59575 61000 66075
96400 63350 59575 61000 66075
96500 63350 59575 61000 66075
96600 63350 59575 61000 66075
96700 63350 59575 61000 66075
96800 63350 59575 61000 66075
96900 63325 59575 61025 66075
97000 63325 59575 61025 66075
97100 63325 59575 61025 66075
97200 63350 59550 61025 66075
97300 63350 59550 61025 66075
97400 63350 59550 61025 66075
97500 63325 59550 61050 66075
97600 63300 59575 61050 66075
97700 63300 59575 61050 66075
97800 63300 59575 61050 66075
97900 63300 59575 61050 66075
98000 63300 59575 61050 66075
98100 63300 59575 61050 66075
98200 63300 59575 61050 66075
98300 63300 59575 61050 66075
98400 63300 59575 61050 66075
98500 63300 59575 61050 66075
98600 63300 59575 61050 66075
98700 63300 59575 61050 66075
98800 63300 59575 61050 66075
98900 63300 59575 61050 66075
99000 63300 59575 61050 66075
99100 63300 59575 61050 66075
99200 63300 59575 61050 66075
99300 63300 59575 61050 66075
99400 63300 59575 61050 66075
99500 63300 59575 61050 66075
99600 63300 59575 61050 66075
99700 63300 59575 61050 66075
99800 63300 59575 61050 66075
99900 63300 59575 61050 66075
100000 63275 59575 61075 66075
