0 68600 59575 55850 65975
100 68550 59625 55850 65975
200 68525 59650 55875 65950
300 68450 59700 55925 65925
400 68425 59700 55950 65925
500 68425 59725 55900 65950
600 68375 59725 55925 65975
700 68325 59775 55900 66000
800 68325 59800 55900 65975
900 68350 59800 55900 65950
1000 68425 59775 55925 65875
1100 68375 59825 55925 65875
1200 68350 59825 55950 65875
1300 68350 59850 56000 65800
1400 68300 59925 55950 65825
1500 68300 59925 55925 65850
1600 68250 59950 55925 65875
1700 68275 59925 55925 65875
1800 68275 59850 55925 65950
1900 68175 59925 55950 65950
2000 68125 60000 55925 65950
2100 68175 60000 55900 65925
2200 68175 60025 55850 65950
2300 68100 60100 55875 65925
2400 68125 60075 55900 65900
2500 68175 60150 55875 65800
2600 68200 60150 55850 65800
2700 68200 60175 55825 65800
2800 68125 60200 55825 65850
2900 68125 60200 55825 65850
3000 68125 60175 55825 65875
3100 68125 60175 55850 65850
3200 68175 60150 55850 65825
3300 68225 60125 55875 65775
3400 68225 60125 55850 65800
3500 68200 60175 55825 65800
3600 68225 60175 55825 65775
3700 68175 60150 55875 65800
3800 68100 60175 55900 65825
3900 68050 60275 55875 65800
4000 68075 60250 55850 65825
4100 68100 60200 55850 65850
4200 68075 60225 55850 65850
4300 68075 60225 55850 65850
4400 68075 60250 55850 65825
4500 68100 60225 55875 65800
4600 68075 60250 55875 65800
4700 68100 60250 55875 65775
4800 68150 60250 55875 65725
4900 68125 60200 55925 65750
5000 68100 60250 55925 65725
5100 68100 60275 55875 65750
5200 68025 60325 55900 65750
5300 68025 60375 55875 65725
5400 67925 60475 55900 65700
5500 67850 60475 55950 65725
5600 67900 60425 55950 65725
5700 67875 60450 55925 65750
5800 67875 60425 55925 65775
5900 67875 60425 55925 65775
6000 67875 60425 55975 65725
6100 67925 60425 55975 65675
6200 67875 60400 56000 65725
6300 67900 60400 56000 65700
6400 67900 60375 55975 65750
6500 67950 60400 55925 65725
6600 67950 60400 55950 65700
6700 67925 60425 55950 65700
6800 67950 60375 55950 65725
6900 67950 60375 55900 65775
7000 67925 60400 55875 65800
7100 67900 60400 55875 65825
7200 67850 60425 55825 65900
7300 67825 60475 55825 65875
7400 67825 60500 55850 65825
7500 67825 60525 55825 65825
7600 67800 60550 55825 65825
7700 67775 60550 55850 65825
7800 67675 60625 55875 65825
7900 67675 60650 55875 65800
8000 67625 60675 55850 65850
8100 67600 60625 55875 65900
8200 67600 60625 55875 65900
8300 67625 60625 55875 65875
8400 67675 60625 55875 65825
8500 67650 60625 55900 65825
8600 67650 60625 55925 65800
8700 67650 60600 55925 65825
8800 67650 60575 55925 65850
8900 67650 60600 55900 65850
9000 67675 60600 55900 65825
9100 67650 60600 55925 65825
9200 67675 60625 55900 65800
9300 67725 60600 55925 65750
9400 67750 60575 55925 65750
9500 67750 60600 55900 65750
9600 67725 60600 55950 65725
9700 67725 60600 55950 65725
9800 67725 60625 55900 65750
9900 67700 60650 55925 65725
10000 67675 60650 55950 65725
10100 67675 60650 55950 65725
10200 67725 60650 56000 65625
10300 67725 60650 56025 65600
10400 67700 60675 56025 65600
10500 67725 60650 56000 65625
10600 67725 60675 56000 65600
10700 67725 60675 56025 65575
10800 67675 60675 56050 65600
10900 67725 60600 56075 65600
11000 67725 60625 56050 65600
11100 67725 60600 56050 65625
11200 67725 60600 56050 65625
11300 67650 60650 56050 65650
11400 67650 60650 56025 65675
11500 67650 60650 56000 65700
11600 67650 60650 55975 65725
11700 67600 60675 56000 65725
11800 67625 60650 56000 65725
11900 67625 60725 55925 65725
12000 67600 60725 55950 65725
12100 67600 60725 55975 65700
12200 67550 60750 56000 65700
12300 67525 60750 56050 65675
12400 67550 60750 56050 65650
12500 67550 60750 56050 65650
12600 67550 60750 56050 65650
12700 67550 60750 56100 65600
12800 67575 60750 56075 65600
12900 67575 60775 56075 65575
13000 67575 60775 56100 65550
13100 67575 60775 56125 65525
13200 67575 60825 56075 65525
13300 67625 60775 56075 65525
13400 67625 60775 56075 65525
13500 67625 60775 56075 65525
13600 67600 60775 56075 65550
13700 67550 60800 56125 65525
13800 67525 60800 56125 65550
13900 67525 60800 56125 65550
14000 67525 60800 56100 65575
14100 67550 60800 56075 65575
14200 67525 60825 56075 65575
14300 67500 60825 56075 65600
14400 67500 60825 56075 65600
14500 67500 60825 56075 65600
14600 67525 60900 56025 65550
14700 67525 60925 56000 65550
14800 67525 60925 56000 65550
14900 67525 60925 56000 65550
15000 67525 60925 56000 65550
15100 67575 60925 55975 65525
15200 67575 60925 55950 65550
15300 67575 60925 55950 65550
15400 67575 60925 55975 65525
15500 67550 60925 56000 65525
15600 67550 60900 56000 65550
15700 67575 60900 56000 65525
15800 67575 60900 56025 65500
15900 67575 60900 56025 65500
16000 67575 60900 56075 65450
16100 67600 60875 56050 65475
16200 67600 60875 56025 65500
16300 67625 60875 56025 65475
16400 67625 60900 56025 65450
16500 67600 60925 56050 65425
16600 67625 60875 56075 65425
16700 67600 60900 56075 65425
16800 67600 60925 56075 65400
16900 67600 60925 56100 65375
17000 67600 60925 56100 65375
17100 67600 60925 56100 65375
17200 67600 60925 56100 65375
17300 67600 60925 56100 65375
17400 67600 60925 56100 65375
17500 67575 60925 56125 65375
17600 67550 60925 56150 65375
17700 67525 60950 56150 65375
17800 67525 60975 56075 65425
17900 67525 61025 56000 65450
18000 67475 61050 56000 65475
18100 67500 61100 55950 65450
18200 67525 61075 55950 65450
18300 67525 61075 55950 65450
18400 67550 61075 55950 65425
18500 67550 61075 55925 65450
18600 67550 61075 55925 65450
18700 67550 61075 55925 65450
18800 67550 61075 55925 65450
18900 67550 61075 55925 65450
19000 67550 61075 55925 65450
19100 67525 61075 55950 65450
19200 67525 61100 55925 65450
19300 67550 61100 55925 65425
19400 67550 61075 55925 65450
19500 67525 61075 55925 65475
19600 67500 61100 55925 65475
19700 67525 61075 55950 65450
19800 67500 61075 55950 65475
19900 67500 61075 55950 65475
20000 67450 61100 55950 65500
20100 67450 61075 55950 65525
20200 67450 61075 55950 65525
20300 67450 61075 55950 65525
20400 67450 61075 55975 65500
20500 67450 61100 55950 65500
20600 67450 61100 55950 65500
20700 67450 61100 55950 65500
20800 67450 61100 55950 65500
20900 67450 61075 55925 65550
21000 67450 61075 55950 65525
21100 67425 61075 55975 65525
21200 67400 61100 55975 65525
21300 67400 61100 55975 65525
21400 67400 61100 55975 65525
21500 67375 61100 56000 65525
21600 67375 61100 56000 65525
21700 67400 61075 56000 65525
21800 67400 61125 55975 65500
21900 67425 61150 55950 65475
22000 67450 61150 55950 65450
22100 67450 61150 55950 65450
22200 67450 61175 55925 65450
22300 67450 61150 55925 65475
22400 67450 61125 55925 65500
22500 67450 61125 55925 65500
22600 67450 61150 55900 65500
22700 67450 61150 55900 65500
22800 67450 61175 55850 65525
22900 67475 61150 55850 65525
23000 67525 61125 55875 65475
23100 67500 61150 55850 65500
23200 67475 61175 55850 65500
23300 67475 61175 55850 65500
23400 67500 61175 55850 65475
23500 67500 61200 55850 65450
23600 67500 61200 55850 65450
23700 67500 61225 55850 65425
23800 67475 61225 55875 65425
23900 67475 61200 55875 65450
24000 67475 61200 55875 65450
24100 67450 61225 55875 65450
24200 67425 61225 55900 65450
24300 67400 61225 55925 65450
24400 67375 61225 55950 65450
24500 67375 61225 55950 65450
24600 67375 61225 55950 65450
24700 67350 61225 55975 65450
24800 67375 61175 55950 65500
24900 67375 61175 55950 65500
25000 67350 61175 55975 65500
25100 67350 61200 55950 65500
25200 67300 61250 55950 65500
25300 67300 61250 55975 65475
25400 67300 61250 55975 65475
25500 67325 61225 55975 65475
25600 67325 61225 55975 65475
25700 67325 61225 55975 65475
25800 67325 61225 55975 65475
25900 67325 61225 55975 65475
26000 67325 61250 55950 65475
26100 67325 61250 55975 65450
26200 67300 61275 55975 65450
26300 67275 61275 55975 65475
26400 67300 61250 55975 65475
26500 67300 61250 55975 65475
26600 67300 61275 55950 65475
26700 67300 61300 55925 65475
26800 67325 61300 55900 65475
26900 67325 61275 55900 65500
27000 67300 61275 55925 65500
27100 67300 61275 55900 65525
27200 67300 61300 55875 65525
27300 67325 61275 55875 65525
27400 67325 61275 55875 65525
27500 67350 61275 55850 65525
27600 67325 61300 55825 65550
27700 67325 61300 55850 65525
27800 67325 61300 55850 65525
27900 67325 61325 55825 65525
28000 67325 61325 55825 65525
28100 67325 61350 55800 65525
28200 67325 61350 55825 65500
28300 67350 61350 55825 65475
28400 67350 61350 55825 65475
28500 67350 61350 55825 65475
28600 67350 61375 55825 65450
28700 67350 61375 55825 65450
28800 67375 61375 55825 65425
28900 67375 61350 55825 65450
29000 67375 61350 55825 65450
29100 67350 61350 55850 65450
29200 67350 61350 55850 65450
29300 67350 61350 55875 65425
29400 67325 61350 55875 65450
29500 67325 61350 55875 65450
29600 67300 61350 55900 65450
29700 67300 61350 55900 65450
29800 67300 61350 55900 65450
29900 67325 61300 55900 65475
30000 67325 61300 55900 65475
30100 67325 61300 55900 65475
30200 67325 61325 55875 65475
30300 67325 61325 55875 65475
30400 67325 61325 55875 65475
30500 67325 61325 55875 65475
30600 67325 61350 55850 65475
30700 67350 61325 55850 65475
30800 67350 61350 55800 65500
30900 67350 61325 55800 65525
31000 67350 61325 55775 65550
31100 67350 61325 55775 65550
31200 67350 61325 55775 65550
31300 67325 61375 55775 65525
31400 67300 61375 55800 65525
31500 67300 61375 55775 65550
31600 67325 61400 55775 65500
31700 67300 61425 55750 65525
31800 67275 61425 55775 65525
31900 67275 61425 55800 65500
32000 67275 61425 55800 65500
32100 67275 61425 55800 65500
32200 67275 61425 55800 65500
32300 67275 61425 55800 65500
32400 67275 61450 55775 65500
32500 67300 61450 55775 65475
32600 67300 61425 55775 65500
32700 67300 61425 55775 65500
32800 67300 61425 55800 65475
32900 67300 61450 55800 65450
33000 67300 61425 55800 65475
33100 67300 61425 55800 65475
33200 67300 61400 55825 65475
33300 67325 61425 55775 65475
33400 67325 61450 55750 65475
33500 67325 61450 55750 65475
33600 67325 61450 55750 65475
33700 67350 61450 55750 65450
33800 67325 61450 55775 65450
33900 67350 61450 55775 65425
34000 67325 61475 55775 65425
34100 67325 61450 55800 65425
34200 67325 61450 55800 65425
34300 67325 61450 55800 65425
34400 67325 61450 55800 65425
34500 67325 61475 55775 65425
34600 67325 61475 55775 65425
34700 67325 61475 55775 65425
34800 67350 61450 55750 65450
34900 67375 61450 55750 65425
35000 67400 61425 55775 65400
35100 67400 61425 55775 65400
35200 67400 61400 55775 65425
35300 67400 61375 55800 65425
35400 67400 61350 55800 65450
35500 67400 61375 55800 65425
35600 67400 61375 55800 65425
35700 67350 61400 55825 65425
35800 67350 61400 55800 65450
35900 67350 61400 55800 65450
36000 67350 61400 55825 65425
36100 67325 61425 55825 65425
36200 67325 61425 55825 65425
36300 67325 61425 55800 65450
36400 67325 61425 55800 65450
36500 67325 61425 55800 65450
36600 67325 61425 55800 65450
36700 67300 61425 55825 65450
36800 67300 61425 55825 65450
36900 67300 61425 55825 65450
37000 67300 61425 55825 65450
37100 67300 61425 55825 65450
37200 67300 61425 55825 65450
37300 67300 61425 55825 65450
37400 67275 61475 55800 65450
37500 67275 61475 55800 65450
37600 67275 61475 55800 65450
37700 67250 61475 55800 65475
37800 67250 61450 55800 65500
37900 67250 61450 55800 65500
38000 67225 61450 55800 65525
38100 67225 61450 55800 65525
38200 67225 61450 55800 65525
38300 67225 61450 55825 65500
38400 67225 61425 55850 65500
38500 67225 61425 55850 65500
38600 67225 61425 55850 65500
38700 67225 61425 55850 65500
38800 67275 61425 55850 65450
38900 67300 61425 55825 65450
39000 67300 61425 55825 65450
39100 67275 61425 55850 65450
39200 67225 61425 55875 65475
39300 67225 61450 55850 65475
39400 67225 61475 55825 65475
39500 67225 61475 55825 65475
39600 67225 61475 55825 65475
39700 67200 61475 55850 65475
39800 67200 61500 55825 65475
39900 67200 61500 55825 65475
40000 67200 61500 55825 65475
40100 67200 61500 55825 65475
40200 67200 61500 55850 65450
40300 67200 61500 55850 65450
40400 67200 61475 55825 65500
40500 67200 61475 55825 65500
40600 67200 61525 55775 65500
40700 67200 61525 55775 65500
40800 67175 61550 55800 65475
40900 67175 61575 55775 65475
41000 67200 61575 55775 65450
41100 67225 61600 55750 65425
41200 67225 61600 55800 65375
41300 67275 61550 55775 65400
41400 67275 61550 55775 65400
41500 67275 61525 55775 65425
41600 67250 61525 55825 65400
41700 67225 61550 55825 65400
41800 67200 61575 55825 65400
41900 67200 61575 55825 65400
42000 67200 61575 55825 65400
42100 67200 61575 55825 65400
42200 67200 61575 55825 65400
42300 67200 61575 55825 65400
42400 67200 61600 55825 65375
42500 67200 61600 55850 65350
42600 67225 61600 55850 65325
42700 67250 61600 55850 65300
42800 67250 61600 55850 65300
42900 67250 61600 55850 65300
43000 67250 61575 55875 65300
43100 67250 61575 55875 65300
43200 67300 61575 55875 65250
43300 67275 61550 55900 65275
43400 67275 61550 55900 65275
43500 67275 61550 55900 65275
43600 67275 61550 55900 65275
43700 67325 61550 55875 65250
43800 67275 61575 55900 65250
43900 67275 61575 55900 65250
44000 67275 61550 55925 65250
44100 67275 61550 55925 65250
44200 67275 61550 55925 65250
44300 67275 61550 55925 65250
44400 67275 61550 55925 65250
44500 67275 61550 55925 65250
44600 67275 61550 55925 65250
44700 67275 61525 55925 65275
44800 67275 61525 55925 65275
44900 67275 61525 55925 65275
45000 67275 61525 55925 65275
45100 67275 61525 55925 65275
45200 67275 61550 55900 65275
45300 67275 61550 55900 65275
45400 67275 61550 55900 65275
45500 67275 61575 55875 65275
45600 67275 61575 55875 65275
45700 67250 61575 55900 65275
45800 67225 61575 55900 65300
45900 67200 61600 55900 65300
46000 67200 61600 55900 65300
46100 67200 61600 55900 65300
46200 67200 61575 55900 65325
46300 67200 61575 55900 65325
46400 67200 61575 55900 65325
46500 67200 61575 55900 65325
46600 67200 61575 55900 65325
46700 67200 61575 55900 65325
46800 67200 61575 55875 65350
46900 67200 61575 55875 65350
47000 67175 61575 55900 65350
47100 67175 61575 55900 65350
47200 67175 61575 55900 65350
47300 67200 61575 55900 65325
47400 67175 61575 55900 65350
47500 67175 61575 55900 65350
47600 67175 61600 55875 65350
47700 67175 61600 55875 65350
47800 67175 61600 55875 65350
47900 67175 61575 55875 65375
48000 67200 61575 55875 65350
48100 67200 61575 55875 65350
48200 67200 61575 55900 65325
48300 67200 61600 55875 65325
48400 67175 61625 55875 65325
48500 67150 61625 55875 65350
48600 67150 61625 55875 65350
48700 67150 61625 55875 65350
48800 67150 61625 55875 65350
48900 67125 61625 55900 65350
49000 67125 61625 55875 65375
49100 67125 61600 55875 65400
49200 67125 61600 55850 65425
49300 67125 61625 55825 65425
49400 67125 61625 55825 65425
49500 67125 61625 55825 65425
49600 67125 61625 55850 65400
49700 67125 61625 55850 65400
49800 67125 61625 55850 65400
49900 67150 61625 55850 65375
50000 67150 61650 55825 65375
50100 67150 61650 55825 65375
50200 67125 61650 55850 65375
50300 67125 61700 55800 65375
50400 67150 61725 55775 65350
50500 67150 61725 55775 65350
50600 67150 61750 55750 65350
50700 67150 61725 55775 65350
50800 67150 61725 55775 65350
50900 67150 61725 55775 65350
51000 67150 61725 55775 65350
51100 67150 61700 55775 65375
51200 67125 61700 55800 65375
51300 67125 61700 55800 65375
51400 67125 61700 55800 65375
51500 67125 61700 55800 65375
51600 67150 61700 55800 65350
51700 67150 61675 55800 65375
51800 67175 61675 55800 65350
51900 67150 61675 55800 65375
52000 67175 61650 55800 65375
52100 67175 61625 55825 65375
52200 67150 61625 55850 65375
52300 67150 61625 55850 65375
52400 67150 61625 55850 65375
52500 67150 61625 55850 65375
52600 67150 61625 55850 65375
52700 67150 61625 55850 65375
52800 67150 61625 55850 65375
52900 67175 61625 55850 65350
53000 67175 61625 55875 65325
53100 67200 61625 55875 65300
53200 67225 61600 55875 65300
53300 67250 61600 55875 65275
53400 67250 61600 55875 65275
53500 67250 61600 55875 65275
53600 67275 61600 55850 65275
53700 67250 61600 55875 65275
53800 67250 61600 55875 65275
53900 67250 61600 55875 65275
54000 67250 61600 55875 65275
54100 67250 61575 55875 65300
54200 67250 61600 55850 65300
54300 67250 61600 55850 65300
54400 67200 61600 55900 65300
54500 67175 61625 55900 65300
54600 67200 61625 55900 65275
54700 67200 61600 55900 65300
54800 67200 61600 55900 65300
54900 67200 61600 55900 65300
55000 67200 61625 55875 65300
55100 67200 61625 55875 65300
55200 67200 61625 55875 65300
55300 67200 61625 55875 65300
55400 67200 61625 55875 65300
55500 67175 61625 55875 65325
55600 67150 61650 55875 65325
55700 67150 61650 55875 65325
55800 67125 61675 55875 65325
55900 67125 61650 55900 65325
56000 67125 61650 55900 65325
56100 67125 61650 55900 65325
56200 67100 61675 55900 65325
56300 67075 61675 55925 65325
56400 67075 61675 55925 65325
56500 67075 61675 55925 65325
56600 67075 61675 55925 65325
56700 67050 61675 55925 65350
56800 67050 61675 55925 65350
56900 67050 61675 55950 65325
57000 67050 61650 55925 65375
57100 67075 61650 55925 65350
57200 67075 61625 55925 65375
57300 67075 61650 55900 65375
57400 67075 61650 55900 65375
57500 67100 61625 55900 65375
57600 67100 61625 55900 65375
57700 67100 61625 55900 65375
57800 67100 61625 55900 65375
57900 67100 61625 55900 65375
58000 67100 61625 55900 65375
58100 67075 61625 55900 65400
58200 67075 61625 55900 65400
58300 67075 61625 55900 65400
58400 67075 61625 55900 65400
58500 67075 61625 55900 65400
58600 67100 61625 55900 65375
58700 67100 61625 55900 65375
58800 67100 61625 55900 65375
58900 67100 61625 55900 65375
59000 67100 61625 55900 65375
59100 67100 61625 55900 65375
59200 67100 61650 55875 65375
59300 67100 61650 55875 65375
59400 67100 61650 55875 65375
59500 67100 61625 55875 65400
59600 67100 61600 55875 65425
59700 67100 61625 55850 65425
59800 67100 61625 55850 65425
59900 67100 61600 55875 65425
60000 67100 61575 55900 65425
60100 67100 61575 55900 65425
60200 67100 61575 55900 65425
60300 67050 61575 55900 65475
60400 67075 61575 55900 65450
60500 67075 61575 55900 65450
60600 67075 61600 55875 65450
60700 67075 61600 55875 65450
60800 67075 61600 55875 65450
60900 67075 61600 55875 65450
61000 67100 61600 55825 65475
61100 67100 61600 55825 65475
61200 67100 61600 55825 65475
61300 67100 61600 55825 65475
61400 67100 61625 55800 65475
61500 67100 61625 55800 65475
61600 67100 61600 55800 65500
61700 67100 61600 55800 65500
61800 67100 61600 55800 65500
61900 67100 61600 55800 65500
62000 67100 61600 55800 65500
62100 67100 61575 55800 65525
62200 67100 61575 55800 65525
62300 67100 61575 55800 65525
62400 67100 61575 55800 65525
62500 67100 61600 55775 65525
62600 67075 61600 55800 65525
62700 67075 61600 55800 65525
62800 67075 61600 55800 65525
62900 67100 61625 55775 65500
63000 67100 61625 55775 65500
63100 67100 61625 55775 65500
63200 67100 61625 55800 65475
63300 67075 61625 55800 65500
63400 67075 61625 55800 65500
63500 67075 61600 55800 65525
63600 67075 61625 55775 65525
63700 67075 61625 55775 65525
63800 67100 61625 55775 65500
63900 67100 61625 55775 65500
64000 67100 61625 55775 65500
64100 67100 61625 55775 65500
64200 67075 61650 55775 65500
64300 67100 61625 55775 65500
64400 67100 61625 55775 65500
64500 67100 61625 55775 65500
64600 67100 61625 55775 65500
64700 67125 61625 55775 65475
64800 67125 61625 55775 65475
64900 67125 61625 55775 65475
65000 67125 61625 55775 65475
65100 67125 61625 55775 65475
65200 67100 61600 55800 65500
65300 67125 61625 55775 65475
65400 67125 61625 55775 65475
65500 67125 61625 55775 65475
65600 67125 61625 55775 65475
65700 67125 61625 55775 65475
65800 67125 61625 55750 65500
65900 67150 61625 55750 65475
66000 67150 61625 55750 65475
66100 67125 61625 55750 65500
66200 67150 61625 55750 65475
66300 67150 61600 55750 65500
66400 67175 61600 55750 65475
66500 67175 61600 55750 65475
66600 67175 61600 55750 65475
66700 67175 61575 55750 65500
66800 67175 61600 55725 65500
66900 67175 61600 55725 65500
67000 67175 61600 55725 65500
67100 67200 61600 55700 65500
67200 67200 61600 55700 65500
67300 67200 61575 55725 65500
67400 67200 61575 55750 65475
67500 67200 61575 55750 65475
67600 67200 61600 55775 65425
67700 67200 61600 55775 65425
67800 67200 61600 55775 65425
67900 67200 61600 55775 65425
68000 67200 61575 55775 65450
68100 67200 61550 55775 65475
68200 67200 61550 55775 65475
68300 67225 61550 55775 65450
68400 67225 61550 55775 65450
68500 67225 61550 55775 65450
68600 67225 61550 55775 65450
68700 67175 61575 55775 65475
68800 67175 61575 55775 65475
68900 67175 61575 55775 65475
69000 67175 61575 55775 65475
69100 67200 61575 55775 65450
69200 67200 61575 55750 65475
69300 67200 61575 55750 65475
69400 67200 61575 55750 65475
69500 67200 61575 55750 65475
69600 67200 61575 55750 65475
69700 67200 61550 55750 65500
69800 67200 61550 55750 65500
69900 67200 61550 55750 65500
70000 67200 61550 55750 65500
70100 67200 61550 55750 65500
70200 67200 61550 55750 65500
70300 67200 61525 55750 65525
70400 67200 61525 55750 65525
70500 67200 61525 55750 65525
70600 67200 61525 55750 65525
70700 67200 61525 55750 65525
70800 67200 61525 55750 65525
70900 67200 61525 55750 65525
71000 67200 61525 55750 65525
71100 67175 61550 55750 65525
71200 67175 61525 55750 65550
71300 67175 61525 55750 65550
71400 67175 61500 55750 65575
71500 67200 61500 55750 65550
71600 67200 61500 55750 65550
71700 67200 61500 55750 65550
71800 67200 61500 55750 65550
71900 67175 61500 55775 65550
72000 67175 61500 55775 65550
72100 67175 61500 55775 65550
72200 67175 61500 55750 65575
72300 67175 61500 55750 65575
72400 67175 61500 55750 65575
72500 67175 61525 55725 65575
72600 67175 61500 55725 65600
72700 67150 61500 55725 65625
72800 67150 61500 55725 65625
72900 67150 61500 55725 65625
73000 67150 61500 55725 65625
73100 67125 61500 55750 65625
73200 67150 61500 55750 65600
73300 67150 61500 55750 65600
73400 67150 61525 55725 65600
73500 67150 61550 55700 65600
73600 67150 61550 55700 65600
73700 67150 61525 55725 65600
73800 67150 61525 55725 65600
73900 67150 61500 55725 65625
74000 67150 61500 55725 65625
74100 67150 61475 55750 65625
74200 67150 61475 55750 65625
74300 67150 61475 55750 65625
74400 67150 61475 55750 65625
74500 67150 61475 55750 65625
74600 67150 61475 55750 65625
74700 67150 61475 55750 65625
74800 67150 61475 55750 65625
74900 67150 61475 55750 65625
75000 67150 61475 55750 65625
75100 67150 61500 55725 65625
75200 67150 61475 55725 65650
75300 67150 61475 55725 65650
75400 67150 61475 55700 65675
75500 67150 61475 55700 65675
75600 67150 61475 55700 65675
75700 67150 61475 55700 65675
75800 67150 61475 55700 65675
75900 67150 61475 55700 65675
76000 67150 61475 55700 65675
76100 67125 61500 55700 65675
76200 67125 61500 55700 65675
76300 67125 61500 55700 65675
76400 67125 61500 55700 65675
76500 67125 61500 55700 65675
76600 67150 61500 55700 65650
76700 67150 61500 55700 65650
76800 67150 61500 55700 65650
76900 67150 61500 55700 65650
77000 67150 61500 55700 65650
77100 67150 61500 55700 65650
77200 67150 61525 55675 65650
77300 67150 61525 55675 65650
77400 67150 61525 55675 65650
77500 67150 61525 55675 65650
77600 67150 61525 55675 65650
77700 67150 61525 55675 65650
77800 67150 61525 55675 65650
77900 67150 61525 55675 65650
78000 67150 61525 55675 65650
78100 67150 61525 55675 65650
78200 67175 61550 55675 65600
78300 67150 61550 55675 65625
78400 67150 61550 55675 65625
78500 67150 61550 55675 65625
78600 67150 61550 55700 65600
78700 67150 61575 55675 65600
78800 67150 61575 55675 65600
78900 67125 61600 55675 65600
79000 67150 61575 55675 65600
79100 67150 61575 55675 65600
79200 67125 61600 55650 65625
79300 67125 61600 55650 65625
79400 67150 61600 55650 65600
79500 67175 61600 55650 65575
79600 67175 61600 55650 65575
79700 67175 61625 55625 65575
79800 67150 61625 55625 65600
79900 67150 61625 55625 65600
80000 67150 61625 55625 65600
80100 67150 61625 55625 65600
80200 67150 61625 55625 65600
80300 67150 61625 55625 65600
80400 67150 61600 55650 65600
80500 67150 61600 55650 65600
80600 67125 61625 55650 65600
80700 67100 61650 55650 65600
80800 67100 61650 55650 65600
80900 67100 61650 55650 65600
81000 67100 61650 55650 65600
81100 67100 61650 55650 65600
81200 67100 61650 55650 65600
81300 67100 61650 55650 65600
81400 67100 61650 55675 65575
81500 67100 61650 55675 65575
81600 67125 61650 55675 65550
81700 67125 61650 55675 65550
81800 67125 61650 55675 65550
81900 67075 61650 55725 65550
82000 67075 61625 55750 65550
82100 67075 61625 55750 65550
82200 67075 61625 55750 65550
82300 67075 61625 55750 65550
82400 67075 61625 55750 65550
82500 67075 61650 55725 65550
82600 67075 61650 55725 65550
82700 67075 61650 55725 65550
82800 67075 61650 55725 65550
82900 67075 61650 55725 65550
83000 67075 61650 55725 65550
83100 67050 61650 55725 65575
83200 67050 61650 55700 65600
83300 67075 61650 55675 65600
83400 67075 61650 55675 65600
83500 67075 61650 55675 65600
83600 67075 61650 55675 65600
83700 67075 61650 55675 65600
83800 67075 61650 55675 65600
83900 67075 61650 55675 65600
84000 67075 61650 55675 65600
84100 67100 61625 55675 65600
84200 67125 61625 55675 65575
84300 67125 61650 55650 65575
84400 67150 61650 55650 65550
84500 67150 61650 55650 65550
84600 67150 61650 55650 65550
84700 67150 61675 55650 65525
84800 67200 61675 55650 65475
84900 67200 61675 55650 65475
85000 67200 61675 55650 65475
85100 67200 61675 55650 65475
85200 67200 61675 55650 65475
85300 67200 61675 55650 65475
85400 67200 61675 55650 65475
85500 67200 61675 55650 65475
85600 67200 61675 55650 65475
85700 67200 61675 55650 65475
85800 67200 61675 55650 65475
85900 67200 61675 55650 65475
86000 67200 61675 55650 65475
86100 67200 61675 55650 65475
86200 67200 61675 55650 65475
86300 67200 61675 55650 65475
86400 67200 61650 55675 65475
86500 67200 61650 55675 65475
86600 67200 61650 55675 65475
86700 67200 61650 55675 65475
86800 67200 61650 55675 65475
86900 67200 61650 55675 65475
87000 67200 61650 55675 65475
87100 67200 61650 55675 65475
87200 67200 61650 55675 65475
87300 67200 61650 55675 65475
87400 67175 61650 55675 65500
87500 67175 61650 55675 65500
87600 67175 61650 55675 65500
87700 67175 61650 55675 65500
87800 67175 61650 55675 65500
87900 67175 61650 55675 65500
88000 67175 61650 55675 65500
88100 67175 61650 55675 65500
88200 67175 61650 55675 65500
88300 67175 61650 55675 65500
88400 67175 61650 55675 65500
88500 67175 61650 55675 65500
88600 67175 61650 55675 65500
88700 67200 61650 55675 65475
88800 67200 61650 55675 65475
88900 67200 61675 55650 65475
89000 67200 61675 55650 65475
89100 67200 61675 55650 65475
89200 67200 61675 55650 65475
89300 67175 61675 55650 65500
89400 67175 61675 55650 65500
89500 67200 61675 55650 65475
89600 67200 61675 55675 65450
89700 67200 61675 55675 65450
89800 67200 61675 55675 65450
89900 67200 61675 55675 65450
90000 67200 61675 55675 65450
90100 67200 61675 55675 65450
90200 67200 61675 55675 65450
90300 67200 61675 55675 65450
90400 67200 61650 55700 65450
90500 67200 61650 55700 65450
90600 67200 61650 55700 65450
90700 67200 61675 55675 65450
90800 67200 61675 55675 65450
90900 67200 61675 55675 65450
91000 67200 61675 55675 65450
91100 67200 61675 55675 65450
91200 67175 61675 55700 65450
91300 67175 61675 55700 65450
91400 67175 61675 55700 65450
91500 67150 61675 55700 65475
91600 67150 61675 55700 65475
91700 67150 61675 55700 65475
91800 67150 61675 55700 65475
91900 67150 61675 55700 65475
92000 67150 61650 55725 65475
92100 67150 61650 55725 65475
92200 67150 61650 55725 65475
92300 67150 61650 55725 65475
92400 67150 61650 55725 65475
92500 67150 61650 55725 65475
92600 67150 61650 55725 65475
92700 67150 61650 55725 65475
92800 67150 61650 55725 65475
92900 67125 61675 55725 65475
93000 67125 61675 55725 65475
93100 67125 61675 55725 65475
93200 67125 61675 55750 65450
93300 67125 61675 55750 65450
93400 67125 61675 55750 65450
93500 67125 61675 55750 65450
93600 67125 61675 55750 65450
93700 67125 61700 55725 65450
93800 67125 61700 55725 65450
93900 67125 61700 55725 65450
94000 67100 61700 55725 65475
94100 67100 61700 55725 65475
94200 67100 61700 55725 65475
94300 67125 61700 55725 65450
94400 67125 61700 55725 65450
94500 67125 61700 55725 65450
94600 67125 61700 55725 65450
94700 67125 61700 55725 65450
94800 67125 61700 55725 65450
94900 67125 61700 55725 65450
95000 67125 61700 55725 65450
95100 67125 61700 55725 65450
95200 67125 61700 55725 65450
95300 67125 61700 55725 65450
95400 67125 61700 55725 65450
95500 67125 61700 55725 65450
95600 67125 61700 55725 65450
95700 67125 61700 55725 65450
95800 67125 61700 55725 65450
95900 67125 61700 55725 65450
96000 67125 61700 55725 65450
96100 67125 61700 55725 65450
96200 67125 61700 55725 65450
96300 67125 61700 55725 65450
96400 67125 61700 55725 65450
96500 67125 61725 55700 65450
96600 67125 61725 55700 65450
96700 67125 61725 55700 65450
96800 67125 61725 55700 65450
96900 67125 61725 55700 65450
97000 67125 61725 55700 65450
97100 67150 61725 55700 65425
97200 67150 61725 55700 65425
97300 67150 61725 55700 65425
97400 67150 61725 55700 65425
97500 67150 61725 55700 65425
97600 67150 61700 55725 65425
97700 67125 61700 55725 65450
97800 67125 61700 55725 65450
97900 67125 61700 55725 65450
98000 67125 61700 55725 65450
98100 67100 61700 55725 65475
98200 67100 61725 55700 65475
98300 67100 61725 55700 65475
98400 67100 61725 55700 65475
98500 67100 61725 55700 65475
98600 67125 61725 55700 65450
98700 67125 61725 55700 65450
98800 67125 61725 55700 65450
98900 67125 61725 55700 65450
99000 67125 61725 55700 65450
99100 67100 61725 55725 65450
99200 67100 61700 55750 65450
99300 67100 61700 55750 65450
99400 67100 61700 55750 65450
99500 67100 61700 55750 65450
99600 67100 61700 55750 65450
99700 67100 61725 55725 65450
99800 67100 61725 55725 65450
99900 67100 61725 55725 65450
100000 67100 61725 55725 65450
