0 62775 64925 62850 59450
100 62725 64950 62875 59450
200 62725 64950 62875 59450
300 62700 64975 62875 59450
400 62725 64950 62875 59450
500 62675 65000 62900 59425
600 62700 65000 62875 59425
700 62650 64975 62900 59475
800 62650 65000 62825 59525
900 62625 65000 62825 59550
1000 62675 65000 62775 59550
1100 62625 65000 62800 59575
1200 62625 64975 62800 59600
1300 62625 64950 62825 59600
1400 62625 64950 62825 59600
1500 62575 64900 62850 59675
1600 62575 64925 62850 59650
1700 62550 64925 62875 59650
1800 62550 64900 62875 59675
1900 62550 64900 62825 59725
2000 62550 64900 62825 59725
2100 62500 64925 62850 59725
2200 62450 64950 62850 59750
2300 62425 64925 62850 59800
2400 62350 64925 62875 59850
2500 62375 64950 62850 59825
2600 62375 64975 62850 59800
2700 62375 64950 62850 59825
2800 62400 64900 62850 59850
2900 62375 64950 62825 59850
3000 62375 64950 62825 59850
3100 62400 64925 62825 59850
3200 62375 64950 62825 59850
3300 62325 64975 62825 59875
3400 62325 64975 62825 59875
3500 62300 64950 62850 59900
3600 62300 64975 62825 59900
3700 62300 65000 62825 59875
3800 62275 65000 62825 59900
3900 62275 65000 62825 59900
4000 62300 65000 62800 59900
4100 62225 65025 62800 59950
4200 62150 65050 62825 59975
4300 62150 65000 62825 60025
4400 62150 65000 62800 60050
4500 62150 65000 62800 60050
4600 62150 64975 62825 60050
4700 62150 64900 62875 60075
4800 62150 64925 62875 60050
4900 62175 64925 62825 60075
5000 62150 64950 62825 60075
5100 62125 64975 62825 60075
5200 62100 64975 62825 60100
5300 62100 65000 62825 60075
5400 62125 65000 62800 60075
5500 62100 64975 62825 60100
5600 62125 64975 62800 60100
5700 62075 64975 62825 60125
5800 62075 64975 62825 60125
5900 62075 64975 62825 60125
6000 62075 64950 62875 60100
6100 62075 64900 62900 60125
6200 62050 64875 62900 60175
6300 62050 64875 62900 60175
6400 62050 64900 62900 60150
6500 62000 64925 62900 60175
6600 62050 64950 62850 60150
6700 61975 64975 62875 60175
6800 62000 64950 62825 60225
6900 62000 64975 62800 60225
7000 62000 64975 62750 60275
7100 62000 64975 62775 60250
7200 61975 64975 62800 60250
7300 61975 64950 62775 60300
7400 61925 64950 62800 60325
7500 61900 64950 62825 60325
7600 61900 64950 62825 60325
7700 61925 64950 62825 60300
7800 61950 64925 62825 60300
7900 61925 64925 62800 60350
8000 61900 64925 62800 60375
8100 61875 64900 62825 60400
8200 61900 64900 62800 60400
8300 61900 64900 62800 60400
8400 61850 64925 62850 60375
8500 61850 64900 62850 60400
8600 61850 64850 62900 60400
8700 61875 64800 62925 60400
8800 61875 64825 62925 60375
8900 61925 64800 62900 60375
9000 61925 64800 62900 60375
9100 61900 64800 62900 60400
9200 61925 64775 62925 60375
9300 61875 64850 62900 60375
9400 61875 64850 62875 60400
9500 61800 64925 62875 60400
9600 61800 64925 62875 60400
9700 61775 64925 62875 60425
9800 61775 64950 62850 60425
9900 61775 64975 62850 60400
10000 61750 64950 62925 60375
10100 61725 64925 62950 60400
10200 61700 64925 62975 60400
10300 61675 64950 62975 60400
10400 61675 64925 62950 60450
10500 61650 64950 62950 60450
10600 61650 64975 62950 60425
10700 61675 64975 62925 60425
10800 61675 64975 62875 60475
10900 61675 64950 62850 60525
11000 61675 64925 62850 60550
11100 61650 64925 62850 60575
11200 61625 64925 62850 60600
11300 61625 64925 62875 60575
11400 61650 64925 62850 60575
11500 61650 64925 62850 60575
11600 61650 64925 62825 60600
11700 61675 64925 62800 60600
11800 61700 64950 62750 60600
11900 61700 64950 62750 60600
12000 61675 64925 62775 60625
12100 61650 64950 62775 60625
12200 61600 64950 62800 60650
12300 61600 64925 62825 60650
12400 61575 64925 62825 60675
12500 61575 64950 62850 60625
12600 61600 64950 62825 60625
12700 61575 64975 62825 60625
12800 61525 64975 62825 60675
12900 61500 65000 62825 60675
13000 61475 65025 62825 60675
13100 61475 65025 62825 60675
13200 61475 65025 62825 60675
13300 61475 65025 62775 60725
13400 61475 65000 62775 60750
13500 61525 64975 62750 60750
13600 61475 65000 62775 60750
13700 61475 65000 62775 60750
13800 61475 65000 62825 60700
13900 61500 65000 62800 60700
14000 61475 65000 62825 60700
14100 61500 64975 62825 60700
14200 61500 64950 62825 60725
14300 61500 64925 62825 60750
14400 61500 64900 62850 60750
14500 61475 64925 62850 60750
14600 61450 64950 62825 60775
14700 61425 64975 62825 60775
14800 61425 64975 62825 60775
14900 61375 64950 62825 60850
15000 61375 64950 62825 60850
15100 61375 64950 62825 60850
15200 61375 64950 62825 60850
15300 61350 64975 62800 60875
15400 61375 64950 62775 60900
15500 61375 64925 62775 60925
15600 61350 64925 62775 60950
15700 61375 64925 62750 60950
15800 61400 64900 62775 60925
15900 61400 64900 62775 60925
16000 61375 64900 62775 60950
16100 61375 64900 62775 60950
16200 61400 64900 62775 60925
16300 61400 64900 62750 60950
16400 61400 64900 62750 60950
16500 61400 64900 62775 60925
16600 61400 64875 62750 60975
16700 61350 64950 62750 60950
16800 61375 64925 62750 60950
16900 61350 64950 62750 60950
17000 61350 64900 62775 60975
17100 61250 64950 62800 61000
17200 61250 64950 62800 61000
17300 61250 64950 62800 61000
17400 61250 64950 62800 61000
17500 61250 64950 62800 61000
17600 61300 64925 62775 61000
17700 61300 64925 62775 61000
17800 61300 64925 62775 61000
17900 61300 64925 62775 61000
18000 61325 64900 62750 61025
18100 61275 64900 62775 61050
18200 61275 64900 62800 61025
18300 61275 64925 62800 61000
18400 61300 64925 62775 61000
18500 61300 64950 62800 60950
18600 61300 64950 62800 60950
18700 61275 64950 62775 61000
18800 61250 64975 62775 61000
18900 61275 64975 62750 61000
19000 61275 64975 62750 61000
19100 61250 64975 62725 61050
19200 61225 65000 62725 61050
19300 61250 64950 62750 61050
19400 61250 64925 62775 61050
19500 61225 64925 62775 61075
19600 61175 64950 62775 61100
19700 61175 64975 62775 61075
19800 61175 64975 62800 61050
19900 61175 64950 62825 61050
20000 61175 64975 62800 61050
20100 61175 65000 62800 61025
20200 61175 65000 62800 61025
20300 61150 64975 62775 61100
20400 61175 64950 62750 61125
20500 61175 64950 62775 61100
20600 61175 64950 62775 61100
20700 61150 64925 62775 61150
20800 61175 64925 62775 61125
20900 61175 64925 62775 61125
21000 61200 64900 62750 61150
21100 61200 64900 62750 61150
21200 61200 64900 62750 61150
21300 61200 64875 62750 61175
21400 61200 64875 62725 61200
21500 61200 64875 62725 61200
21600 61200 64900 62725 61175
21700 61225 64900 62700 61175
21800 61200 64925 62675 61200
21900 61200 64925 62675 61200
22000 61175 64925 62675 61225
22100 61175 64925 62675 61225
22200 61175 64925 62675 61225
22300 61150 64950 62700 61200
22400 61100 64925 62750 61225
22500 61075 64925 62775 61225
22600 61100 64900 62800 61200
22700 61100 64900 62800 61200
22800 61100 64900 62800 61200
22900 61100 64900 62800 61200
23000 61100 64900 62800 61200
23100 61100 64900 62800 61200
23200 61100 64900 62800 61200
23300 61100 64900 62800 61200
23400 61100 64925 62825 61150
23500 61050 64925 62825 61200
23600 61025 64950 62825 61200
23700 61025 64925 62825 61225
23800 61025 64925 62825 61225
23900 61050 64925 62800 61225
24000 61025 64975 62800 61200
24100 61025 64975 62775 61225
24200 61050 64975 62750 61225
24300 61075 64975 62725 61225
24400 61100 64950 62750 61200
24500 61100 64950 62775 61175
24600 61100 64950 62775 61175
24700 61100 64950 62750 61200
24800 61025 64925 62800 61250
24900 61050 64925 62800 61225
25000 61100 64900 62775 61225
25100 61100 64900 62775 61225
25200 61100 64900 62775 61225
25300 61100 64900 62775 61225
25400 61100 64900 62775 61225
25500 61075 64925 62775 61225
25600 61075 64925 62800 61200
25700 61100 64900 62800 61200
25800 61100 64925 62800 61175
25900 61100 64925 62775 61200
26000 61075 64950 62775 61200
26100 61075 64950 62800 61175
26200 61050 64950 62850 61150
26300 61075 64925 62800 61200
26400 61075 64925 62800 61200
26500 61075 64925 62800 61200
26600 61050 64925 62775 61250
26700 61050 64925 62800 61225
26800 61000 64950 62775 61275
26900 61025 64900 62800 61275
27000 61025 64900 62800 61275
27100 61000 64925 62800 61275
27200 60975 64925 62825 61275
27300 60975 64925 62825 61275
27400 60950 64950 62825 61275
27500 60950 64950 62825 61275
27600 60950 64950 62825 61275
27700 60950 64950 62800 61300
27800 60950 64950 62775 61325
27900 60925 64950 62775 61350
28000 60925 64950 62775 61350
28100 60925 64950 62775 61350
28200 60925 64950 62775 61350
28300 60925 64950 62775 61350
28400 60950 64950 62775 61325
28500 60925 64950 62775 61350
28600 60925 64950 62775 61350
28700 60925 64975 62775 61325
28800 60925 64975 62775 61325
28900 60950 64975 62775 61300
29000 60950 64975 62775 61300
29100 60950 64975 62775 61300
29200 60925 65000 62775 61300
29300 60925 65000 62775 61300
29400 60900 65000 62800 61300
29500 60900 64975 62800 61325
29600 60925 64975 62775 61325
29700 60975 64925 62775 61325
29800 61000 64900 62775 61325
29900 61000 64900 62775 61325
30000 61000 64875 62800 61325
30100 61000 64900 62750 61350
30200 61025 64875 62750 61350
30300 60975 64900 62750 61375
30400 60950 64925 62750 61375
30500 60950 64925 62750 61375
30600 60925 64925 62750 61400
30700 60925 64925 62750 61400
30800 60875 64975 62750 61400
30900 60875 64975 62750 61400
31000 60875 64975 62775 61375
31100 60850 64975 62800 61375
31200 60875 64950 62775 61400
31300 60850 64950 62800 61400
31400 60825 64950 62800 61425
31500 60775 65025 62800 61400
31600 60775 65025 62800 61400
31700 60800 65000 62800 61400
31800 60825 65000 62775 61400
31900 60825 65000 62750 61425
32000 60825 65000 62725 61450
32100 60825 64975 62750 61450
32200 60825 64975 62750 61450
32300 60825 64975 62750 61450
32400 60800 65000 62750 61450
32500 60800 65000 62750 61450
32600 60800 65000 62800 61400
32700 60775 65025 62800 61400
32800 60775 65000 62825 61400
32900 60775 65000 62800 61425
33000 60825 64975 62775 61425
33100 60775 64975 62800 61450
33200 60800 64975 62750 61475
33300 60800 64975 62750 61475
33400 60800 64975 62775 61450
33500 60775 65000 62800 61425
33600 60825 64950 62800 61425
33700 60850 64925 62775 61450
33800 60850 64925 62750 61475
33900 60825 64950 62750 61475
34000 60825 64950 62750 61475
34100 60850 64950 62750 61450
34200 60850 64950 62750 61450
34300 60825 64925 62750 61500
34400 60850 64925 62725 61500
34500 60850 64925 62725 61500
34600 60825 64900 62725 61550
34700 60825 64900 62750 61525
34800 60825 64900 62750 61525
34900 60825 64900 62750 61525
35000 60825 64900 62750 61525
35100 60800 64900 62750 61550
35200 60800 64900 62750 61550
35300 60800 64925 62750 61525
35400 60775 64925 62750 61550
35500 60800 64925 62725 61550
35600 60800 64900 62725 61575
35700 60800 64900 62725 61575
35800 60800 64900 62750 61550
35900 60800 64875 62750 61575
36000 60775 64900 62750 61575
36100 60775 64900 62750 61575
36200 60775 64900 62750 61575
36300 60800 64850 62725 61625
36400 60800 64850 62725 61625
36500 60800 64900 62700 61600
36600 60775 64925 62700 61600
36700 60775 64925 62700 61600
36800 60775 64925 62700 61600
36900 60800 64900 62700 61600
37000 60825 64875 62700 61600
37100 60825 64875 62700 61600
37200 60825 64875 62700 61600
37300 60825 64875 62700 61600
37400 60825 64875 62725 61575
37500 60825 64850 62750 61575
37600 60825 64850 62725 61600
37700 60825 64850 62725 61600
37800 60800 64875 62725 61600
37900 60800 64875 62725 61600
38000 60800 64850 62725 61625
38100 60800 64850 62700 61650
38200 60800 64850 62700 61650
38300 60775 64875 62700 61650
38400 60775 64875 62700 61650
38500 60775 64875 62725 61625
38600 60775 64875 62725 61625
38700 60775 64900 62725 61600
38800 60775 64900 62725 61600
38900 60775 64900 62725 61600
39000 60750 64925 62725 61600
39100 60775 64900 62725 61600
39200 60775 64900 62725 61600
39300 60750 64925 62725 61600
39400 60725 64925 62775 61575
39500 60725 64925 62750 61600
39600 60725 64925 62725 61625
39700 60750 64900 62700 61650
39800 60725 64925 62700 61650
39900 60725 64925 62700 61650
40000 60725 64925 62700 61650
40100 60700 64900 62700 61700
40200 60650 64925 62700 61725
40300 60650 64925 62675 61750
40400 60650 64925 62675 61750
40500 60650 64925 62675 61750
40600 60625 64925 62700 61750
40700 60625 64950 62700 61725
40800 60650 64950 62725 61675
40900 60650 64950 62725 61675
41000 60650 64950 62700 61700
41100 60650 64925 62700 61725
41200 60650 64925 62700 61725
41300 60625 64900 62725 61750
41400 60625 64900 62725 61750
41500 60625 64875 62775 61725
41600 60625 64875 62800 61700
41700 60625 64875 62750 61750
41800 60650 64850 62750 61750
41900 60650 64850 62750 61750
42000 60650 64850 62750 61750
42100 60650 64825 62775 61750
42200 60650 64825 62775 61750
42300 60650 64825 62775 61750
42400 60650 64825 62775 61750
42500 60650 64850 62775 61725
42600 60700 64800 62775 61725
42700 60700 64800 62775 61725
42800 60725 64775 62750 61750
42900 60725 64775 62725 61775
43000 60750 64750 62725 61775
43100 60750 64750 62725 61775
43200 60725 64775 62750 61750
43300 60725 64775 62750 61750
43400 60700 64775 62775 61750
43500 60725 64750 62775 61750
43600 60725 64750 62750 61775
43700 60725 64750 62775 61750
43800 60725 64750 62800 61725
43900 60725 64775 62775 61725
44000 60700 64825 62775 61700
44100 60700 64825 62775 61700
44200 60700 64825 62775 61700
44300 60675 64850 62775 61700
44400 60675 64850 62775 61700
44500 60675 64850 62775 61700
44600 60700 64825 62775 61700
44700 60700 64825 62775 61700
44800 60700 64825 62775 61700
44900 60700 64825 62775 61700
45000 60700 64825 62775 61700
45100 60675 64825 62775 61725
45200 60675 64825 62775 61725
45300 60675 64875 62750 61700
45400 60675 64875 62750 61700
45500 60625 64900 62775 61700
45600 60625 64875 62775 61725
45700 60625 64875 62775 61725
45800 60625 64900 62775 61700
45900 60625 64900 62775 61700
46000 60600 64900 62800 61700
46100 60625 64900 62775 61700
46200 60625 64900 62750 61725
46300 60600 64900 62725 61775
46400 60575 64925 62750 61750
46500 60575 64950 62775 61700
46600 60575 64950 62775 61700
46700 60575 64950 62775 61700
46800 60575 64950 62775 61700
46900 60600 64950 62750 61700
47000 60575 64975 62750 61700
47100 60600 64925 62775 61700
47200 60600 64925 62775 61700
47300 60600 64925 62775 61700
47400 60600 64925 62775 61700
47500 60600 64925 62775 61700
47600 60575 64975 62775 61675
47700 60550 65000 62775 61675
47800 60575 65000 62750 61675
47900 60550 65025 62750 61675
48000 60550 65025 62750 61675
48100 60550 65000 62750 61700
48200 60500 65050 62750 61700
48300 60500 65075 62725 61700
48400 60500 65075 62725 61700
48500 60525 65050 62700 61725
48600 60550 65075 62700 61675
48700 60550 65075 62700 61675
48800 60550 65075 62700 61675
48900 60550 65075 62700 61675
49000 60550 65075 62700 61675
49100 60550 65075 62700 61675
49200 60550 65075 62700 61675
49300 60525 65075 62725 61675
49400 60525 65075 62725 61675
49500 60525 65075 62725 61675
49600 60525 65075 62725 61675
49700 60500 65075 62750 61675
49800 60500 65075 62725 61700
49900 60525 65050 62750 61675
50000 60525 65075 62725 61675
50100 60525 65075 62725 61675
50200 60575 65025 62750 61650
50300 60575 65025 62725 61675
50400 60575 65025 62725 61675
50500 60575 65025 62725 61675
50600 60575 65000 62700 61725
50700 60575 65000 62725 61700
50800 60575 65000 62750 61675
50900 60575 65000 62750 61675
51000 60575 65000 62750 61675
51100 60575 65000 62750 61675
51200 60575 65000 62750 61675
51300 60550 65025 62750 61675
51400 60525 65025 62750 61700
51500 60525 65025 62750 61700
51600 60525 65025 62750 61700
51700 60525 65025 62750 61700
51800 60550 65000 62750 61700
51900 60600 64975 62725 61700
52000 60600 64975 62725 61700
52100 60600 64975 62725 61700
52200 60600 64975 62725 61700
52300 60600 64975 62725 61700
52400 60600 64975 62725 61700
52500 60600 64975 62725 61700
52600 60575 64975 62750 61700
52700 60575 64975 62750 61700
52800 60575 64975 62750 61700
52900 60600 64925 62775 61700
53000 60600 64925 62775 61700
53100 60625 64875 62800 61700
53200 60600 64875 62800 61725
53300 60625 64850 62800 61725
53400 60650 64850 62775 61725
53500 60650 64850 62800 61700
53600 60675 64825 62750 61750
53700 60675 64800 62775 61750
53800 60675 64800 62775 61750
53900 60675 64825 62775 61725
54000 60625 64850 62800 61725
54100 60625 64850 62825 61700
54200 60625 64850 62825 61700
54300 60625 64850 62825 61700
54400 60600 64850 62825 61725
54500 60600 64850 62825 61725
54600 60600 64825 62850 61725
54700 60600 64825 62850 61725
54800 60600 64825 62850 61725
54900 60600 64825 62850 61725
55000 60625 64825 62825 61725
55100 60625 64825 62825 61725
55200 60625 64825 62825 61725
55300 60575 64850 62850 61725
55400 60575 64850 62850 61725
55500 60575 64850 62850 61725
55600 60600 64850 62800 61750
55700 60600 64850 62800 61750
55800 60600 64850 62800 61750
55900 60600 64825 62800 61775
56000 60575 64850 62800 61775
56100 60575 64850 62800 61775
56200 60600 64850 62775 61775
56300 60600 64850 62800 61750
56400 60600 64850 62775 61775
56500 60600 64850 62750 61800
56600 60600 64850 62750 61800
56700 60575 64875 62750 61800
56800 60575 64875 62750 61800
56900 60575 64875 62750 61800
57000 60575 64875 62775 61775
57100 60575 64875 62775 61775
57200 60575 64875 62800 61750
57300 60600 64850 62775 61775
57400 60600 64850 62750 61800
57500 60600 64875 62750 61775
57600 60600 64850 62775 61775
57700 60575 64850 62800 61775
57800 60550 64875 62800 61775
57900 60525 64900 62800 61775
58000 60550 64850 62800 61800
58100 60550 64850 62800 61800
58200 60550 64850 62800 61800
58300 60575 64850 62775 61800
58400 60575 64850 62775 61800
58500 60575 64850 62775 61800
58600 60600 64850 62750 61800
58700 60575 64875 62750 61800
58800 60575 64875 62725 61825
58900 60575 64875 62725 61825
59000 60575 64900 62700 61825
59100 60575 64900 62700 61825
59200 60575 64900 62700 61825
59300 60575 64900 62700 61825
59400 60550 64900 62725 61825
59500 60550 64900 62725 61825
59600 60550 64900 62725 61825
59700 60525 64900 62750 61825
59800 60500 64900 62750 61850
59900 60525 64875 62725 61875
60000 60500 64900 62725 61875
60100 60500 64900 62750 61850
60200 60500 64900 62725 61875
60300 60500 64900 62725 61875
60400 60500 64900 62725 61875
60500 60500 64900 62725 61875
60600 60500 64875 62725 61900
60700 60475 64900 62725 61900
60800 60475 64925 62700 61900
60900 60500 64900 62675 61925
61000 60500 64900 62700 61900
61100 60500 64900 62700 61900
61200 60500 64900 62725 61875
61300 60500 64900 62725 61875
61400 60500 64900 62725 61875
61500 60475 64900 62725 61900
61600 60475 64900 62725 61900
61700 60450 64900 62775 61875
61800 60475 64900 62775 61850
61900 60475 64900 62775 61850
62000 60475 64900 62775 61850
62100 60475 64900 62775 61850
62200 60500 64875 62775 61850
62300 60475 64900 62775 61850
62400 60475 64900 62775 61850
62500 60475 64900 62800 61825
62600 60500 64875 62800 61825
62700 60500 64875 62800 61825
62800 60500 64875 62800 61825
62900 60500 64875 62800 61825
63000 60550 64850 62775 61825
63100 60525 64850 62800 61825
63200 60525 64850 62800 61825
63300 60525 64850 62800 61825
63400 60475 64875 62800 61850
63500 60450 64875 62825 61850
63600 60450 64850 62825 61875
63700 60475 64825 62825 61875
63800 60450 64850 62825 61875
63900 60450 64850 62825 61875
64000 60450 64875 62825 61850
64100 60450 64875 62825 61850
64200 60475 64850 62825 61850
64300 60475 64850 62825 61850
64400 60475 64850 62825 61850
64500 60475 64825 62850 61850
64600 60475 64800 62875 61850
64700 60475 64800 62875 61850
64800 60500 64775 62875 61850
64900 60500 64775 62875 61850
65000 60500 64775 62850 61875
65100 60475 64800 62850 61875
65200 60475 64800 62825 61900
65300 60475 64825 62800 61900
65400 60475 64825 62800 61900
65500 60475 64825 62825 61875
65600 60475 64825 62825 61875
65700 60475 64825 62825 61875
65800 60475 64825 62825 61875
65900 60475 64825 62825 61875
66000 60475 64825 62825 61875
66100 60475 64800 62825 61900
66200 60450 64825 62825 61900
66300 60450 64800 62850 61900
66400 60450 64800 62850 61900
66500 60450 64800 62850 61900
66600 60450 64775 62850 61925
66700 60450 64775 62875 61900
66800 60450 64750 62875 61925
66900 60475 64725 62875 61925
67000 60500 64750 62850 61900
67100 60475 64775 62850 61900
67200 60475 64775 62850 61900
67300 60475 64775 62850 61900
67400 60475 64775 62850 61900
67500 60475 64775 62850 61900
67600 60475 64775 62850 61900
67700 60475 64775 62850 61900
67800 60450 64800 62825 61925
67900 60450 64800 62825 61925
68000 60425 64800 62850 61925
68100 60425 64800 62850 61925
68200 60425 64775 62850 61950
68300 60375 64825 62825 61975
68400 60350 64850 62850 61950
68500 60350 64850 62850 61950
68600 60350 64850 62850 61950
68700 60325 64875 62850 61950
68800 60325 64875 62850 61950
68900 60300 64900 62850 61950
69000 60300 64900 62850 61950
69100 60300 64900 62850 61950
69200 60300 64900 62850 61950
69300 60300 64900 62850 61950
69400 60300 64900 62850 61950
69500 60300 64900 62850 61950
69600 60300 64925 62850 61925
69700 60300 64925 62875 61900
69800 60300 64925 62875 61900
69900 60300 64925 62875 61900
70000 60300 64900 62850 61950
70100 60300 64925 62850 61925
70200 60300 64925 62850 61925
70300 60300 64900 62875 61925
70400 60300 64900 62875 61925
70500 60325 64875 62850 61950
70600 60325 64875 62875 61925
70700 60350 64850 62850 61950
70800 60375 64850 62825 61950
70900 60375 64850 62825 61950
71000 60375 64850 62825 61950
71100 60375 64850 62825 61950
71200 60350 64850 62825 61975
71300 60350 64850 62825 61975
71400 60350 64850 62825 61975
71500 60350 64825 62800 62025
71600 60350 64825 62800 62025
71700 60350 64825 62825 62000
71800 60375 64825 62825 61975
71900 60375 64850 62800 61975
72000 60375 64850 62800 61975
72100 60375 64875 62775 61975
72200 60375 64875 62800 61950
72300 60350 64900 62775 61975
72400 60350 64900 62775 61975
72500 60325 64925 62750 62000
72600 60325 64925 62750 62000
72700 60325 64925 62750 62000
72800 60350 64875 62775 62000
72900 60350 64875 62775 62000
73000 60350 64875 62800 61975
73100 60350 64875 62800 61975
73200 60350 64875 62825 61950
73300 60350 64850 62850 61950
73400 60350 64850 62875 61925
73500 60350 64850 62875 61925
73600 60350 64850 62875 61925
73700 60350 64850 62875 61925
73800 60375 64825 62875 61925
73900 60375 64800 62875 61950
74000 60350 64800 62875 61975
74100 60350 64800 62875 61975
74200 60350 64800 62875 61975
74300 60350 64800 62875 61975
74400 60375 64800 62850 61975
74500 60375 64800 62850 61975
74600 60375 64800 62850 61975
74700 60375 64800 62850 61975
74800 60375 64800 62850 61975
74900 60375 64800 62825 62000
75000 60375 64800 62825 62000
75100 60375 64775 62800 62050
75200 60350 64775 62825 62050
75300 60350 64775 62825 62050
75400 60350 64775 62825 62050
75500 60375 64750 62825 62050
75600 60375 64775 62850 62000
75700 60375 64775 62850 62000
75800 60325 64825 62850 62000
75900 60350 64800 62850 62000
76000 60350 64800 62850 62000
76100 60350 64800 62850 62000
76200 60350 64800 62850 62000
76300 60350 64800 62850 62000
76400 60350 64800 62850 62000
76500 60350 64800 62850 62000
76600 60350 64800 62850 62000
76700 60350 64800 62850 62000
76800 60350 64800 62850 62000
76900 60350 64800 62850 62000
77000 60375 64775 62850 62000
77100 60375 64800 62850 61975
77200 60375 64800 62850 61975
77300 60400 64775 62850 61975
77400 60400 64775 62850 61975
77500 60400 64775 62850 61975
77600 60400 64775 62850 61975
77700 60450 64750 62825 61975
77800 60500 64725 62800 61975
77900 60525 64700 62800 61975
78000 60525 64700 62825 61950
78100 60525 64700 62825 61950
78200 60500 64700 62850 61950
78300 60475 64725 62850 61950
78400 60450 64775 62850 61925
78500 60450 64775 62825 61950
78600 60450 64800 62825 61925
78700 60450 64800 62825 61925
78800 60450 64800 62825 61925
78900 60450 64800 62825 61925
79000 60450 64800 62825 61925
79100 60450 64775 62875 61900
79200 60450 64775 62850 61925
79300 60450 64775 62850 61925
79400 60450 64775 62850 61925
79500 60450 64775 62850 61925
79600 60450 64800 62850 61900
79700 60450 64800 62850 61900
79800 60425 64800 62850 61925
79900 60425 64800 62850 61925
80000 60425 64800 62850 61925
80100 60400 64825 62850 61925
80200 60400 64825 62850 61925
80300 60375 64850 62850 61925
80400 60375 64850 62850 61925
80500 60375 64850 62850 61925
80600 60375 64875 62850 61900
80700 60400 64875 62825 61900
80800 60400 64875 62825 61900
80900 60400 64875 62800 61925
81000 60425 64875 62800 61900
81100 60425 64875 62800 61900
81200 60400 64900 62800 61900
81300 60375 64950 62750 61925
81400 60375 64950 62750 61925
81500 60375 64950 62750 61925
81600 60350 64975 62750 61925
81700 60350 64975 62750 61925
81800 60350 64975 62750 61925
81900 60350 64975 62775 61900
82000 60375 64950 62800 61875
82100 60375 64950 62800 61875
82200 60375 64950 62775 61900
82300 60375 64950 62775 61900
82400 60375 64950 62775 61900
82500 60375 64950 62775 61900
82600 60375 64950 62775 61900
82700 60350 64950 62800 61900
82800 60350 64950 62800 61900
82900 60350 64950 62800 61900
83000 60350 64950 62800 61900
83100 60350 64950 62800 61900
83200 60400 64925 62800 61875
83300 60425 64925 62775 61875
83400 60425 64925 62775 61875
83500 60425 64925 62750 61900
83600 60425 64925 62750 61900
83700 60425 64925 62750 61900
83800 60425 64925 62750 61900
83900 60425 64900 62775 61900
84000 60425 64900 62775 61900
84100 60425 64900 62775 61900
84200 60425 64900 62775 61900
84300 60425 64900 62775 61900
84400 60425 64900 62775 61900
84500 60425 64900 62775 61900
84600 60400 64925 62775 61900
84700 60400 64925 62800 61875
84800 60400 64925 62800 61875
84900 60400 64900 62800 61900
85000 60400 64900 62800 61900
85100 60400 64875 62800 61925
85200 60400 64875 62800 61925
85300 60400 64875 62800 61925
85400 60400 64875 62800 61925
85500 60400 64900 62800 61900
85600 60450 64875 62750 61925
85700 60450 64875 62750 61925
85800 60450 64875 62750 61925
85900 60450 64875 62750 61925
86000 60450 64875 62725 61950
86100 60450 64875 62725 61950
86200 60450 64875 62700 61975
86300 60450 64875 62700 61975
86400 60475 64850 62700 61975
86500 60475 64850 62725 61950
86600 60475 64850 62725 61950
86700 60450 64850 62750 61950
86800 60450 64850 62750 61950
86900 60450 64850 62750 61950
87000 60450 64850 62750 61950
87100 60450 64850 62750 61950
87200 60425 64875 62775 61925
87300 60425 64875 62775 61925
87400 60450 64875 62750 61925
87500 60450 64875 62775 61900
87600 60450 64875 62775 61900
87700 60450 64875 62800 61875
87800 60450 64875 62800 61875
87900 60450 64875 62800 61875
88000 60450 64875 62800 61875
88100 60450 64875 62800 61875
88200 60450 64875 62800 61875
88300 60450 64875 62800 61875
88400 60450 64900 62775 61875
88500 60475 64875 62775 61875
88600 60450 64900 62775 61875
88700 60450 64900 62775 61875
88800 60450 64900 62775 61875
88900 60450 64900 62775 61875
89000 60475 64900 62750 61875
89100 60475 64900 62750 61875
89200 60475 64900 62750 61875
89300 60475 64900 62750 61875
89400 60475 64900 62750 61875
89500 60500 64875 62750 61875
89600 60500 64875 62750 61875
89700 60475 64875 62775 61875
89800 60475 64850 62775 61900
89900 60450 64850 62775 61925
90000 60450 64875 62750 61925
90100 60450 64875 62750 61925
90200 60450 64875 62750 61925
90300 60450 64875 62725 61950
90400 60475 64875 62700 61950
90500 60500 64850 62725 61925
90600 60500 64850 62725 61925
90700 60525 64825 62725 61925
90800 60525 64825 62725 61925
90900 60500 64850 62725 61925
91000 60500 64850 62725 61925
91100 60500 64850 62725 61925
91200 60475 64850 62725 61950
91300 60475 64850 62725 61950
91400 60500 64875 62700 61925
91500 60500 64875 62700 61925
91600 60525 64850 62700 61925
91700 60500 64875 62700 61925
91800 60500 64875 62700 61925
91900 60500 64875 62700 61925
92000 60500 64875 62700 61925
92100 60500 64875 62700 61925
92200 60500 64875 62700 61925
92300 60525 64850 62700 61925
92400 60550 64850 62675 61925
92500 60550 64850 62675 61925
92600 60550 64850 62675 61925
92700 60550 64850 62675 61925
92800 60550 64850 62675 61925
92900 60575 64825 62675 61925
93000 60575 64825 62675 61925
93100 60575 64825 62650 61950
93200 60575 64825 62675 61925
93300 60575 64825 62675 61925
93400 60600 64800 62675 61925
93500 60575 64775 62675 61975
93600 60575 64775 62675 61975
93700 60550 64800 62675 61975
93800 60550 64800 62675 61975
93900 60550 64800 62650 62000
94000 60550 64800 62650 62000
94100 60525 64825 62650 62000
94200 60525 64825 62650 62000
94300 60525 64825 62650 62000
94400 60525 64825 62650 62000
94500 60525 64800 62675 62000
94600 60525 64800 62675 62000
94700 60525 64800 62675 62000
94800 60525 64800 62675 62000
94900 60525 64800 62675 62000
95000 60525 64800 62675 62000
95100 60525 64800 62675 62000
95200 60525 64800 62675 62000
95300 60525 64800 62675 62000
95400 60525 64800 62675 62000
95500 60525 64800 62675 62000
95600 60550 64775 62675 62000
95700 60525 64800 62675 62000
95800 60500 64825 62675 62000
95900 60500 64825 62675 62000
96000 60500 64825 62675 62000
96100 60475 64825 62700 62000
96200 60475 64825 62700 62000
96300 60475 64825 62700 62000
96400 60475 64825 62700 62000
96500 60475 64825 62700 62000
96600 60475 64825 62675 62025
96700 60475 64825 62675 62025
96800 60425 64875 62675 62025
96900 60425 64900 62650 62025
97000 60425 64900 62650 62025
97100 60425 64900 62650 62025
97200 60400 64925 62650 62025
97300 60400 64925 62650 62025
97400 60400 64925 62650 62025
97500 60400 64925 62650 62025
97600 60400 64925 62675 62000
97700 60400 64925 62675 62000
97800 60400 64925 62675 62000
97900 60400 64925 62700 61975
98000 60400 64925 62700 61975
98100 60400 64925 62700 61975
98200 60400 64925 62700 61975
98300 60375 64925 62725 61975
98400 60375 64925 62725 61975
98500 60375 64925 62700 62000
98600 60375 64925 62700 62000
98700 60375 64925 62700 62000
98800 60375 64925 62700 62000
98900 60350 64950 62700 62000
99000 60350 64950 62700 62000
99100 60375 64950 62675 62000
99200 60375 64925 62675 62025
99300 60375 64925 62650 62050
99400 60375 64925 62650 62050
99500 60375 64925 62625 62075
99600 60375 64925 62625 62075
99700 60375 64925 62625 62075
99800 60375 64925 62625 62075
99900 60375 64925 62625 62075
100000 60400 64900 62625 62075
