# gr0gr1_gb gr0gr2_gb gr0gr3_gb gr1gr2_gb gr1gr3_gb gr2gr3_gb total
20 25 35 10 20 25 135
30 35 45 25 35 40 210
35 45 50 35 40 50 255
50 60 60 45 45 55 315
55 55 60 45 50 50 315
55 50 55 50 55 50 315
60 50 60 50 60 50 330
60 50 60 50 60 50 330
55 40 55 40 55 40 285
55 45 60 40 55 45 300
55 45 60 40 55 45 300
50 45 55 40 50 45 285
50 50 60 40 50 50 300
50 50 60 40 50 50 300
50 50 60 40 50 50 300
50 50 60 40 50 50 300
50 50 60 40 50 50 300
50 50 60 45 55 55 315
50 50 60 45 55 55 315
50 50 60 45 55 55 315
50 50 60 45 55 55 315
55 50 65 45 60 55 330
60 45 65 50 70 55 345
60 45 65 50 70 55 345
55 45 60 55 70 60 345
60 45 55 60 70 55 345
60 50 60 60 70 60 360
60 50 60 55 65 55 345
60 50 60 55 65 55 345
60 45 55 55 65 50 330
60 45 55 55 65 50 330
60 45 55 55 65 50 330
60 45 55 50 60 45 315
60 45 55 50 60 45 315
60 45 55 55 65 50 330
60 45 55 55 65 50 330
60 45 55 55 65 50 330
60 45 55 55 65 50 330
60 45 55 50 60 45 315
60 45 55 50 60 45 315
60 50 60 50 60 50 330
60 55 65 50 60 55 345
65 65 70 55 60 60 375
60 65 75 50 60 65 375
60 65 75 50 60 65 375
60 65 75 50 60 65 375
60 65 75 50 60 65 375
60 65 75 50 60 65 375
65 70 75 55 60 65 390
65 70 75 55 60 65 390
60 65 75 50 60 65 375
60 65 75 50 60 65 375
60 65 75 50 60 65 375
55 65 70 50 55 65 360
55 65 70 50 55 65 360
55 65 70 50 55 65 360
60 70 70 55 55 65 375
60 70 70 55 55 65 375
55 70 65 55 50 65 360
55 70 65 55 50 65 360
55 70 65 55 50 65 360
55 65 60 55 50 60 345
55 65 60 55 50 60 345
55 65 60 55 50 60 345
55 65 60 55 50 60 345
55 65 60 55 50 60 345
55 65 60 55 50 60 345
55 65 60 55 50 60 345
55 65 60 55 50 60 345
55 65 60 55 50 60 345
55 65 60 55 50 60 345
55 65 60 55 50 60 345
55 65 60 55 50 60 345
55 65 60 55 50 60 345
55 65 60 50 45 55 330
55 65 60 50 45 55 330
50 65 55 50 40 55 315
50 65 55 50 40 55 315
50 60 50 50 40 50 300
50 60 50 55 45 55 315
50 60 50 55 45 55 315
50 60 50 55 45 55 315
50 60 50 55 45 55 315
45 55 50 50 45 55 300
45 55 50 50 45 55 300
45 55 50 50 45 55 300
45 55 50 50 45 55 300
45 55 50 50 45 55 300
45 55 50 50 45 55 300
45 55 50 50 45 55 300
50 55 55 50 50 55 315
50 55 55 50 50 55 315
55 55 60 50 55 55 330
55 60 65 50 55 60 345
55 60 65 50 55 60 345
55 60 65 50 55 60 345
55 55 60 50 55 55 330
55 55 60 50 55 55 330
55 55 60 55 60 60 345
55 55 60 55 60 60 345
55 55 60 55 60 60 345
55 55 60 55 60 60 345
55 55 60 55 60 60 345
60 55 55 60 60 55 345
60 55 55 60 60 55 345
60 55 55 60 60 55 345
60 55 55 60 60 55 345
60 55 55 60 60 55 345
60 55 55 60 60 55 345
60 55 55 60 60 55 345
60 55 55 60 60 55 345
60 55 55 60 60 55 345
60 55 55 55 55 50 330
60 55 55 55 55 50 330
60 55 55 55 55 50 330
60 55 55 55 55 50 330
60 55 55 55 55 50 330
60 55 55 55 55 50 330
60 55 55 55 55 50 330
60 55 55 55 55 50 330
60 55 55 55 55 50 330
60 55 55 60 60 55 345
60 55 55 60 60 55 345
60 55 55 60 60 55 345
60 55 55 60 60 55 345
60 55 55 60 60 55 345
60 55 55 60 60 55 345
60 55 55 60 60 55 345
60 55 55 60 60 55 345
60 55 55 55 55 50 330
60 55 55 55 55 50 330
60 55 55 55 55 50 330
60 55 55 55 55 50 330
60 55 55 55 55 50 330
60 55 55 55 55 50 330
60 50 50 55 55 45 315
60 50 50 55 55 45 315
60 50 50 55 55 45 315
60 50 50 55 55 45 315
60 50 50 55 55 45 315
60 50 50 55 55 45 315
55 50 45 55 50 45 300
55 55 50 60 55 55 330
55 55 50 60 55 55 330
60 60 50 65 55 55 345
60 60 50 65 55 55 345
60 60 50 65 55 55 345
55 60 45 70 55 60 345
55 65 50 70 55 65 360
55 65 50 70 55 65 360
55 65 50 70 55 65 360
55 65 50 70 55 65 360
55 65 50 70 55 65 360
50 60 40 70 50 60 330
50 65 45 70 50 65 345
50 70 50 70 50 70 360
50 65 55 65 55 70 360
50 65 55 65 55 70 360
50 65 55 65 55 70 360
50 65 55 65 55 70 360
50 65 55 65 55 70 360
50 65 55 65 55 70 360
50 65 55 65 55 70 360
50 65 55 65 55 70 360
50 65 55 65 55 70 360
50 65 55 65 55 70 360
50 65 55 65 55 70 360
50 65 55 65 55 70 360
50 65 55 65 55 70 360
50 65 55 65 55 70 360
50 65 55 65 55 70 360
50 70 60 65 55 75 375
50 65 55 65 55 70 360
50 65 55 65 55 70 360
50 65 55 65 55 70 360
50 65 55 65 55 70 360
50 65 55 65 55 70 360
55 70 55 70 55 70 375
55 70 55 70 55 70 375
55 70 55 70 55 70 375
55 70 55 70 55 70 375
55 70 55 70 55 70 375
55 70 55 70 55 70 375
55 70 55 70 55 70 375
55 70 55 70 55 70 375
55 70 55 70 55 70 375
55 70 55 70 55 70 375
55 70 55 70 55 70 375
55 70 55 70 55 70 375
50 65 55 65 55 70 360
50 65 55 65 55 70 360
50 65 55 65 55 70 360
50 65 55 65 55 70 360
50 65 55 65 55 70 360
45 60 55 60 55 70 345
45 60 55 60 55 70 345
45 60 55 60 55 70 345
45 60 55 60 55 70 345
60 60 70 60 70 70 390
60 60 70 60 70 70 390
60 60 70 60 70 70 390
60 60 70 60 70 70 390
60 60 70 60 70 70 390
60 60 70 55 65 65 375
60 60 70 55 65 65 375
60 60 70 55 65 65 375
60 60 70 55 65 65 375
60 60 70 55 65 65 375
60 60 70 55 65 65 375
60 55 65 55 65 60 360
60 55 65 55 65 60 360
60 55 65 55 65 60 360
60 55 65 55 65 60 360
65 55 70 55 70 60 375
65 55 70 55 70 60 375
65 55 70 55 70 60 375
65 55 70 55 70 60 375
65 55 70 55 70 60 375
65 55 70 55 70 60 375
65 60 75 55 70 65 390
65 60 75 55 70 65 390
65 60 75 55 70 65 390
65 60 75 55 70 65 390
60 50 70 50 70 60 360
60 50 70 50 70 60 360
60 50 70 45 65 55 345
60 50 70 45 65 55 345
60 50 70 45 65 55 345
60 50 70 45 65 55 345
60 50 70 45 65 55 345
60 50 70 45 65 55 345
60 55 75 45 65 60 360
60 55 75 45 65 60 360
60 55 75 45 65 60 360
60 55 75 45 65 60 360
60 50 70 45 65 55 345
60 50 70 45 65 55 345
60 50 70 45 65 55 345
60 50 70 45 65 55 345
60 50 70 45 65 55 345
60 50 70 45 65 55 345
60 50 70 45 65 55 345
60 50 70 45 65 55 345
65 55 70 50 65 55 360
65 55 70 50 65 55 360
65 55 70 50 65 55 360
65 55 70 50 65 55 360
65 55 70 50 65 55 360
65 55 70 50 65 55 360
65 55 70 50 65 55 360
65 55 70 50 65 55 360
65 55 70 50 65 55 360
65 55 70 50 65 55 360
65 55 70 50 65 55 360
65 55 70 50 65 55 360
65 55 70 45 60 50 345
65 55 70 45 60 50 345
65 55 70 45 60 50 345
65 55 70 45 60 50 345
65 55 70 45 60 50 345
65 55 70 45 60 50 345
65 55 70 45 60 50 345
65 55 70 45 60 50 345
65 55 70 45 60 50 345
65 55 70 45 60 50 345
65 55 70 45 60 50 345
65 55 70 45 60 50 345
65 55 70 45 60 50 345
65 55 70 45 60 50 345
55 50 65 40 55 50 315
55 50 65 40 55 50 315
55 50 65 40 55 50 315
55 50 65 40 55 50 315
55 50 65 40 55 50 315
55 50 65 40 55 50 315
55 50 65 40 55 50 315
55 50 65 40 55 50 315
55 50 65 40 55 50 315
55 50 65 40 55 50 315
55 50 65 40 55 50 315
50 50 60 40 50 50 300
50 50 60 40 50 50 300
50 50 60 45 55 55 315
50 50 60 45 55 55 315
50 50 60 45 55 55 315
50 50 60 45 55 55 315
50 50 60 45 55 55 315
50 50 60 45 55 55 315
50 50 60 45 55 55 315
50 50 60 45 55 55 315
50 50 60 45 55 55 315
50 50 60 45 55 55 315
50 50 60 45 55 55 315
50 50 60 45 55 55 315
50 50 60 45 55 55 315
55 55 60 50 55 55 330
55 50 55 50 55 50 315
55 50 55 50 55 50 315
55 50 55 50 55 50 315
55 50 55 50 55 50 315
55 50 55 50 55 50 315
55 50 55 50 55 50 315
55 50 55 50 55 50 315
55 50 55 50 55 50 315
55 50 55 50 55 50 315
55 50 55 50 55 50 315
55 50 55 50 55 50 315
55 50 55 50 55 50 315
55 50 55 50 55 50 315
55 50 55 50 55 50 315
55 50 55 50 55 50 315
55 50 55 50 55 50 315
55 50 55 50 55 50 315
50 50 50 50 50 50 300
50 50 50 50 50 50 300
50 50 50 50 50 50 300
50 50 50 50 50 50 300
50 50 50 50 50 50 300
50 50 50 50 50 50 300
50 50 50 50 50 50 300
50 50 50 50 50 50 300
50 50 50 50 50 50 300
50 50 50 55 55 55 315
50 50 50 55 55 55 315
50 50 50 55 55 55 315
50 50 50 55 55 55 315
50 50 50 55 55 55 315
50 50 50 55 55 55 315
55 50 55 55 60 55 330
60 55 55 60 60 55 345
60 55 55 60 60 55 345
60 55 55 60 60 55 345
60 55 55 60 60 55 345
60 55 55 60 60 55 345
60 55 55 60 60 55 345
60 55 55 60 60 55 345
60 55 55 60 60 55 345
55 50 55 55 60 55 330
55 55 60 55 60 60 345
55 55 60 55 60 60 345
55 55 60 55 60 60 345
55 60 65 55 60 65 360
55 60 65 55 60 65 360
55 60 65 55 60 65 360
55 60 65 55 60 65 360
55 60 65 55 60 65 360
55 60 65 55 60 65 360
55 60 65 55 60 65 360
55 60 65 55 60 65 360
60 60 70 55 65 65 375
60 60 70 55 65 65 375
60 60 70 55 65 65 375
60 60 70 55 65 65 375
60 60 70 55 65 65 375
60 60 70 55 65 65 375
60 60 70 55 65 65 375
60 60 70 55 65 65 375
60 60 70 55 65 65 375
60 55 65 55 65 60 360
60 55 65 55 65 60 360
60 55 65 55 65 60 360
60 55 65 55 65 60 360
60 55 65 55 65 60 360
60 55 65 55 65 60 360
60 55 65 55 65 60 360
60 55 65 55 65 60 360
60 55 65 55 65 60 360
60 55 65 55 65 60 360
60 55 65 55 65 60 360
60 55 65 55 65 60 360
60 55 65 55 65 60 360
60 55 65 55 65 60 360
60 55 65 55 65 60 360
60 55 65 55 65 60 360
60 55 65 55 65 60 360
60 55 65 55 65 60 360
60 55 65 55 65 60 360
60 55 65 55 65 60 360
60 55 65 55 65 60 360
60 55 65 55 65 60 360
60 55 65 60 70 65 375
60 55 65 60 70 65 375
60 60 70 60 70 70 390
60 60 70 60 70 70 390
60 60 70 60 70 70 390
60 60 70 60 70 70 390
60 60 70 60 70 70 390
60 60 70 60 70 70 390
60 60 70 60 70 70 390
60 60 70 60 70 70 390
60 60 70 60 70 70 390
60 60 70 60 70 70 390
60 60 70 60 70 70 390
60 60 70 60 70 70 390
60 55 65 60 70 65 375
60 60 70 60 70 70 390
60 60 70 60 70 70 390
55 60 65 60 65 70 375
55 60 65 60 65 70 375
55 60 65 60 65 70 375
55 60 65 55 60 65 360
55 60 65 55 60 65 360
55 60 65 55 60 65 360
55 60 65 55 60 65 360
55 60 65 55 60 65 360
55 60 65 55 60 65 360
55 60 65 55 60 65 360
60 65 65 60 60 65 375
60 65 65 60 60 65 375
60 65 65 60 60 65 375
60 65 65 60 60 65 375
60 65 65 60 60 65 375
60 65 65 60 60 65 375
60 65 65 60 60 65 375
60 65 65 60 60 65 375
60 65 65 60 60 65 375
60 65 65 60 60 65 375
55 60 65 55 60 65 360
55 60 65 55 60 65 360
55 60 65 55 60 65 360
55 60 65 55 60 65 360
55 60 65 55 60 65 360
55 60 65 55 60 65 360
55 60 65 55 60 65 360
55 60 65 55 60 65 360
55 60 65 55 60 65 360
55 60 65 55 60 65 360
55 60 65 55 60 65 360
55 60 65 55 60 65 360
55 60 65 55 60 65 360
60 65 75 55 65 70 390
60 65 75 60 70 75 405
60 65 75 60 70 75 405
60 70 70 65 65 75 405
60 70 70 65 65 75 405
60 70 70 65 65 75 405
60 70 70 65 65 75 405
60 70 70 65 65 75 405
60 70 70 65 65 75 405
60 70 70 65 65 75 405
60 70 70 65 65 75 405
60 70 70 65 65 75 405
60 70 70 65 65 75 405
60 70 70 65 65 75 405
60 70 70 65 65 75 405
60 70 70 65 65 75 405
60 70 70 65 65 75 405
60 70 70 65 65 75 405
65 75 70 70 65 75 420
65 75 70 70 65 75 420
65 75 70 70 65 75 420
60 75 65 70 60 75 405
60 75 65 70 60 75 405
60 75 65 70 60 75 405
60 75 65 70 60 75 405
60 75 65 70 60 75 405
60 75 65 70 60 75 405
60 75 65 70 60 75 405
60 75 65 70 60 75 405
60 75 65 70 60 75 405
60 75 65 70 60 75 405
60 75 65 70 60 75 405
60 75 65 70 60 75 405
60 75 65 70 60 75 405
60 75 65 70 60 75 405
60 75 65 70 60 75 405
60 75 65 70 60 75 405
60 75 65 70 60 75 405
60 75 65 70 60 75 405
60 75 65 70 60 75 405
55 75 60 70 55 75 390
55 75 60 70 55 75 390
55 75 60 70 55 75 390
55 75 60 65 50 70 375
55 75 60 65 50 70 375
55 75 60 65 50 70 375
55 75 60 65 50 70 375
55 75 60 65 50 70 375
55 75 60 65 50 70 375
55 75 60 65 50 70 375
55 75 60 65 50 70 375
55 75 60 65 50 70 375
55 75 60 65 50 70 375
55 75 60 65 50 70 375
55 75 60 65 50 70 375
55 75 60 65 50 70 375
55 75 60 65 50 70 375
60 75 65 65 55 70 390
60 75 65 65 55 70 390
60 75 65 65 55 70 390
65 80 65 70 55 70 405
65 80 65 70 55 70 405
65 80 65 70 55 70 405
65 80 65 70 55 70 405
65 80 65 70 55 70 405
60 75 65 65 55 70 390
60 75 65 65 55 70 390
60 75 65 65 55 70 390
60 75 65 65 55 70 390
60 75 65 65 55 70 390
60 75 65 65 55 70 390
60 75 65 65 55 70 390
60 75 65 70 60 75 405
60 75 65 70 60 75 405
60 75 65 70 60 75 405
60 75 65 70 60 75 405
60 75 65 70 60 75 405
60 75 65 70 60 75 405
60 75 65 70 60 75 405
60 75 65 70 60 75 405
60 75 65 70 60 75 405
60 75 65 70 60 75 405
60 75 65 70 60 75 405
65 75 70 70 65 75 420
65 75 70 70 65 75 420
65 75 70 70 65 75 420
65 70 65 70 65 70 405
65 70 65 70 65 70 405
65 70 65 70 65 70 405
65 70 65 70 65 70 405
65 70 65 70 65 70 405
65 70 65 70 65 70 405
65 70 65 70 65 70 405
65 70 65 70 65 70 405
65 70 65 70 65 70 405
65 70 65 70 65 70 405
65 70 65 70 65 70 405
65 70 65 70 65 70 405
65 70 65 70 65 70 405
65 70 65 70 65 70 405
65 70 65 65 60 65 390
65 70 65 65 60 65 390
65 70 65 65 60 65 390
70 70 70 65 65 65 405
70 70 70 65 65 65 405
70 70 70 65 65 65 405
70 70 70 65 65 65 405
70 70 70 65 65 65 405
70 70 70 65 65 65 405
70 70 70 65 65 65 405
70 70 70 65 65 65 405
70 70 70 65 65 65 405
70 70 70 65 65 65 405
70 70 70 70 70 70 420
70 70 70 70 70 70 420
70 70 70 70 70 70 420
70 70 70 70 70 70 420
70 70 70 70 70 70 420
70 70 70 70 70 70 420
70 65 65 70 70 65 405
70 65 65 70 70 65 405
70 65 65 70 70 65 405
70 65 65 70 70 65 405
70 65 65 70 70 65 405
75 65 70 70 75 65 420
75 65 70 70 75 65 420
75 65 70 70 75 65 420
75 65 70 70 75 65 420
75 65 70 70 75 65 420
70 60 70 65 75 65 405
70 60 70 65 75 65 405
70 60 70 65 75 65 405
70 60 70 65 75 65 405
70 60 70 65 75 65 405
70 60 70 65 75 65 405
70 60 70 65 75 65 405
70 60 70 65 75 65 405
70 60 70 65 75 65 405
70 60 70 65 75 65 405
70 60 70 65 75 65 405
70 60 70 65 75 65 405
70 60 70 65 75 65 405
70 60 70 65 75 65 405
70 60 70 65 75 65 405
70 60 70 65 75 65 405
70 60 70 65 75 65 405
70 60 70 65 75 65 405
70 60 70 65 75 65 405
70 60 70 65 75 65 405
70 60 70 65 75 65 405
70 60 70 65 75 65 405
70 55 65 65 75 60 390
70 60 70 70 80 70 420
70 60 70 70 80 70 420
70 60 70 70 80 70 420
70 60 70 70 80 70 420
70 60 70 70 80 70 420
70 60 70 70 80 70 420
70 60 70 70 80 70 420
70 60 70 70 80 70 420
70 60 70 70 80 70 420
70 60 70 70 80 70 420
70 60 70 70 80 70 420
70 60 70 70 80 70 420
70 60 70 70 80 70 420
70 55 65 65 75 60 390
70 55 65 65 75 60 390
70 55 65 65 75 60 390
70 55 65 65 75 60 390
70 55 65 65 75 60 390
70 55 65 65 75 60 390
70 55 65 65 75 60 390
70 55 65 65 75 60 390
70 55 65 65 75 60 390
70 55 65 65 75 60 390
70 55 65 65 75 60 390
70 55 65 65 75 60 390
70 55 65 65 75 60 390
70 55 65 65 75 60 390
70 55 65 65 75 60 390
70 55 65 65 75 60 390
70 55 65 65 75 60 390
70 55 65 60 70 55 375
70 55 65 60 70 55 375
70 55 65 60 70 55 375
70 55 65 60 70 55 375
70 55 65 60 70 55 375
70 55 65 60 70 55 375
70 50 60 60 70 50 360
70 50 60 60 70 50 360
70 50 60 60 70 50 360
70 50 60 60 70 50 360
70 50 60 60 70 50 360
70 50 60 60 70 50 360
70 50 60 60 70 50 360
70 50 60 60 70 50 360
70 50 60 60 70 50 360
70 50 60 60 70 50 360
70 50 60 60 70 50 360
70 50 60 60 70 50 360
70 50 60 60 70 50 360
70 50 60 60 70 50 360
70 50 60 60 70 50 360
70 50 60 60 70 50 360
70 50 60 60 70 50 360
70 50 60 60 70 50 360
70 50 60 60 70 50 360
70 50 60 60 70 50 360
70 50 60 60 70 50 360
70 55 65 60 70 55 375
70 55 65 60 70 55 375
70 55 65 60 70 55 375
70 55 65 60 70 55 375
65 50 65 55 70 55 360
70 55 65 60 70 55 375
70 55 65 60 70 55 375
70 55 65 60 70 55 375
70 55 65 60 70 55 375
70 55 65 60 70 55 375
70 55 65 60 70 55 375
70 55 65 60 70 55 375
70 55 65 60 70 55 375
65 55 60 60 65 55 360
65 55 60 60 65 55 360
65 55 60 60 65 55 360
65 55 60 60 65 55 360
65 55 60 60 65 55 360
65 55 60 60 65 55 360
65 55 60 60 65 55 360
65 55 60 60 65 55 360
65 55 60 60 65 55 360
65 55 60 60 65 55 360
65 55 60 60 65 55 360
65 55 60 60 65 55 360
65 55 60 60 65 55 360
65 55 60 60 65 55 360
65 55 60 60 65 55 360
65 55 60 60 65 55 360
65 55 60 60 65 55 360
65 55 60 60 65 55 360
65 55 60 60 65 55 360
65 55 60 60 65 55 360
65 55 60 60 65 55 360
65 55 60 60 65 55 360
65 55 60 60 65 55 360
65 55 60 60 65 55 360
65 55 60 60 65 55 360
65 55 60 60 65 55 360
65 55 60 60 65 55 360
65 55 60 60 65 55 360
65 55 60 60 65 55 360
65 55 60 60 65 55 360
65 55 60 60 65 55 360
60 55 55 60 60 55 345
60 55 55 60 60 55 345
60 50 50 60 60 50 330
60 50 50 60 60 50 330
60 50 50 60 60 50 330
60 50 50 60 60 50 330
60 50 50 60 60 50 330
60 50 50 60 60 50 330
60 50 50 60 60 50 330
60 50 50 60 60 50 330
60 50 50 65 65 55 345
60 50 50 65 65 55 345
60 50 50 65 65 55 345
60 50 50 65 65 55 345
60 50 50 60 60 50 330
60 50 50 60 60 50 330
60 50 50 60 60 50 330
60 50 50 60 60 50 330
65 55 50 65 60 50 345
65 55 50 65 60 50 345
65 55 50 65 60 50 345
65 55 50 65 60 50 345
60 55 45 65 55 50 330
60 55 45 65 55 50 330
60 55 45 65 55 50 330
60 55 45 65 55 50 330
60 55 45 65 55 50 330
60 55 45 65 55 50 330
60 55 45 65 55 50 330
60 55 45 65 55 50 330
60 55 45 65 55 50 330
60 55 45 65 55 50 330
60 55 45 65 55 50 330
60 55 45 65 55 50 330
60 55 45 65 55 50 330
60 55 45 65 55 50 330
60 55 45 65 55 50 330
60 55 45 65 55 50 330
60 55 45 65 55 50 330
60 55 45 65 55 50 330
60 55 45 65 55 50 330
60 55 45 65 55 50 330
60 55 45 65 55 50 330
60 55 45 65 55 50 330
60 55 45 65 55 50 330
60 55 45 65 55 50 330
60 55 45 65 55 50 330
60 55 45 65 55 50 330
60 55 45 65 55 50 330
60 55 45 65 55 50 330
60 55 45 65 55 50 330
60 55 45 65 55 50 330
60 55 45 65 55 50 330
60 55 45 65 55 50 330
60 55 45 65 55 50 330
60 55 45 65 55 50 330
60 55 45 65 55 50 330
60 55 45 65 55 50 330
60 55 45 65 55 50 330
60 55 45 65 55 50 330
60 55 45 65 55 50 330
60 55 45 65 55 50 330
60 55 45 65 55 50 330
55 55 40 65 50 50 315
55 55 40 65 50 50 315
55 55 40 65 50 50 315
55 55 40 65 50 50 315
55 55 40 65 50 50 315
60 55 45 65 55 50 330
60 55 45 65 55 50 330
60 55 45 65 55 50 330
60 55 45 65 55 50 330
60 55 45 65 55 50 330
60 55 45 65 55 50 330
60 55 45 65 55 50 330
60 55 45 65 55 50 330
60 55 45 65 55 50 330
60 55 45 65 55 50 330
60 55 45 65 55 50 330
60 55 45 65 55 50 330
60 55 45 65 55 50 330
60 55 45 65 55 50 330
60 60 50 65 55 55 345
60 60 50 65 55 55 345
60 60 50 65 55 55 345
60 60 50 65 55 55 345
60 60 50 65 55 55 345
60 60 50 65 55 55 345
60 60 50 65 55 55 345
60 60 50 65 55 55 345
55 55 50 60 55 55 330
55 55 50 60 55 55 330
55 55 50 60 55 55 330
55 55 50 60 55 55 330
55 55 50 60 55 55 330
55 55 50 60 55 55 330
55 55 50 60 55 55 330
55 55 50 60 55 55 330
55 55 50 60 55 55 330
55 55 50 60 55 55 330
55 55 50 60 55 55 330
55 60 55 60 55 60 345
55 60 55 60 55 60 345
55 60 55 60 55 60 345
50 55 55 55 55 60 330
50 55 55 55 55 60 330
50 55 55 55 55 60 330
50 55 55 55 55 60 330
50 55 55 55 55 60 330
50 55 55 55 55 60 330
50 55 55 55 55 60 330
50 55 55 55 55 60 330
50 55 55 55 55 60 330
50 55 55 55 55 60 330
50 55 55 55 55 60 330
50 60 60 55 55 65 345
50 60 60 55 55 65 345
50 60 60 55 55 65 345
50 60 60 55 55 65 345
50 60 60 55 55 65 345
50 60 60 50 50 60 330
50 60 60 50 50 60 330
50 60 60 50 50 60 330
50 60 60 50 50 60 330
50 60 60 50 50 60 330
50 60 60 50 50 60 330
50 60 60 50 50 60 330
50 60 60 50 50 60 330
50 60 60 50 50 60 330
50 60 60 50 50 60 330
50 60 60 50 50 60 330
50 60 60 50 50 60 330
50 60 60 50 50 60 330
50 60 60 50 50 60 330
50 60 60 50 50 60 330
50 60 60 50 50 60 330
50 60 60 50 50 60 330
50 60 60 50 50 60 330
50 60 60 50 50 60 330
50 60 60 50 50 60 330
50 60 60 50 50 60 330
50 60 60 50 50 60 330
50 60 60 50 50 60 330
50 60 60 50 50 60 330
50 60 60 50 50 60 330
50 60 60 50 50 60 330
50 60 60 55 55 65 345
50 60 60 55 55 65 345
50 60 60 55 55 65 345
50 60 60 55 55 65 345
50 60 60 55 55 65 345
50 60 60 55 55 65 345
50 60 60 55 55 65 345
50 60 60 55 55 65 345
50 60 60 55 55 65 345
50 60 60 55 55 65 345
50 60 60 55 55 65 345
50 60 60 55 55 65 345
50 60 60 55 55 65 345
50 60 60 55 55 65 345
50 60 60 55 55 65 345
50 60 60 55 55 65 345
45 55 60 50 55 65 330
45 55 60 50 55 65 330
45 55 60 50 55 65 330
45 55 60 50 55 65 330
45 55 60 50 55 65 330
45 55 60 50 55 65 330
50 55 65 50 60 65 345
50 55 65 50 60 65 345
50 55 65 50 60 65 345
50 55 65 50 60 65 345
50 55 65 50 60 65 345
55 55 70 50 65 65 360
55 55 70 50 65 65 360
55 55 70 50 65 65 360
55 55 70 50 65 65 360
55 55 70 50 65 65 360
55 55 70 50 65 65 360
55 55 70 50 65 65 360
55 55 70 50 65 65 360
55 55 70 50 65 65 360
55 50 65 50 65 60 345
55 50 65 50 65 60 345
55 50 65 50 65 60 345
55 50 65 50 65 60 345
55 50 65 50 65 60 345
55 50 65 50 65 60 345
55 50 65 50 65 60 345
55 50 65 50 65 60 345
55 50 65 50 65 60 345
55 50 65 50 65 60 345
55 50 65 50 65 60 345
55 50 65 50 65 60 345
55 50 65 50 65 60 345
55 50 65 50 65 60 345
55 50 65 50 65 60 345
55 50 65 50 65 60 345
55 50 65 50 65 60 345
50 50 60 50 60 60 330
50 50 60 50 60 60 330
50 50 60 50 60 60 330
50 50 60 50 60 60 330
50 50 60 50 60 60 330
50 50 60 50 60 60 330
50 50 60 50 60 60 330
50 50 60 50 60 60 330
50 50 60 50 60 60 330
50 50 60 50 60 60 330
50 50 60 50 60 60 330
50 50 60 50 60 60 330
50 50 60 50 60 60 330
50 50 60 50 60 60 330
50 50 60 50 60 60 330
50 50 60 50 60 60 330
50 50 60 50 60 60 330
50 50 60 45 55 55 315
50 50 60 45 55 55 315
50 50 60 45 55 55 315
50 50 60 45 55 55 315
50 50 60 45 55 55 315
50 50 60 45 55 55 315
50 50 60 45 55 55 315
50 50 60 45 55 55 315
55 55 60 50 55 55 330
55 55 60 50 55 55 330
55 55 60 50 55 55 330
55 55 60 50 55 55 330
55 55 60 50 55 55 330
55 55 60 50 55 55 330
55 55 60 50 55 55 330
55 55 60 50 55 55 330
55 55 60 50 55 55 330
55 55 60 50 55 55 330
55 55 60 50 55 55 330
55 55 60 50 55 55 330
55 55 60 50 55 55 330
55 60 65 50 55 60 345
55 60 65 50 55 60 345
55 60 65 50 55 60 345
55 60 65 50 55 60 345
55 60 65 50 55 60 345
55 60 65 50 55 60 345
55 60 65 50 55 60 345
55 60 65 50 55 60 345
55 60 65 50 55 60 345
55 60 65 50 55 60 345
55 60 65 50 55 60 345
55 60 65 50 55 60 345
55 60 65 50 55 60 345
55 60 65 50 55 60 345
55 60 65 50 55 60 345
55 60 65 50 55 60 345
55 60 65 50 55 60 345
60 65 65 55 55 60 360
60 65 65 55 55 60 360
60 65 65 55 55 60 360
60 65 65 55 55 60 360
60 65 65 55 55 60 360
60 65 65 55 55 60 360
60 60 60 55 55 55 345
60 60 60 55 55 55 345
60 60 60 55 55 55 345
60 60 60 55 55 55 345
60 60 60 55 55 55 345
60 60 60 55 55 55 345
60 60 60 55 55 55 345
60 60 60 55 55 55 345
60 60 60 55 55 55 345
60 60 60 55 55 55 345
60 60 60 55 55 55 345
60 60 60 55 55 55 345
60 60 60 55 55 55 345
60 60 60 55 55 55 345
65 65 60 60 55 55 360
65 65 60 60 55 55 360
65 65 60 60 55 55 360
65 65 60 60 55 55 360
65 65 60 65 60 60 375
65 65 60 65 60 60 375
65 65 60 65 60 60 375
65 65 60 65 60 60 375
65 65 60 65 60 60 375
65 65 60 65 60 60 375
65 65 60 65 60 60 375
65 65 60 65 60 60 375
65 65 60 65 60 60 375
65 65 60 65 60 60 375
65 65 60 65 60 60 375
65 65 60 65 60 60 375
65 65 60 65 60 60 375
65 65 60 65 60 60 375
65 65 60 65 60 60 375
65 65 60 65 60 60 375
65 65 60 65 60 60 375
65 65 60 65 60 60 375
65 65 60 65 60 60 375
65 65 60 65 60 60 375
65 65 60 65 60 60 375
65 65 60 65 60 60 375
65 65 60 65 60 60 375
65 65 60 65 60 60 375
65 65 60 65 60 60 375
65 65 60 65 60 60 375
65 65 60 65 60 60 375
65 65 60 65 60 60 375
65 65 60 65 60 60 375
65 65 60 65 60 60 375
65 65 60 65 60 60 375
60 60 60 60 60 60 360
60 60 60 60 60 60 360
60 60 60 60 60 60 360
60 60 60 60 60 60 360
60 60 60 60 60 60 360
60 60 60 60 60 60 360
60 60 60 60 60 60 360
60 60 60 60 60 60 360
