0 64750 59575 59975 65700
100 64725 59575 59975 65725
200 64725 59575 59975 65725
300 64725 59575 59975 65725
400 64725 59600 59975 65700
500 64725 59575 59975 65725
600 64675 59625 59975 65725
700 64625 59650 60000 65725
800 64600 59650 60000 65750
900 64600 59700 59950 65750
1000 64600 59675 59950 65775
1100 64675 59675 59875 65775
1200 64675 59675 59850 65800
1300 64675 59675 59850 65800
1400 64650 59675 59875 65800
1500 64650 59675 59875 65800
1600 64625 59675 59900 65800
1700 64625 59675 59925 65775
1800 64625 59675 59925 65775
1900 64550 59725 59950 65775
2000 64525 59800 59925 65750
2100 64475 59850 59925 65750
2200 64475 59875 59900 65750
2300 64475 59900 59875 65750
2400 64475 59900 59900 65725
2500 64475 59925 59900 65700
2600 64450 59950 59925 65675
2700 64425 59975 59925 65675
2800 64425 60025 59900 65650
2900 64425 60050 59875 65650
3000 64400 60050 59875 65675
3100 64400 60050 59875 65675
3200 64400 60050 59875 65675
3300 64375 60025 59925 65675
3400 64375 60025 59925 65675
3500 64325 60050 59925 65700
3600 64325 60025 59950 65700
3700 64325 60000 59975 65700
3800 64300 60050 59975 65675
3900 64275 60075 60000 65650
4000 64250 60100 60000 65650
4100 64250 60100 60000 65650
4200 64200 60150 60000 65650
4300 64200 60125 60025 65650
4400 64100 60225 60025 65650
4500 64100 60225 60025 65650
4600 64100 60225 60025 65650
4700 64100 60225 60025 65650
4800 64100 60200 60075 65625
4900 64100 60200 60075 65625
5000 64100 60225 60050 65625
5100 64075 60225 60075 65625
5200 64075 60250 60050 65625
5300 64075 60250 60025 65650
5400 64075 60225 60025 65675
5500 64100 60225 60025 65650
5600 64100 60250 60025 65625
5700 64100 60275 60000 65625
5800 64075 60250 60025 65650
5900 64075 60250 60025 65650
6000 64100 60250 60050 65600
6100 64050 60300 60050 65600
6200 64050 60350 60025 65575
6300 64050 60350 60025 65575
6400 64025 60350 60050 65575
6500 64025 60325 60050 65600
6600 64000 60350 60050 65600
6700 63975 60350 60075 65600
6800 63975 60350 60075 65600
6900 63975 60350 60075 65600
7000 63950 60375 60075 65600
7100 63925 60375 60100 65600
7200 63925 60375 60100 65600
7300 63900 60400 60075 65625
7400 63875 60400 60100 65625
7500 63800 60350 60175 65675
7600 63775 60375 60175 65675
7700 63775 60375 60200 65650
7800 63725 60400 60200 65675
7900 63725 60400 60200 65675
8000 63700 60425 60200 65675
8100 63700 60425 60200 65675
8200 63650 60450 60225 65675
8300 63575 60500 60225 65700
8400 63575 60500 60225 65700
8500 63575 60500 60225 65700
8600 63575 60500 60225 65700
8700 63575 60500 60225 65700
8800 63575 60500 60225 65700
8900 63575 60450 60225 65750
9000 63575 60450 60225 65750
9100 63575 60450 60225 65750
9200 63550 60450 60225 65775
9300 63550 60450 60225 65775
9400 63550 60425 60225 65800
9500 63550 60425 60225 65800
9600 63550 60425 60250 65775
9700 63550 60425 60250 65775
9800 63550 60400 60275 65775
9900 63525 60475 60250 65750
10000 63525 60475 60225 65775
10100 63525 60475 60225 65775
10200 63525 60450 60225 65800
10300 63525 60425 60250 65800
10400 63500 60425 60250 65825
10500 63475 60450 60250 65825
10600 63475 60450 60250 65825
10700 63475 60450 60250 65825
10800 63475 60450 60250 65825
10900 63475 60450 60250 65825
11000 63475 60425 60250 65850
11100 63450 60450 60250 65850
11200 63450 60450 60250 65850
11300 63450 60450 60250 65850
11400 63450 60450 60275 65825
11500 63450 60475 60250 65825
11600 63450 60475 60250 65825
11700 63425 60475 60250 65850
11800 63425 60500 60225 65850
11900 63425 60500 60225 65850
12000 63425 60500 60225 65850
12100 63425 60500 60225 65850
12200 63400 60550 60225 65825
12300 63400 60550 60225 65825
12400 63375 60525 60200 65900
12500 63375 60525 60200 65900
12600 63375 60525 60200 65900
12700 63375 60525 60200 65900
12800 63350 60550 60200 65900
12900 63350 60525 60200 65925
13000 63350 60525 60200 65925
13100 63350 60525 60225 65900
13200 63350 60525 60225 65900
13300 63325 60550 60250 65875
13400 63325 60525 60250 65900
13500 63325 60500 60275 65900
13600 63325 60500 60275 65900
13700 63325 60500 60275 65900
13800 63300 60525 60275 65900
13900 63300 60525 60275 65900
14000 63300 60525 60275 65900
14100 63300 60525 60275 65900
14200 63300 60525 60275 65900
14300 63250 60575 60275 65900
14400 63250 60575 60275 65900
14500 63250 60575 60275 65900
14600 63250 60575 60275 65900
14700 63275 60575 60275 65875
14800 63250 60600 60275 65875
14900 63250 60600 60275 65875
15000 63250 60600 60275 65875
15100 63250 60600 60275 65875
15200 63250 60600 60275 65875
15300 63225 60625 60275 65875
15400 63200 60650 60275 65875
15500 63200 60650 60275 65875
15600 63200 60675 60275 65850
15700 63200 60675 60275 65850
15800 63200 60675 60275 65850
15900 63200 60675 60275 65850
16000 63200 60675 60275 65850
16100 63200 60675 60275 65850
16200 63175 60700 60300 65825
16300 63150 60725 60300 65825
16400 63150 60725 60300 65825
16500 63150 60725 60300 65825
16600 63150 60700 60325 65825
16700 63125 60700 60300 65875
16800 63125 60700 60300 65875
16900 63125 60700 60300 65875
17000 63125 60700 60325 65850
17100 63125 60700 60325 65850
17200 63125 60700 60325 65850
17300 63100 60725 60325 65850
17400 63100 60725 60350 65825
17500 63100 60750 60350 65800
17600 63100 60750 60350 65800
17700 63100 60750 60350 65800
17800 63100 60750 60350 65800
17900 63100 60725 60350 65825
18000 63100 60725 60350 65825
18100 63100 60725 60350 65825
18200 63100 60725 60350 65825
18300 63100 60725 60350 65825
18400 63075 60750 60350 65825
18500 63075 60750 60375 65800
18600 63075 60750 60375 65800
18700 63075 60750 60400 65775
18800 63075 60750 60400 65775
18900 63075 60750 60400 65775
19000 63075 60750 60400 65775
19100 63075 60750 60425 65750
19200 63075 60750 60425 65750
19300 63075 60750 60450 65725
19400 63075 60750 60450 65725
19500 63050 60775 60450 65725
19600 63050 60775 60450 65725
19700 63050 60775 60450 65725
19800 63050 60775 60450 65725
19900 63050 60775 60450 65725
20000 63025 60775 60475 65725
20100 63025 60750 60500 65725
20200 63000 60775 60475 65750
20300 63000 60775 60475 65750
20400 63000 60775 60475 65750
20500 63000 60775 60475 65750
20600 62975 60800 60475 65750
20700 62975 60800 60475 65750
20800 62975 60800 60500 65725
20900 62975 60800 60500 65725
21000 62975 60800 60500 65725
21100 62975 60800 60500 65725
21200 62975 60800 60500 65725
21300 62975 60800 60500 65725
21400 62975 60800 60500 65725
21500 62975 60800 60500 65725
21600 62975 60800 60525 65700
21700 62975 60800 60525 65700
21800 62950 60825 60525 65700
21900 62950 60825 60525 65700
22000 62950 60825 60525 65700
22100 62950 60825 60525 65700
22200 62950 60825 60525 65700
22300 62950 60825 60525 65700
22400 62950 60825 60500 65725
22500 62950 60825 60500 65725
22600 62925 60850 60500 65725
22700 62925 60850 60500 65725
22800 62925 60850 60500 65725
22900 62900 60850 60500 65750
23000 62900 60850 60500 65750
23100 62875 60900 60475 65750
23200 62850 60900 60475 65775
23300 62850 60900 60475 65775
23400 62850 60900 60475 65775
23500 62850 60900 60475 65775
23600 62850 60900 60475 65775
23700 62850 60900 60475 65775
23800 62850 60900 60475 65775
23900 62850 60900 60475 65775
24000 62850 60900 60475 65775
24100 62850 60900 60475 65775
24200 62850 60900 60475 65775
24300 62825 60950 60450 65775
24400 62825 60950 60450 65775
24500 62800 60975 60450 65775
24600 62800 61000 60450 65750
24700 62800 61000 60450 65750
24800 62800 60975 60475 65750
24900 62800 60975 60500 65725
25000 62800 61000 60500 65700
25100 62800 61000 60500 65700
25200 62800 61000 60500 65700
25300 62800 61000 60500 65700
25400 62800 61000 60500 65700
25500 62800 61000 60500 65700
25600 62800 61000 60475 65725
25700 62800 61025 60450 65725
25800 62800 61025 60450 65725
25900 62800 61025 60450 65725
26000 62775 61050 60450 65725
26100 62750 61075 60450 65725
26200 62750 61100 60425 65725
26300 62750 61100 60425 65725
26400 62750 61100 60425 65725
26500 62750 61100 60425 65725
26600 62750 61075 60425 65750
26700 62750 61075 60425 65750
26800 62750 61100 60400 65750
26900 62750 61100 60400 65750
27000 62725 61100 60400 65775
27100 62725 61100 60400 65775
27200 62725 61125 60375 65775
27300 62725 61150 60350 65775
27400 62725 61150 60350 65775
27500 62725 61150 60350 65775
27600 62725 61150 60350 65775
27700 62700 61175 60350 65775
27800 62700 61175 60350 65775
27900 62700 61175 60350 65775
28000 62675 61200 60350 65775
28100 62675 61200 60350 65775
28200 62675 61200 60375 65750
28300 62675 61200 60375 65750
28400 62675 61200 60375 65750
28500 62650 61200 60375 65775
28600 62650 61200 60375 65775
28700 62650 61175 60400 65775
28800 62650 61175 60400 65775
28900 62650 61175 60400 65775
29000 62650 61175 60425 65750
29100 62650 61175 60425 65750
29200 62650 61175 60425 65750
29300 62650 61175 60425 65750
29400 62650 61175 60425 65750
29500 62650 61175 60425 65750
29600 62650 61175 60425 65750
29700 62650 61175 60425 65750
29800 62650 61175 60425 65750
29900 62650 61175 60425 65750
30000 62650 61175 60425 65750
30100 62650 61175 60425 65750
30200 62625 61200 60425 65750
30300 62625 61225 60425 65725
30400 62625 61225 60425 65725
30500 62625 61225 60425 65725
30600 62600 61225 60425 65750
30700 62600 61225 60425 65750
30800 62600 61200 60425 65775
30900 62600 61200 60425 65775
31000 62600 61200 60425 65775
31100 62600 61200 60425 65775
31200 62600 61175 60450 65775
31300 62600 61175 60450 65775
31400 62600 61175 60450 65775
31500 62600 61175 60450 65775
31600 62575 61175 60450 65800
31700 62575 61175 60450 65800
31800 62575 61175 60450 65800
31900 62575 61175 60450 65800
32000 62575 61175 60450 65800
32100 62575 61175 60450 65800
32200 62575 61175 60450 65800
32300 62550 61200 60450 65800
32400 62550 61200 60450 65800
32500 62525 61225 60450 65800
32600 62525 61225 60450 65800
32700 62525 61225 60450 65800
32800 62525 61225 60450 65800
32900 62525 61225 60450 65800
33000 62525 61225 60450 65800
33100 62525 61225 60450 65800
33200 62525 61225 60450 65800
33300 62525 61225 60475 65775
33400 62525 61225 60475 65775
33500 62525 61225 60475 65775
33600 62525 61225 60475 65775
33700 62525 61225 60475 65775
33800 62525 61225 60475 65775
33900 62525 61225 60475 65775
34000 62525 61225 60475 65775
34100 62525 61225 60475 65775
34200 62525 61225 60475 65775
34300 62525 61225 60475 65775
34400 62525 61225 60475 65775
34500 62525 61225 60475 65775
34600 62500 61275 60450 65775
34700 62500 61300 60450 65750
34800 62500 61300 60450 65750
34900 62500 61300 60450 65750
35000 62450 61300 60475 65775
35100 62425 61300 60500 65775
35200 62425 61300 60500 65775
35300 62425 61300 60500 65775
35400 62425 61300 60500 65775
35500 62425 61300 60500 65775
35600 62425 61300 60500 65775
35700 62425 61300 60500 65775
35800 62425 61300 60500 65775
35900 62425 61325 60500 65750
36000 62425 61325 60500 65750
36100 62425 61325 60500 65750
36200 62425 61325 60500 65750
36300 62425 61325 60500 65750
36400 62425 61325 60500 65750
36500 62425 61325 60500 65750
36600 62425 61325 60500 65750
36700 62425 61325 60500 65750
36800 62425 61325 60500 65750
36900 62425 61325 60500 65750
37000 62425 61325 60500 65750
37100 62425 61325 60500 65750
37200 62425 61325 60500 65750
37300 62425 61325 60500 65750
37400 62425 61325 60500 65750
37500 62425 61325 60525 65725
37600 62425 61325 60525 65725
37700 62425 61325 60525 65725
37800 62400 61350 60525 65725
37900 62400 61350 60525 65725
38000 62400 61350 60525 65725
38100 62400 61325 60550 65725
38200 62375 61375 60550 65700
38300 62375 61375 60550 65700
38400 62375 61375 60550 65700
38500 62375 61350 60575 65700
38600 62375 61350 60575 65700
38700 62375 61350 60575 65700
38800 62375 61350 60575 65700
38900 62375 61350 60575 65700
39000 62375 61350 60575 65700
39100 62375 61325 60575 65725
39200 62375 61325 60575 65725
39300 62375 61300 60600 65725
39400 62375 61300 60600 65725
39500 62375 61300 60600 65725
39600 62375 61300 60600 65725
39700 62375 61325 60575 65725
39800 62375 61325 60575 65725
39900 62375 61325 60575 65725
40000 62350 61325 60575 65750
40100 62350 61325 60575 65750
40200 62350 61325 60575 65750
40300 62350 61325 60575 65750
40400 62350 61325 60575 65750
40500 62350 61325 60575 65750
40600 62350 61325 60575 65750
40700 62350 61325 60575 65750
40800 62325 61350 60575 65750
40900 62325 61350 60575 65750
41000 62300 61350 60600 65750
41100 62300 61375 60600 65725
41200 62300 61375 60600 65725
41300 62300 61375 60600 65725
41400 62300 61375 60600 65725
41500 62300 61375 60600 65725
41600 62300 61375 60600 65725
41700 62275 61400 60625 65700
41800 62275 61400 60625 65700
41900 62275 61400 60625 65700
42000 62275 61400 60625 65700
42100 62275 61400 60625 65700
42200 62275 61400 60650 65675
42300 62275 61400 60650 65675
42400 62275 61400 60650 65675
42500 62275 61400 60650 65675
42600 62275 61400 60650 65675
42700 62275 61425 60650 65650
42800 62275 61425 60650 65650
42900 62275 61425 60650 65650
43000 62275 61400 60650 65675
43100 62275 61400 60650 65675
43200 62275 61400 60650 65675
43300 62275 61400 60650 65675
43400 62275 61400 60650 65675
43500 62250 61400 60650 65700
43600 62250 61425 60650 65675
43700 62250 61425 60650 65675
43800 62250 61425 60650 65675
43900 62250 61425 60650 65675
44000 62250 61425 60650 65675
44100 62225 61450 60650 65675
44200 62225 61450 60650 65675
44300 62225 61450 60650 65675
44400 62225 61475 60625 65675
44500 62225 61475 60625 65675
44600 62225 61475 60625 65675
44700 62225 61475 60625 65675
44800 62200 61475 60650 65675
44900 62200 61475 60650 65675
45000 62200 61475 60650 65675
45100 62200 61475 60650 65675
45200 62200 61475 60650 65675
45300 62200 61475 60650 65675
45400 62175 61475 60650 65700
45500 62150 61500 60650 65700
45600 62150 61500 60650 65700
45700 62150 61500 60650 65700
45800 62150 61500 60675 65675
45900 62150 61525 60675 65650
46000 62150 61525 60675 65650
46100 62150 61525 60675 65650
46200 62150 61525 60675 65650
46300 62150 61525 60675 65650
46400 62150 61525 60675 65650
46500 62150 61525 60675 65650
46600 62150 61500 60675 65675
46700 62150 61500 60675 65675
46800 62150 61500 60675 65675
46900 62150 61500 60675 65675
47000 62150 61500 60675 65675
47100 62150 61500 60675 65675
47200 62150 61500 60675 65675
47300 62150 61500 60675 65675
47400 62150 61500 60675 65675
47500 62150 61500 60675 65675
47600 62125 61525 60675 65675
47700 62125 61550 60675 65650
47800 62125 61550 60675 65650
47900 62100 61575 60700 65625
48000 62100 61575 60700 65625
48100 62100 61575 60725 65600
48200 62100 61575 60725 65600
48300 62075 61600 60725 65600
48400 62075 61600 60725 65600
48500 62075 61600 60725 65600
48600 62075 61600 60725 65600
48700 62075 61600 60725 65600
48800 62075 61575 60750 65600
48900 62075 61575 60750 65600
49000 62075 61575 60750 65600
49100 62075 61575 60750 65600
49200 62075 61575 60750 65600
49300 62075 61575 60750 65600
49400 62075 61575 60750 65600
49500 62075 61575 60775 65575
49600 62050 61600 60775 65575
49700 62050 61575 60775 65600
49800 62050 61575 60800 65575
49900 62050 61600 60800 65550
50000 62050 61600 60800 65550
50100 62050 61600 60800 65550
50200 62025 61600 60800 65575
50300 62025 61600 60800 65575
50400 62025 61600 60800 65575
50500 62000 61600 60825 65575
50600 62000 61600 60825 65575
50700 62000 61600 60825 65575
50800 62000 61600 60825 65575
50900 62000 61600 60825 65575
51000 62000 61600 60825 65575
51100 62000 61600 60825 65575
51200 62000 61600 60825 65575
51300 62000 61600 60825 65575
51400 62000 61600 60825 65575
51500 62000 61625 60825 65550
51600 62000 61625 60825 65550
51700 62000 61625 60825 65550
51800 61975 61650 60825 65550
51900 61975 61650 60825 65550
52000 61975 61650 60825 65550
52100 61975 61650 60825 65550
52200 61975 61650 60825 65550
52300 61975 61650 60825 65550
52400 61975 61650 60825 65550
52500 61975 61625 60825 65575
52600 61975 61625 60825 65575
52700 61975 61625 60825 65575
52800 61975 61625 60825 65575
52900 61975 61625 60825 65575
53000 61975 61625 60825 65575
53100 61975 61625 60825 65575
53200 61975 61625 60825 65575
53300 61975 61625 60825 65575
53400 61975 61625 60825 65575
53500 61975 61625 60825 65575
53600 61975 61625 60850 65550
53700 61975 61625 60850 65550
53800 61975 61625 60850 65550
53900 61950 61650 60850 65550
54000 61950 61675 60825 65550
54100 61950 61675 60825 65550
54200 61950 61675 60825 65550
54300 61950 61675 60825 65550
54400 61950 61675 60825 65550
54500 61950 61675 60825 65550
54600 61950 61675 60825 65550
54700 61950 61700 60825 65525
54800 61950 61700 60825 65525
54900 61950 61700 60825 65525
55000 61950 61675 60825 65550
55100 61950 61675 60825 65550
55200 61950 61675 60825 65550
55300 61950 61675 60825 65550
55400 61950 61675 60825 65550
55500 61950 61675 60825 65550
55600 61950 61675 60800 65575
55700 61950 61675 60800 65575
55800 61950 61675 60800 65575
55900 61950 61675 60800 65575
56000 61950 61675 60800 65575
56100 61950 61675 60800 65575
56200 61950 61675 60800 65575
56300 61950 61675 60800 65575
56400 61950 61675 60800 65575
56500 61950 61675 60800 65575
56600 61950 61675 60800 65575
56700 61950 61675 60800 65575
56800 61950 61675 60800 65575
56900 61950 61675 60825 65550
57000 61950 61675 60825 65550
57100 61950 61650 60825 65575
57200 61950 61675 60825 65550
57300 61950 61675 60825 65550
57400 61950 61675 60850 65525
57500 61950 61675 60850 65525
57600 61950 61675 60850 65525
57700 61950 61675 60850 65525
57800 61950 61675 60850 65525
57900 61950 61675 60850 65525
58000 61950 61675 60825 65550
58100 61950 61675 60825 65550
58200 61950 61675 60825 65550
58300 61925 61700 60825 65550
58400 61925 61700 60825 65550
58500 61925 61700 60825 65550
58600 61925 61700 60825 65550
58700 61925 61700 60825 65550
58800 61925 61700 60825 65550
58900 61925 61700 60825 65550
59000 61925 61700 60825 65550
59100 61925 61700 60800 65575
59200 61925 61675 60825 65575
59300 61925 61675 60825 65575
59400 61925 61700 60850 65525
59500 61925 61700 60850 65525
59600 61925 61700 60850 65525
59700 61925 61700 60850 65525
59800 61925 61700 60850 65525
59900 61925 61700 60850 65525
60000 61925 61700 60850 65525
60100 61925 61700 60850 65525
60200 61925 61700 60850 65525
60300 61925 61700 60850 65525
60400 61925 61700 60850 65525
60500 61925 61675 60875 65525
60600 61925 61675 60875 65525
60700 61925 61675 60875 65525
60800 61925 61650 60875 65550
60900 61925 61650 60875 65550
61000 61925 61650 60875 65550
61100 61925 61650 60875 65550
61200 61925 61675 60875 65525
61300 61925 61675 60875 65525
61400 61925 61675 60875 65525
61500 61925 61675 60875 65525
61600 61925 61675 60875 65525
61700 61925 61675 60875 65525
61800 61925 61675 60875 65525
61900 61925 61675 60875 65525
62000 61925 61675 60875 65525
62100 61925 61675 60875 65525
62200 61900 61675 60875 65550
62300 61925 61675 60875 65525
62400 61925 61650 60875 65550
62500 61925 61650 60875 65550
62600 61925 61650 60875 65550
62700 61900 61700 60875 65525
62800 61900 61700 60875 65525
62900 61900 61700 60875 65525
63000 61875 61700 60875 65550
63100 61875 61700 60875 65550
63200 61875 61700 60875 65550
63300 61875 61700 60875 65550
63400 61875 61700 60875 65550
63500 61825 61725 60875 65575
63600 61825 61725 60875 65575
63700 61825 61725 60875 65575
63800 61825 61725 60875 65575
63900 61825 61700 60875 65600
64000 61825 61725 60875 65575
64100 61825 61725 60875 65575
64200 61825 61725 60875 65575
64300 61825 61725 60900 65550
64400 61825 61725 60900 65550
64500 61825 61750 60875 65550
64600 61825 61750 60875 65550
64700 61825 61750 60875 65550
64800 61825 61750 60875 65550
64900 61825 61750 60875 65550
65000 61825 61750 60875 65550
65100 61825 61750 60875 65550
65200 61825 61775 60875 65525
65300 61825 61775 60875 65525
65400 61825 61750 60875 65550
65500 61825 61750 60875 65550
65600 61825 61750 60875 65550
65700 61825 61750 60875 65550
65800 61825 61750 60875 65550
65900 61825 61750 60875 65550
66000 61825 61750 60875 65550
66100 61825 61750 60875 65550
66200 61825 61775 60875 65525
66300 61825 61775 60875 65525
66400 61825 61775 60875 65525
66500 61825 61775 60875 65525
66600 61825 61775 60875 65525
66700 61825 61775 60875 65525
66800 61825 61775 60875 65525
66900 61825 61775 60875 65525
67000 61800 61825 60875 65500
67100 61800 61825 60875 65500
67200 61800 61825 60875 65500
67300 61800 61825 60875 65500
67400 61800 61825 60875 65500
67500 61800 61825 60875 65500
67600 61800 61825 60875 65500
67700 61800 61825 60875 65500
67800 61800 61825 60875 65500
67900 61800 61850 60875 65475
68000 61800 61850 60875 65475
68100 61800 61850 60875 65475
68200 61800 61850 60875 65475
68300 61800 61850 60875 65475
68400 61800 61850 60875 65475
68500 61800 61875 60850 65475
68600 61800 61875 60850 65475
68700 61775 61900 60850 65475
68800 61775 61900 60850 65475
68900 61775 61900 60850 65475
69000 61775 61900 60850 65475
69100 61750 61925 60850 65475
69200 61750 61925 60850 65475
69300 61750 61925 60850 65475
69400 61750 61925 60850 65475
69500 61750 61925 60850 65475
69600 61750 61925 60850 65475
69700 61750 61925 60850 65475
69800 61750 61925 60850 65475
69900 61750 61925 60850 65475
70000 61750 61925 60850 65475
70100 61750 61925 60850 65475
70200 61750 61925 60850 65475
70300 61750 61925 60850 65475
70400 61750 61925 60850 65475
70500 61750 61900 60875 65475
70600 61750 61900 60875 65475
70700 61750 61925 60850 65475
70800 61750 61925 60850 65475
70900 61725 61950 60850 65475
71000 61725 61950 60850 65475
71100 61725 61950 60850 65475
71200 61725 61950 60850 65475
71300 61725 61950 60850 65475
71400 61725 61950 60850 65475
71500 61725 61950 60850 65475
71600 61725 61950 60850 65475
71700 61725 61950 60900 65425
71800 61725 61950 60900 65425
71900 61725 61950 60900 65425
72000 61725 61950 60900 65425
72100 61725 61950 60900 65425
72200 61725 61950 60900 65425
72300 61725 61950 60900 65425
72400 61725 61950 60900 65425
72500 61725 61925 60925 65425
72600 61725 61925 60925 65425
72700 61725 61925 60925 65425
72800 61725 61925 60925 65425
72900 61700 61925 60925 65450
73000 61700 61925 60925 65450
73100 61700 61925 60925 65450
73200 61700 61925 60925 65450
73300 61700 61925 60925 65450
73400 61700 61925 60925 65450
73500 61700 61925 60925 65450
73600 61675 61950 60925 65450
73700 61675 61950 60925 65450
73800 61675 61950 60925 65450
73900 61675 61950 60925 65450
74000 61675 61950 60925 65450
74100 61675 61950 60925 65450
74200 61675 61950 60925 65450
74300 61675 61950 60925 65450
74400 61675 61925 60950 65450
74500 61675 61925 60950 65450
74600 61650 61950 60950 65450
74700 61650 61950 60950 65450
74800 61650 61950 60950 65450
74900 61650 61950 60950 65450
75000 61650 61950 60950 65450
75100 61650 61950 60950 65450
75200 61650 61950 60950 65450
75300 61650 61950 60950 65450
75400 61650 61950 60950 65450
75500 61650 61950 60950 65450
75600 61650 61950 60950 65450
75700 61650 61950 60950 65450
75800 61650 61950 60950 65450
75900 61650 61950 60950 65450
76000 61650 61950 60950 65450
76100 61650 61950 60950 65450
76200 61650 61950 60950 65450
76300 61650 61950 60950 65450
76400 61650 61950 60950 65450
76500 61650 61950 60950 65450
76600 61650 61950 60950 65450
76700 61650 61950 60950 65450
76800 61650 61950 60950 65450
76900 61650 61950 60950 65450
77000 61650 61950 60950 65450
77100 61650 61975 60925 65450
77200 61650 61975 60925 65450
77300 61650 61975 60900 65475
77400 61650 61975 60900 65475
77500 61650 61975 60900 65475
77600 61650 61975 60900 65475
77700 61650 61975 60900 65475
77800 61650 61975 60900 65475
77900 61650 61975 60900 65475
78000 61650 61975 60900 65475
78100 61650 61975 60900 65475
78200 61625 62000 60900 65475
78300 61600 62025 60900 65475
78400 61600 62025 60900 65475
78500 61600 62025 60900 65475
78600 61600 62025 60900 65475
78700 61600 62025 60900 65475
78800 61600 62025 60900 65475
78900 61600 62050 60875 65475
79000 61600 62050 60875 65475
79100 61600 62050 60875 65475
79200 61600 62050 60875 65475
79300 61600 62050 60875 65475
79400 61600 62050 60900 65450
79500 61600 62050 60900 65450
79600 61600 62050 60900 65450
79700 61600 62050 60900 65450
79800 61600 62050 60900 65450
79900 61600 62050 60900 65450
80000 61600 62050 60900 65450
80100 61600 62050 60900 65450
80200 61600 62050 60900 65450
80300 61600 62050 60900 65450
80400 61625 62025 60900 65450
80500 61625 62025 60900 65450
80600 61625 62025 60900 65450
80700 61600 62025 60900 65475
80800 61600 62025 60900 65475
80900 61600 62025 60900 65475
81000 61600 62025 60900 65475
81100 61600 62025 60900 65475
81200 61600 62025 60900 65475
81300 61600 62025 60900 65475
81400 61600 62025 60900 65475
81500 61600 62025 60900 65475
81600 61600 62025 60900 65475
81700 61575 62025 60900 65500
81800 61575 62025 60900 65500
81900 61575 62025 60900 65500
82000 61575 62025 60900 65500
82100 61575 62025 60900 65500
82200 61575 62025 60900 65500
82300 61575 62025 60900 65500
82400 61575 62025 60900 65500
82500 61575 62025 60900 65500
82600 61575 62025 60900 65500
82700 61550 62025 60900 65525
82800 61550 62025 60900 65525
82900 61550 62025 60900 65525
83000 61550 62025 60900 65525
83100 61525 62025 60925 65525
83200 61525 62025 60925 65525
83300 61525 62025 60925 65525
83400 61525 62025 60925 65525
83500 61500 62050 60925 65525
83600 61500 62050 60925 65525
83700 61500 62050 60925 65525
83800 61500 62050 60925 65525
83900 61500 62050 60925 65525
84000 61500 62050 60925 65525
84100 61500 62050 60925 65525
84200 61500 62050 60925 65525
84300 61500 62050 60925 65525
84400 61500 62050 60925 65525
84500 61500 62050 60925 65525
84600 61500 62050 60925 65525
84700 61500 62050 60925 65525
84800 61500 62050 60925 65525
84900 61500 62050 60925 65525
85000 61500 62050 60925 65525
85100 61500 62050 60925 65525
85200 61500 62050 60950 65500
85300 61500 62050 60950 65500
85400 61500 62050 60950 65500
85500 61500 62050 60950 65500
85600 61500 62050 60950 65500
85700 61500 62050 60950 65500
85800 61500 62050 60950 65500
85900 61500 62050 60950 65500
86000 61500 62050 60950 65500
86100 61500 62050 60950 65500
86200 61500 62025 60975 65500
86300 61500 62025 60975 65500
86400 61500 62025 60975 65500
86500 61500 62050 60950 65500
86600 61500 62050 60950 65500
86700 61500 62050 60950 65500
86800 61500 62050 60950 65500
86900 61500 62050 60950 65500
87000 61500 62050 60950 65500
87100 61500 62050 60950 65500
87200 61500 62050 60950 65500
87300 61500 62050 60950 65500
87400 61500 62050 60950 65500
87500 61500 62050 60975 65475
87600 61500 62050 60975 65475
87700 61500 62050 60975 65475
87800 61500 62050 60975 65475
87900 61500 62050 60975 65475
88000 61500 62050 60975 65475
88100 61500 62050 60975 65475
88200 61475 62075 60975 65475
88300 61475 62075 60975 65475
88400 61475 62075 60975 65475
88500 61475 62075 60975 65475
88600 61475 62075 60975 65475
88700 61475 62075 60975 65475
88800 61475 62075 60975 65475
88900 61475 62075 60975 65475
89000 61475 62075 60975 65475
89100 61475 62075 60975 65475
89200 61475 62075 60975 65475
89300 61475 62075 60975 65475
89400 61475 62075 60975 65475
89500 61475 62075 60975 65475
89600 61475 62075 60975 65475
89700 61475 62075 60975 65475
89800 61475 62075 60975 65475
89900 61475 62075 60975 65475
90000 61475 62075 60975 65475
90100 61475 62075 60975 65475
90200 61475 62075 60975 65475
90300 61475 62075 60975 65475
90400 61475 62075 60975 65475
90500 61475 62075 60975 65475
90600 61475 62075 60975 65475
90700 61475 62075 60975 65475
90800 61475 62075 60975 65475
90900 61475 62075 60975 65475
91000 61475 62075 60975 65475
91100 61475 62075 60975 65475
91200 61475 62075 60975 65475
91300 61475 62075 60975 65475
91400 61475 62075 60975 65475
91500 61475 62075 60975 65475
91600 61475 62100 60950 65475
91700 61475 62100 60950 65475
91800 61475 62100 60950 65475
91900 61475 62100 60950 65475
92000 61475 62100 60950 65475
92100 61475 62100 60950 65475
92200 61475 62100 60950 65475
92300 61475 62100 60950 65475
92400 61475 62100 60950 65475
92500 61475 62100 60950 65475
92600 61475 62100 60950 65475
92700 61475 62100 60950 65475
92800 61475 62100 60950 65475
92900 61475 62100 60950 65475
93000 61475 62075 60975 65475
93100 61475 62075 60975 65475
93200 61475 62075 60975 65475
93300 61475 62075 60975 65475
93400 61475 62075 60975 65475
93500 61475 62075 60975 65475
93600 61475 62075 60975 65475
93700 61475 62075 60975 65475
93800 61475 62075 60975 65475
93900 61475 62075 60975 65475
94000 61475 62075 60975 65475
94100 61475 62075 60975 65475
94200 61450 62100 60975 65475
94300 61450 62100 60975 65475
94400 61450 62100 60975 65475
94500 61450 62100 60975 65475
94600 61450 62100 60975 65475
94700 61450 62100 60975 65475
94800 61450 62100 60975 65475
94900 61450 62100 60975 65475
95000 61450 62100 60975 65475
95100 61450 62100 60975 65475
95200 61450 62100 60975 65475
95300 61450 62100 60975 65475
95400 61450 62100 60975 65475
95500 61450 62100 60975 65475
95600 61450 62100 60975 65475
95700 61450 62100 60975 65475
95800 61450 62100 60975 65475
95900 61450 62100 60975 65475
96000 61450 62100 60975 65475
96100 61450 62100 60975 65475
96200 61450 62100 60975 65475
96300 61450 62100 60950 65500
96400 61450 62100 60950 65500
96500 61450 62100 60950 65500
96600 61450 62100 60950 65500
96700 61450 62100 60950 65500
96800 61450 62100 60950 65500
96900 61450 62100 60975 65475
97000 61450 62100 60975 65475
97100 61450 62100 60975 65475
97200 61450 62100 60975 65475
97300 61450 62100 60975 65475
97400 61450 62100 60975 65475
97500 61450 62100 60975 65475
97600 61450 62100 60975 65475
97700 61450 62100 60975 65475
97800 61450 62100 60975 65475
97900 61450 62100 60975 65475
98000 61450 62075 61000 65475
98100 61450 62075 61000 65475
98200 61450 62100 60975 65475
98300 61450 62100 60975 65475
98400 61425 62125 60975 65475
98500 61425 62125 60975 65475
98600 61425 62125 60975 65475
98700 61425 62125 60975 65475
98800 61425 62125 60975 65475
98900 61425 62125 60975 65475
99000 61425 62125 60975 65475
99100 61425 62125 60975 65475
99200 61425 62125 60975 65475
99300 61425 62125 60975 65475
99400 61425 62125 60975 65475
99500 61425 62125 60975 65475
99600 61425 62125 60975 65475
99700 61425 62125 60975 65475
99800 61425 62125 60975 65475
99900 61425 62125 60975 65475
100000 61425 62125 60975 65475
