0 64175 63325 61650 60850
100 64200 63325 61600 60875
200 64200 63350 61550 60900
300 64200 63375 61575 60850
400 64225 63350 61525 60900
500 64275 63350 61525 60850
600 64275 63350 61525 60850
700 64300 63350 61550 60800
800 64250 63350 61525 60875
900 64275 63350 61550 60825
1000 64225 63425 61475 60875
1100 64250 63425 61450 60875
1200 64250 63450 61400 60900
1300 64225 63450 61425 60900
1400 64250 63425 61425 60900
1500 64250 63450 61400 60900
1600 64250 63450 61400 60900
1700 64250 63475 61400 60875
1800 64250 63450 61400 60900
1900 64250 63450 61425 60875
2000 64250 63450 61425 60875
2100 64275 63425 61450 60850
2200 64325 63375 61475 60825
2300 64275 63425 61450 60850
2400 64250 63450 61425 60875
2500 64225 63450 61425 60900
2600 64225 63450 61400 60925
2700 64200 63450 61400 60950
2800 64300 63400 61375 60925
2900 64325 63400 61350 60925
3000 64350 63400 61350 60900
3100 64350 63425 61350 60875
3200 64300 63475 61325 60900
3300 64325 63450 61300 60925
3400 64300 63500 61275 60925
3500 64275 63500 61325 60900
3600 64225 63525 61325 60925
3700 64250 63475 61350 60925
3800 64275 63475 61325 60925
3900 64275 63500 61300 60925
4000 64250 63550 61300 60900
4100 64250 63575 61275 60900
4200 64225 63575 61300 60900
4300 64250 63575 61300 60875
4400 64250 63575 61325 60850
4500 64200 63600 61300 60900
4600 64225 63550 61325 60900
4700 64250 63500 61375 60875
4800 64275 63500 61325 60900
4900 64275 63525 61350 60850
5000 64225 63550 61350 60875
5100 64200 63525 61375 60900
5200 64225 63500 61375 60900
5300 64250 63500 61350 60900
5400 64250 63450 61375 60925
5500 64275 63450 61350 60925
5600 64275 63400 61375 60950
5700 64275 63375 61375 60975
5800 64300 63375 61350 60975
5900 64250 63375 61375 61000
6000 64300 63400 61350 60950
6100 64325 63375 61375 60925
6200 64350 63375 61375 60900
6300 64325 63425 61350 60900
6400 64325 63425 61350 60900
6500 64300 63450 61325 60925
6600 64300 63475 61325 60900
6700 64325 63500 61325 60850
6800 64400 63500 61325 60775
6900 64425 63500 61300 60775
7000 64400 63575 61250 60775
7100 64400 63550 61250 60800
7200 64375 63550 61225 60850
7300 64350 63575 61225 60850
7400 64350 63600 61200 60850
7500 64325 63650 61175 60850
7600 64300 63650 61175 60875
7700 64300 63650 61200 60850
7800 64325 63625 61200 60850
7900 64300 63625 61225 60850
8000 64300 63625 61225 60850
8100 64325 63600 61250 60825
8200 64300 63625 61250 60825
8300 64300 63625 61250 60825
8400 64300 63625 61275 60800
8500 64300 63625 61275 60800
8600 64325 63625 61275 60775
8700 64350 63650 61275 60725
8800 64350 63650 61275 60725
8900 64350 63675 61225 60750
9000 64400 63625 61200 60775
9100 64400 63650 61150 60800
9200 64400 63650 61150 60800
9300 64400 63650 61150 60800
9400 64375 63675 61125 60825
9500 64375 63675 61125 60825
9600 64375 63650 61125 60850
9700 64350 63650 61150 60850
9800 64350 63650 61150 60850
9900 64325 63650 61150 60875
10000 64325 63600 61200 60875
10100 64300 63625 61200 60875
10200 64300 63675 61150 60875
10300 64300 63675 61175 60850
10400 64300 63675 61175 60850
10500 64300 63675 61150 60875
10600 64325 63675 61150 60850
10700 64350 63650 61150 60850
10800 64375 63625 61150 60850
10900 64375 63600 61175 60850
11000 64450 63575 61150 60825
11100 64450 63550 61175 60825
11200 64425 63550 61200 60825
11300 64425 63550 61200 60825
11400 64425 63550 61200 60825
11500 64425 63550 61225 60800
11600 64425 63525 61250 60800
11700 64400 63550 61225 60825
11800 64425 63550 61225 60800
11900 64425 63525 61250 60800
12000 64425 63500 61250 60825
12100 64400 63500 61250 60850
12200 64450 63450 61225 60875
12300 64450 63475 61200 60875
12400 64425 63475 61200 60900
12500 64400 63475 61200 60925
12600 64400 63450 61225 60925
12700 64400 63450 61250 60900
12800 64350 63500 61250 60900
12900 64375 63475 61250 60900
13000 64375 63475 61250 60900
13100 64375 63475 61250 60900
13200 64375 63500 61225 60900
13300 64375 63475 61250 60900
13400 64375 63475 61250 60900
13500 64375 63475 61250 60900
13600 64375 63475 61250 60900
13700 64375 63500 61250 60875
13800 64350 63500 61250 60900
13900 64400 63475 61250 60875
14000 64400 63475 61250 60875
14100 64400 63475 61250 60875
14200 64375 63500 61250 60875
14300 64375 63500 61250 60875
14400 64375 63525 61250 60850
14500 64375 63525 61250 60850
14600 64350 63550 61250 60850
14700 64350 63550 61250 60850
14800 64375 63550 61250 60825
14900 64375 63575 61225 60825
15000 64375 63575 61225 60825
15100 64325 63625 61200 60850
15200 64325 63625 61200 60850
15300 64325 63625 61200 60850
15400 64325 63625 61200 60850
15500 64325 63625 61200 60850
15600 64325 63625 61200 60850
15700 64300 63675 61175 60850
15800 64350 63650 61175 60825
15900 64325 63650 61175 60850
16000 64325 63650 61175 60850
16100 64325 63650 61175 60850
16200 64325 63675 61175 60825
16300 64325 63675 61175 60825
16400 64325 63675 61175 60825
16500 64325 63675 61175 60825
16600 64325 63675 61175 60825
16700 64325 63700 61150 60825
16800 64300 63725 61150 60825
16900 64300 63700 61175 60825
17000 64300 63700 61175 60825
17100 64300 63700 61175 60825
17200 64325 63700 61200 60775
17300 64325 63700 61200 60775
17400 64325 63700 61200 60775
17500 64325 63700 61200 60775
17600 64325 63700 61200 60775
17700 64325 63700 61200 60775
17800 64300 63700 61200 60800
17900 64300 63700 61225 60775
18000 64350 63675 61225 60750
18100 64350 63675 61225 60750
18200 64350 63675 61225 60750
18300 64325 63700 61200 60775
18400 64325 63700 61200 60775
18500 64325 63725 61175 60775
18600 64325 63725 61175 60775
18700 64300 63775 61150 60775
18800 64300 63775 61150 60775
18900 64300 63775 61125 60800
19000 64300 63775 61125 60800
19100 64300 63775 61125 60800
19200 64300 63775 61125 60800
19300 64300 63750 61150 60800
19400 64300 63750 61150 60800
19500 64325 63750 61150 60775
19600 64350 63750 61150 60750
19700 64350 63750 61150 60750
19800 64350 63750 61150 60750
19900 64350 63750 61150 60750
20000 64375 63750 61150 60725
20100 64400 63725 61125 60750
20200 64400 63725 61125 60750
20300 64400 63725 61125 60750
20400 64400 63700 61150 60750
20500 64375 63725 61150 60750
20600 64375 63725 61150 60750
20700 64425 63675 61150 60750
20800 64425 63675 61150 60750
20900 64425 63675 61150 60750
21000 64425 63675 61150 60750
21100 64425 63700 61125 60750
21200 64425 63675 61150 60750
21300 64425 63675 61150 60750
21400 64425 63700 61125 60750
21500 64425 63700 61125 60750
21600 64425 63700 61125 60750
21700 64400 63725 61125 60750
21800 64400 63725 61125 60750
21900 64400 63725 61125 60750
22000 64400 63725 61125 60750
22100 64400 63725 61125 60750
22200 64400 63725 61125 60750
22300 64400 63725 61125 60750
22400 64375 63725 61125 60775
22500 64375 63725 61125 60775
22600 64375 63725 61125 60775
22700 64375 63725 61125 60775
22800 64375 63725 61125 60775
22900 64350 63725 61125 60800
23000 64350 63725 61125 60800
23100 64350 63725 61125 60800
23200 64350 63725 61125 60800
23300 64350 63725 61125 60800
23400 64350 63725 61125 60800
23500 64350 63725 61125 60800
23600 64350 63725 61125 60800
23700 64350 63725 61125 60800
23800 64375 63700 61125 60800
23900 64400 63675 61125 60800
24000 64400 63675 61125 60800
24100 64425 63675 61125 60775
24200 64425 63675 61125 60775
24300 64425 63700 61100 60775
24400 64425 63700 61100 60775
24500 64425 63700 61100 60775
24600 64425 63700 61100 60775
24700 64425 63700 61100 60775
24800 64450 63675 61100 60775
24900 64450 63675 61100 60775
25000 64450 63675 61100 60775
25100 64450 63675 61100 60775
25200 64450 63675 61100 60775
25300 64450 63675 61100 60775
25400 64450 63675 61100 60775
25500 64450 63675 61100 60775
25600 64425 63725 61075 60775
25700 64425 63725 61075 60775
25800 64425 63700 61100 60775
25900 64425 63700 61100 60775
26000 64400 63725 61100 60775
26100 64400 63725 61100 60775
26200 64400 63700 61125 60775
26300 64425 63700 61125 60750
26400 64425 63700 61125 60750
26500 64425 63700 61125 60750
26600 64425 63700 61125 60750
26700 64425 63700 61125 60750
26800 64475 63675 61125 60725
26900 64475 63675 61125 60725
27000 64475 63675 61125 60725
27100 64450 63675 61125 60750
27200 64450 63700 61100 60750
27300 64450 63700 61100 60750
27400 64450 63700 61100 60750
27500 64450 63700 61100 60750
27600 64450 63700 61100 60750
27700 64450 63700 61100 60750
27800 64450 63700 61100 60750
27900 64475 63700 61100 60725
28000 64475 63700 61100 60725
28100 64475 63700 61125 60700
28200 64475 63700 61125 60700
28300 64475 63700 61125 60700
28400 64475 63700 61125 60700
28500 64475 63700 61125 60700
28600 64475 63700 61125 60700
28700 64475 63700 61125 60700
28800 64500 63675 61125 60700
28900 64500 63675 61125 60700
29000 64500 63675 61125 60700
29100 64475 63700 61125 60700
29200 64475 63700 61125 60700
29300 64500 63700 61125 60675
29400 64500 63700 61125 60675
29500 64500 63700 61125 60675
29600 64500 63700 61125 60675
29700 64500 63700 61125 60675
29800 64500 63700 61125 60675
29900 64500 63700 61125 60675
30000 64500 63700 61125 60675
30100 64500 63675 61150 60675
30200 64475 63700 61150 60675
30300 64475 63700 61150 60675
30400 64475 63700 61150 60675
30500 64475 63700 61150 60675
30600 64475 63700 61150 60675
30700 64475 63700 61150 60675
30800 64475 63700 61150 60675
30900 64475 63700 61150 60675
31000 64475 63700 61150 60675
31100 64475 63700 61150 60675
31200 64475 63700 61150 60675
31300 64475 63700 61150 60675
31400 64475 63700 61150 60675
31500 64450 63700 61150 60700
31600 64450 63700 61150 60700
31700 64450 63700 61150 60700
31800 64475 63675 61150 60700
31900 64475 63675 61150 60700
32000 64475 63675 61150 60700
32100 64475 63675 61150 60700
32200 64475 63675 61150 60700
32300 64475 63675 61150 60700
32400 64475 63675 61150 60700
32500 64475 63675 61150 60700
32600 64475 63675 61150 60700
32700 64475 63675 61150 60700
32800 64475 63675 61150 60700
32900 64475 63675 61150 60700
33000 64475 63675 61150 60700
33100 64475 63675 61150 60700
33200 64450 63700 61150 60700
33300 64450 63700 61150 60700
33400 64450 63700 61150 60700
33500 64450 63700 61150 60700
33600 64450 63700 61150 60700
33700 64450 63700 61150 60700
33800 64450 63700 61150 60700
33900 64450 63700 61150 60700
34000 64450 63700 61150 60700
34100 64450 63675 61175 60700
34200 64475 63650 61175 60700
34300 64475 63650 61175 60700
34400 64475 63650 61175 60700
34500 64475 63650 61175 60700
34600 64475 63650 61175 60700
34700 64475 63650 61175 60700
34800 64475 63650 61175 60700
34900 64475 63650 61175 60700
35000 64475 63650 61175 60700
35100 64475 63650 61175 60700
35200 64475 63650 61175 60700
35300 64450 63675 61175 60700
35400 64450 63675 61175 60700
35500 64450 63675 61175 60700
35600 64450 63675 61175 60700
35700 64450 63675 61175 60700
35800 64450 63675 61175 60700
35900 64450 63675 61175 60700
36000 64450 63675 61175 60700
36100 64450 63675 61175 60700
36200 64450 63675 61175 60700
36300 64450 63675 61175 60700
36400 64450 63675 61175 60700
36500 64450 63675 61175 60700
36600 64450 63700 61150 60700
36700 64450 63700 61150 60700
36800 64450 63700 61150 60700
36900 64450 63700 61150 60700
37000 64450 63700 61150 60700
37100 64450 63700 61150 60700
37200 64450 63700 61150 60700
37300 64450 63700 61150 60700
37400 64450 63700 61150 60700
37500 64425 63700 61150 60725
37600 64425 63700 61150 60725
37700 64425 63700 61150 60725
37800 64450 63700 61150 60700
37900 64450 63700 61150 60700
38000 64450 63700 61150 60700
38100 64450 63700 61150 60700
38200 64475 63700 61150 60675
38300 64475 63700 61150 60675
38400 64475 63700 61150 60675
38500 64475 63700 61150 60675
38600 64475 63700 61150 60675
38700 64475 63700 61150 60675
38800 64475 63700 61150 60675
38900 64475 63700 61150 60675
39000 64475 63700 61150 60675
39100 64475 63700 61150 60675
39200 64475 63700 61150 60675
39300 64475 63700 61150 60675
39400 64475 63700 61150 60675
39500 64475 63675 61175 60675
39600 64475 63675 61175 60675
39700 64475 63675 61175 60675
39800 64475 63675 61175 60675
39900 64450 63700 61175 60675
40000 64450 63700 61175 60675
40100 64450 63700 61175 60675
40200 64450 63700 61175 60675
40300 64450 63700 61175 60675
40400 64450 63700 61175 60675
40500 64450 63700 61175 60675
40600 64450 63700 61175 60675
40700 64450 63700 61175 60675
40800 64450 63700 61175 60675
40900 64450 63700 61175 60675
41000 64450 63700 61175 60675
41100 64450 63700 61175 60675
41200 64450 63700 61175 60675
41300 64450 63700 61175 60675
41400 64450 63700 61175 60675
41500 64450 63700 61175 60675
41600 64450 63700 61175 60675
41700 64450 63700 61175 60675
41800 64450 63700 61175 60675
41900 64450 63700 61175 60675
42000 64450 63700 61175 60675
42100 64450 63700 61175 60675
42200 64450 63700 61175 60675
42300 64450 63700 61175 60675
42400 64450 63700 61175 60675
42500 64450 63725 61150 60675
42600 64450 63725 61150 60675
42700 64450 63725 61150 60675
42800 64450 63725 61150 60675
42900 64450 63725 61150 60675
43000 64450 63725 61150 60675
43100 64450 63725 61150 60675
43200 64450 63725 61150 60675
43300 64450 63725 61150 60675
43400 64450 63725 61150 60675
43500 64450 63725 61150 60675
43600 64450 63725 61150 60675
43700 64450 63725 61150 60675
43800 64450 63725 61150 60675
43900 64450 63725 61150 60675
44000 64450 63725 61150 60675
44100 64450 63725 61150 60675
44200 64450 63725 61150 60675
44300 64475 63725 61150 60650
44400 64475 63725 61150 60650
44500 64475 63725 61150 60650
44600 64475 63725 61150 60650
44700 64475 63725 61150 60650
44800 64475 63725 61150 60650
44900 64475 63725 61150 60650
45000 64475 63725 61150 60650
45100 64475 63725 61150 60650
45200 64475 63725 61150 60650
45300 64475 63725 61150 60650
45400 64475 63725 61150 60650
45500 64475 63725 61150 60650
45600 64475 63725 61150 60650
45700 64475 63725 61150 60650
45800 64475 63725 61150 60650
45900 64475 63725 61150 60650
46000 64475 63725 61150 60650
46100 64475 63725 61150 60650
46200 64475 63725 61150 60650
46300 64475 63725 61150 60650
46400 64475 63725 61150 60650
46500 64475 63725 61150 60650
46600 64475 63725 61150 60650
46700 64475 63725 61150 60650
46800 64450 63750 61150 60650
46900 64450 63750 61150 60650
47000 64450 63750 61150 60650
47100 64450 63750 61150 60650
47200 64450 63750 61150 60650
47300 64450 63750 61150 60650
47400 64450 63750 61150 60650
47500 64450 63750 61150 60650
47600 64450 63750 61150 60650
47700 64450 63750 61150 60650
47800 64450 63750 61150 60650
47900 64450 63750 61150 60650
48000 64450 63750 61150 60650
48100 64450 63750 61150 60650
48200 64450 63750 61150 60650
48300 64450 63750 61150 60650
48400 64450 63750 61150 60650
48500 64450 63750 61150 60650
48600 64450 63750 61150 60650
48700 64450 63750 61150 60650
48800 64450 63750 61150 60650
48900 64450 63750 61150 60650
49000 64450 63750 61150 60650
49100 64450 63750 61150 60650
49200 64450 63750 61150 60650
49300 64450 63750 61150 60650
49400 64450 63750 61150 60650
49500 64450 63750 61150 60650
49600 64450 63750 61150 60650
49700 64450 63750 61150 60650
49800 64450 63750 61150 60650
49900 64450 63750 61150 60650
50000 64450 63750 61150 60650
50100 64450 63750 61150 60650
50200 64450 63750 61150 60650
50300 64450 63750 61150 60650
50400 64450 63750 61150 60650
50500 64450 63750 61150 60650
50600 64450 63750 61150 60650
50700 64450 63750 61150 60650
50800 64450 63750 61150 60650
50900 64450 63750 61150 60650
51000 64450 63750 61150 60650
51100 64450 63750 61150 60650
51200 64450 63750 61150 60650
51300 64450 63750 61150 60650
51400 64450 63750 61150 60650
51500 64450 63750 61150 60650
51600 64450 63750 61150 60650
51700 64450 63750 61150 60650
51800 64450 63750 61150 60650
51900 64450 63750 61150 60650
52000 64450 63750 61150 60650
52100 64450 63750 61150 60650
52200 64450 63750 61150 60650
52300 64450 63750 61150 60650
52400 64450 63750 61150 60650
52500 64450 63750 61150 60650
52600 64450 63750 61150 60650
52700 64450 63750 61150 60650
52800 64450 63750 61150 60650
52900 64450 63750 61150 60650
53000 64450 63750 61150 60650
53100 64450 63750 61150 60650
53200 64450 63750 61150 60650
53300 64450 63750 61150 60650
53400 64450 63750 61150 60650
53500 64450 63750 61150 60650
53600 64450 63750 61150 60650
53700 64450 63750 61150 60650
53800 64450 63750 61150 60650
53900 64450 63750 61150 60650
54000 64450 63750 61150 60650
54100 64450 63750 61150 60650
54200 64450 63750 61150 60650
54300 64450 63750 61150 60650
54400 64450 63750 61150 60650
54500 64450 63750 61150 60650
54600 64450 63750 61150 60650
54700 64450 63750 61150 60650
54800 64450 63750 61150 60650
54900 64425 63750 61150 60675
55000 64450 63725 61150 60675
55100 64450 63725 61150 60675
55200 64450 63725 61150 60675
55300 64450 63725 61150 60675
55400 64450 63725 61150 60675
55500 64450 63725 61150 60675
55600 64450 63725 61150 60675
55700 64450 63725 61150 60675
55800 64450 63725 61150 60675
55900 64450 63725 61150 60675
56000 64450 63725 61150 60675
56100 64450 63725 61150 60675
56200 64450 63725 61150 60675
56300 64450 63725 61150 60675
56400 64450 63700 61175 60675
56500 64450 63700 61175 60675
56600 64450 63700 61175 60675
56700 64450 63700 61175 60675
56800 64450 63700 61175 60675
56900 64450 63700 61175 60675
57000 64450 63700 61175 60675
57100 64450 63700 61175 60675
57200 64450 63700 61175 60675
57300 64450 63700 61175 60675
57400 64450 63700 61175 60675
57500 64450 63700 61175 60675
57600 64450 63700 61175 60675
57700 64450 63700 61175 60675
57800 64450 63700 61175 60675
57900 64450 63700 61175 60675
58000 64450 63700 61175 60675
58100 64450 63700 61175 60675
58200 64450 63700 61175 60675
58300 64450 63700 61175 60675
58400 64450 63700 61175 60675
58500 64450 63700 61175 60675
58600 64450 63700 61175 60675
58700 64450 63700 61175 60675
58800 64450 63700 61175 60675
58900 64450 63700 61175 60675
59000 64475 63700 61175 60650
59100 64475 63700 61175 60650
59200 64475 63700 61175 60650
59300 64475 63700 61175 60650
59400 64475 63700 61175 60650
59500 64475 63700 61175 60650
59600 64475 63700 61175 60650
59700 64475 63700 61175 60650
59800 64475 63700 61175 60650
59900 64475 63725 61175 60625
60000 64475 63725 61175 60625
60100 64475 63725 61175 60625
60200 64475 63725 61175 60625
60300 64475 63725 61175 60625
60400 64475 63725 61175 60625
60500 64475 63725 61175 60625
60600 64475 63725 61175 60625
60700 64475 63725 61175 60625
60800 64475 63725 61175 60625
60900 64475 63725 61175 60625
61000 64475 63725 61175 60625
61100 64475 63725 61175 60625
61200 64475 63725 61175 60625
61300 64475 63725 61175 60625
61400 64475 63725 61175 60625
61500 64475 63725 61175 60625
61600 64475 63725 61175 60625
61700 64475 63750 61150 60625
61800 64475 63750 61150 60625
61900 64475 63750 61150 60625
62000 64475 63750 61150 60625
62100 64450 63775 61150 60625
62200 64450 63775 61150 60625
62300 64450 63775 61150 60625
62400 64450 63775 61150 60625
62500 64450 63775 61150 60625
62600 64450 63775 61150 60625
62700 64450 63775 61150 60625
62800 64450 63775 61150 60625
62900 64450 63775 61150 60625
63000 64450 63775 61150 60625
63100 64450 63775 61150 60625
63200 64450 63775 61150 60625
63300 64450 63775 61150 60625
63400 64450 63775 61150 60625
63500 64450 63775 61150 60625
63600 64450 63775 61150 60625
63700 64450 63775 61150 60625
63800 64450 63775 61150 60625
63900 64450 63775 61150 60625
64000 64450 63775 61150 60625
64100 64450 63775 61150 60625
64200 64450 63775 61150 60625
64300 64450 63775 61150 60625
64400 64450 63775 61150 60625
64500 64450 63775 61150 60625
64600 64450 63775 61150 60625
64700 64450 63775 61150 60625
64800 64450 63775 61150 60625
64900 64450 63775 61150 60625
65000 64450 63775 61150 60625
65100 64450 63775 61150 60625
65200 64450 63775 61150 60625
65300 64450 63775 61150 60625
65400 64450 63775 61150 60625
65500 64450 63775 61150 60625
65600 64450 63775 61150 60625
65700 64450 63775 61150 60625
65800 64450 63775 61150 60625
65900 64450 63775 61150 60625
66000 64450 63775 61150 60625
66100 64450 63775 61150 60625
66200 64450 63775 61150 60625
66300 64450 63775 61150 60625
66400 64450 63775 61150 60625
66500 64450 63775 61150 60625
66600 64450 63775 61150 60625
66700 64450 63775 61150 60625
66800 64450 63775 61150 60625
66900 64450 63775 61150 60625
67000 64450 63775 61150 60625
67100 64450 63775 61150 60625
67200 64450 63775 61150 60625
67300 64450 63775 61150 60625
67400 64450 63775 61150 60625
67500 64450 63775 61150 60625
67600 64450 63775 61150 60625
67700 64450 63775 61150 60625
67800 64450 63775 61150 60625
67900 64450 63775 61150 60625
68000 64450 63775 61150 60625
68100 64450 63775 61150 60625
68200 64475 63750 61150 60625
68300 64475 63750 61150 60625
68400 64475 63750 61150 60625
68500 64475 63750 61150 60625
68600 64475 63750 61150 60625
68700 64475 63750 61150 60625
68800 64475 63750 61150 60625
68900 64475 63750 61150 60625
69000 64475 63750 61150 60625
69100 64475 63750 61150 60625
69200 64500 63750 61150 60600
69300 64500 63750 61150 60600
69400 64500 63750 61150 60600
69500 64500 63750 61150 60600
69600 64500 63750 61150 60600
69700 64500 63775 61125 60600
69800 64500 63775 61125 60600
69900 64500 63775 61125 60600
70000 64500 63775 61125 60600
70100 64500 63775 61125 60600
70200 64500 63775 61125 60600
70300 64500 63775 61125 60600
70400 64500 63775 61125 60600
70500 64500 63775 61125 60600
70600 64500 63775 61125 60600
70700 64500 63775 61125 60600
70800 64500 63775 61125 60600
70900 64475 63800 61125 60600
71000 64475 63800 61125 60600
71100 64475 63800 61125 60600
71200 64475 63800 61125 60600
71300 64475 63800 61125 60600
71400 64475 63800 61125 60600
71500 64475 63800 61125 60600
71600 64475 63800 61125 60600
71700 64475 63800 61125 60600
71800 64475 63800 61125 60600
71900 64475 63800 61125 60600
72000 64475 63800 61125 60600
72100 64475 63800 61125 60600
72200 64475 63800 61125 60600
72300 64475 63800 61125 60600
72400 64475 63800 61125 60600
72500 64475 63800 61125 60600
72600 64475 63800 61125 60600
72700 64475 63800 61125 60600
72800 64475 63800 61125 60600
72900 64475 63800 61125 60600
73000 64475 63800 61125 60600
73100 64475 63800 61125 60600
73200 64475 63800 61125 60600
73300 64475 63800 61125 60600
73400 64475 63800 61125 60600
73500 64475 63800 61125 60600
73600 64475 63800 61125 60600
73700 64475 63800 61125 60600
73800 64475 63800 61125 60600
73900 64475 63800 61125 60600
74000 64475 63800 61125 60600
74100 64475 63800 61125 60600
74200 64475 63800 61125 60600
74300 64475 63800 61125 60600
74400 64475 63800 61125 60600
74500 64475 63800 61125 60600
74600 64475 63800 61125 60600
74700 64475 63800 61125 60600
74800 64475 63800 61125 60600
74900 64475 63800 61125 60600
75000 64475 63800 61125 60600
75100 64475 63800 61125 60600
75200 64475 63800 61125 60600
75300 64475 63800 61125 60600
75400 64475 63800 61125 60600
75500 64450 63800 61125 60625
75600 64450 63800 61125 60625
75700 64450 63800 61125 60625
75800 64450 63800 61125 60625
75900 64450 63800 61125 60625
76000 64450 63800 61125 60625
76100 64450 63800 61125 60625
76200 64450 63800 61125 60625
76300 64450 63800 61125 60625
76400 64450 63800 61125 60625
76500 64450 63800 61125 60625
76600 64450 63800 61125 60625
76700 64450 63800 61125 60625
76800 64450 63800 61125 60625
76900 64450 63800 61125 60625
77000 64450 63800 61125 60625
77100 64450 63800 61125 60625
77200 64450 63800 61125 60625
77300 64450 63800 61125 60625
77400 64450 63800 61125 60625
77500 64450 63800 61125 60625
77600 64450 63800 61125 60625
77700 64450 63800 61125 60625
77800 64450 63800 61125 60625
77900 64450 63800 61125 60625
78000 64450 63800 61125 60625
78100 64450 63800 61125 60625
78200 64450 63800 61125 60625
78300 64450 63800 61125 60625
78400 64450 63775 61150 60625
78500 64450 63775 61150 60625
78600 64450 63775 61150 60625
78700 64450 63775 61150 60625
78800 64450 63775 61150 60625
78900 64450 63775 61150 60625
79000 64450 63775 61150 60625
79100 64450 63775 61150 60625
79200 64450 63775 61150 60625
79300 64450 63775 61150 60625
79400 64450 63775 61150 60625
79500 64450 63775 61150 60625
79600 64450 63775 61150 60625
79700 64450 63775 61150 60625
79800 64450 63775 61150 60625
79900 64450 63775 61150 60625
80000 64450 63775 61150 60625
80100 64450 63775 61150 60625
80200 64450 63775 61150 60625
80300 64450 63775 61150 60625
80400 64450 63775 61150 60625
80500 64450 63775 61150 60625
80600 64450 63775 61150 60625
80700 64450 63775 61150 60625
80800 64450 63775 61150 60625
80900 64450 63750 61175 60625
81000 64450 63750 61175 60625
81100 64450 63750 61175 60625
81200 64450 63750 61175 60625
81300 64450 63750 61175 60625
81400 64450 63750 61175 60625
81500 64450 63750 61175 60625
81600 64450 63750 61175 60625
81700 64450 63750 61175 60625
81800 64450 63750 61175 60625
81900 64450 63750 61175 60625
82000 64450 63750 61175 60625
82100 64450 63750 61175 60625
82200 64450 63750 61175 60625
82300 64450 63750 61175 60625
82400 64450 63750 61175 60625
82500 64450 63750 61175 60625
82600 64450 63750 61175 60625
82700 64450 63750 61175 60625
82800 64450 63750 61175 60625
82900 64450 63750 61175 60625
83000 64450 63750 61175 60625
83100 64450 63750 61175 60625
83200 64450 63750 61175 60625
83300 64450 63750 61175 60625
83400 64450 63750 61175 60625
83500 64450 63750 61175 60625
83600 64450 63750 61175 60625
83700 64450 63750 61175 60625
83800 64450 63750 61175 60625
83900 64450 63750 61175 60625
84000 64450 63750 61175 60625
84100 64450 63750 61175 60625
84200 64450 63750 61175 60625
84300 64450 63750 61175 60625
84400 64450 63750 61175 60625
84500 64450 63750 61175 60625
84600 64450 63750 61175 60625
84700 64450 63750 61175 60625
84800 64450 63750 61175 60625
84900 64450 63750 61175 60625
85000 64450 63750 61175 60625
85100 64450 63750 61175 60625
85200 64450 63750 61175 60625
85300 64450 63750 61175 60625
85400 64450 63750 61175 60625
85500 64450 63750 61175 60625
85600 64450 63750 61175 60625
85700 64450 63750 61175 60625
85800 64450 63750 61175 60625
85900 64450 63750 61175 60625
86000 64450 63750 61175 60625
86100 64450 63750 61175 60625
86200 64450 63750 61175 60625
86300 64450 63750 61175 60625
86400 64450 63750 61175 60625
86500 64450 63750 61175 60625
86600 64450 63750 61175 60625
86700 64450 63750 61175 60625
86800 64450 63750 61175 60625
86900 64450 63750 61175 60625
87000 64450 63750 61175 60625
87100 64450 63750 61175 60625
87200 64450 63750 61175 60625
87300 64450 63750 61175 60625
87400 64450 63750 61175 60625
87500 64450 63750 61175 60625
87600 64450 63750 61175 60625
87700 64450 63750 61175 60625
87800 64450 63750 61175 60625
87900 64450 63750 61175 60625
88000 64450 63750 61175 60625
88100 64450 63750 61175 60625
88200 64450 63750 61175 60625
88300 64450 63750 61175 60625
88400 64450 63750 61175 60625
88500 64450 63750 61175 60625
88600 64450 63750 61175 60625
88700 64450 63750 61175 60625
88800 64450 63750 61175 60625
88900 64425 63750 61175 60650
89000 64425 63750 61175 60650
89100 64425 63750 61175 60650
89200 64425 63750 61175 60650
89300 64425 63750 61175 60650
89400 64425 63750 61175 60650
89500 64425 63750 61175 60650
89600 64425 63750 61175 60650
89700 64425 63750 61175 60650
89800 64425 63750 61175 60650
89900 64425 63750 61175 60650
90000 64425 63750 61175 60650
90100 64425 63750 61175 60650
90200 64425 63750 61175 60650
90300 64425 63750 61175 60650
90400 64425 63750 61175 60650
90500 64425 63750 61175 60650
90600 64425 63750 61175 60650
90700 64425 63750 61175 60650
90800 64425 63750 61175 60650
90900 64425 63750 61175 60650
91000 64425 63750 61175 60650
91100 64425 63750 61175 60650
91200 64425 63750 61175 60650
91300 64425 63750 61175 60650
91400 64425 63750 61175 60650
91500 64425 63750 61175 60650
91600 64425 63750 61175 60650
91700 64425 63750 61175 60650
91800 64425 63750 61175 60650
91900 64425 63750 61175 60650
92000 64425 63750 61175 60650
92100 64425 63750 61175 60650
92200 64425 63750 61175 60650
92300 64425 63750 61175 60650
92400 64425 63750 61175 60650
92500 64425 63750 61175 60650
92600 64425 63750 61175 60650
92700 64425 63750 61175 60650
92800 64425 63750 61175 60650
92900 64400 63775 61175 60650
93000 64400 63775 61175 60650
93100 64400 63775 61175 60650
93200 64400 63775 61175 60650
93300 64400 63775 61175 60650
93400 64400 63775 61175 60650
93500 64400 63775 61175 60650
93600 64400 63775 61175 60650
93700 64400 63775 61175 60650
93800 64400 63775 61175 60650
93900 64400 63775 61175 60650
94000 64400 63775 61175 60650
94100 64400 63775 61175 60650
94200 64400 63775 61175 60650
94300 64400 63775 61175 60650
94400 64400 63775 61175 60650
94500 64400 63775 61175 60650
94600 64400 63775 61175 60650
94700 64400 63775 61175 60650
94800 64400 63775 61175 60650
94900 64400 63775 61175 60650
95000 64400 63775 61175 60650
95100 64400 63775 61175 60650
95200 64400 63775 61175 60650
95300 64400 63775 61175 60650
95400 64400 63775 61175 60650
95500 64400 63775 61175 60650
95600 64400 63775 61175 60650
95700 64400 63775 61175 60650
95800 64400 63775 61175 60650
95900 64400 63775 61175 60650
96000 64400 63775 61175 60650
96100 64400 63775 61175 60650
96200 64400 63775 61175 60650
96300 64400 63775 61175 60650
96400 64400 63775 61175 60650
96500 64400 63775 61175 60650
96600 64400 63775 61175 60650
96700 64400 63775 61175 60650
96800 64400 63775 61175 60650
96900 64400 63775 61175 60650
97000 64400 63775 61175 60650
97100 64400 63775 61175 60650
97200 64400 63775 61175 60650
97300 64400 63775 61175 60650
97400 64400 63775 61175 60650
97500 64400 63775 61175 60650
97600 64400 63775 61175 60650
97700 64400 63775 61175 60650
97800 64400 63775 61175 60650
97900 64400 63775 61175 60650
98000 64400 63775 61175 60650
98100 64400 63775 61175 60650
98200 64400 63775 61175 60650
98300 64400 63775 61175 60650
98400 64400 63775 61175 60650
98500 64400 63775 61175 60650
98600 64400 63775 61175 60650
98700 64425 63775 61175 60625
98800 64425 63775 61175 60625
98900 64425 63775 61175 60625
99000 64425 63775 61175 60625
99100 64425 63775 61175 60625
99200 64425 63775 61175 60625
99300 64425 63775 61175 60625
99400 64425 63775 61175 60625
99500 64425 63775 61175 60625
99600 64425 63775 61175 60625
99700 64425 63775 61175 60625
99800 64425 63775 61175 60625
99900 64425 63775 61175 60625
100000 64425 63775 61175 60625
