0 68600 59575 55850 65975
100 68550 59700 55900 65850
200 68600 59650 55850 65900
300 68675 59800 55750 65775
400 68600 59850 55825 65725
500 68675 59775 55875 65675
600 68700 59850 55825 65625
700 68600 59875 55800 65725
800 68550 59925 55700 65825
900 68550 59875 55850 65725
1000 68525 59950 55800 65725
1100 68650 59925 55900 65525
1200 68575 60025 55725 65675
1300 68650 60025 55850 65475
1400 68550 60075 55825 65550
1500 68525 60175 55825 65475
1600 68675 60050 55850 65425
1700 68650 60050 55950 65350
1800 68625 60075 55900 65400
1900 68675 60075 55900 65350
2000 68650 60025 55900 65425
2100 68525 60125 55925 65425
2200 68600 60150 55850 65400
2300 68725 60075 55800 65400
2400 68700 60125 55775 65400
2500 68725 60075 55800 65400
2600 68650 60125 55775 65450
2700 68675 60075 55800 65450
2800 68700 60125 55800 65375
2900 68650 60100 55825 65425
3000 68600 60125 55775 65500
3100 68650 60125 55650 65575
3200 68675 60050 55700 65575
3300 68625 60000 55725 65650
3400 68700 59825 55750 65725
3500 68750 59825 55750 65675
3600 68700 59900 55725 65675
3700 68675 59950 55750 65625
3800 68625 60050 55775 65550
3900 68625 60050 55725 65600
4000 68650 60000 55725 65625
4100 68625 60000 55800 65575
4200 68675 60025 55750 65550
4300 68650 60025 55825 65500
4400 68750 60050 55750 65450
4500 68725 60025 55700 65550
4600 68725 60050 55650 65575
4700 68700 59975 55625 65700
4800 68675 59875 55700 65750
4900 68650 59875 55750 65725
5000 68575 59900 55800 65725
5100 68625 59800 55900 65675
5200 68650 59800 55875 65675
5300 68675 59825 55850 65650
5400 68675 59850 55850 65625
5500 68700 59875 55850 65575
5600 68675 59975 55825 65525
5700 68675 60000 55775 65550
5800 68675 60000 55775 65550
5900 68700 60050 55750 65500
6000 68700 60050 55725 65525
6100 68725 60050 55725 65500
6200 68700 60075 55725 65500
6300 68650 60100 55725 65525
6400 68600 60125 55725 65550
6500 68675 60175 55600 65550
6600 68700 60175 55600 65525
6700 68700 60175 55650 65475
6800 68650 60225 55650 65475
6900 68675 60225 55650 65450
7000 68750 60300 55575 65375
7100 68800 60275 55600 65325
7200 68875 60275 55600 65250
7300 68900 60225 55600 65275
7400 68850 60275 55625 65250
7500 68875 60275 55600 65250
7600 68875 60275 55625 65225
7700 68875 60300 55600 65225
7800 68850 60325 55600 65225
7900 68800 60350 55625 65225
8000 68800 60325 55675 65200
8100 68825 60350 55650 65175
8200 68825 60350 55650 65175
8300 68825 60350 55675 65150
8400 68825 60400 55575 65200
8500 68825 60400 55600 65175
8600 68825 60450 55550 65175
8700 68750 60500 55575 65175
8800 68775 60475 55600 65150
8900 68750 60525 55575 65150
9000 68775 60525 55600 65100
9100 68775 60525 55625 65075
9200 68775 60525 55625 65075
9300 68775 60525 55625 65075
9400 68725 60525 55625 65125
9500 68725 60575 55575 65125
9600 68775 60600 55550 65075
9700 68775 60600 55600 65025
9800 68800 60600 55625 64975
9900 68775 60575 55650 65000
10000 68725 60625 55650 65000
