0 62775 64925 62850 59450
100 62800 64925 62825 59450
200 62775 64900 62875 59450
300 62750 64925 62850 59475
400 62775 64900 62875 59450
500 62800 64900 62850 59450
600 62825 64850 62900 59425
700 62800 64875 62900 59425
800 62825 64825 62925 59425
900 62875 64775 62900 59450
1000 62850 64775 62850 59525
1100 62800 64775 62900 59525
1200 62825 64750 62900 59525
1300 62800 64750 62925 59525
1400 62800 64775 62950 59475
1500 62800 64800 62950 59450
1600 62825 64800 62975 59400
1700 62775 64775 63025 59425
1800 62775 64725 63100 59400
1900 62800 64700 63075 59425
2000 62825 64675 63075 59425
2100 62850 64650 63025 59475
2200 62850 64675 63025 59450
2300 62825 64675 63050 59450
2400 62825 64675 63050 59450
2500 62825 64650 63100 59425
2600 62825 64650 63075 59450
2700 62825 64650 63050 59475
2800 62775 64675 63075 59475
2900 62775 64675 63050 59500
3000 62800 64650 63025 59525
3100 62825 64625 63075 59475
3200 62800 64650 63125 59425
3300 62800 64650 63125 59425
3400 62800 64650 63125 59425
3500 62850 64675 63050 59425
3600 62850 64675 63000 59475
3700 62825 64675 63050 59450
3800 62800 64675 63050 59475
3900 62800 64650 63100 59450
4000 62825 64650 63075 59450
4100 62850 64650 63050 59450
4200 62825 64675 63075 59425
4300 62800 64725 63075 59400
4400 62825 64700 63050 59425
4500 62825 64700 63075 59400
4600 62800 64675 63125 59400
4700 62775 64700 63150 59375
4800 62825 64675 63125 59375
4900 62850 64625 63100 59425
5000 62875 64625 63075 59425
5100 62800 64650 63100 59450
5200 62775 64650 63125 59450
5300 62750 64600 63225 59425
5400 62725 64625 63200 59450
5500 62750 64600 63200 59450
5600 62725 64625 63200 59450
5700 62725 64600 63200 59475
5800 62725 64600 63200 59475
5900 62725 64600 63200 59475
6000 62750 64575 63200 59475
6100 62750 64600 63200 59450
6200 62775 64600 63200 59425
6300 62750 64625 63200 59425
6400 62775 64600 63200 59425
6500 62750 64625 63225 59400
6600 62750 64600 63250 59400
6700 62775 64600 63225 59400
6800 62775 64575 63225 59425
6900 62800 64550 63225 59425
7000 62800 64550 63275 59375
7100 62750 64550 63325 59375
7200 62800 64500 63275 59425
7300 62850 64475 63275 59400
7400 62875 64475 63200 59450
7500 62875 64475 63225 59425
7600 62875 64475 63225 59425
7700 62800 64500 63300 59400
7800 62825 64475 63300 59400
7900 62825 64475 63275 59425
8000 62850 64475 63275 59400
8100 62850 64450 63275 59425
8200 62850 64450 63275 59425
8300 62850 64450 63275 59425
8400 62875 64425 63275 59425
8500 62875 64425 63275 59425
8600 62900 64400 63275 59425
8700 62925 64400 63275 59400
8800 62875 64450 63300 59375
8900 62900 64400 63325 59375
9000 62875 64425 63350 59350
9100 62850 64450 63375 59325
9200 62875 64450 63325 59350
9300 62875 64425 63325 59375
9400 62875 64425 63300 59400
9500 62875 64425 63300 59400
9600 62875 64425 63325 59375
9700 62875 64425 63325 59375
9800 62875 64400 63350 59375
9900 62875 64375 63350 59400
10000 62900 64375 63350 59375
10100 62900 64375 63375 59350
10200 62900 64400 63350 59350
10300 62900 64375 63350 59375
10400 62900 64350 63375 59375
10500 62900 64350 63350 59400
10600 62875 64350 63375 59400
10700 62875 64325 63425 59375
10800 62875 64350 63425 59350
10900 62875 64325 63450 59350
11000 62800 64325 63525 59350
11100 62775 64375 63525 59325
11200 62775 64350 63525 59350
11300 62775 64350 63525 59350
11400 62775 64375 63575 59275
11500 62750 64400 63575 59275
11600 62725 64350 63625 59300
11700 62725 64300 63625 59350
11800 62725 64300 63650 59325
11900 62725 64275 63650 59350
12000 62725 64300 63625 59350
12100 62750 64300 63625 59325
12200 62725 64325 63625 59325
12300 62725 64325 63625 59325
12400 62725 64325 63625 59325
12500 62775 64325 63575 59325
12600 62800 64300 63575 59325
12700 62825 64275 63575 59325
12800 62800 64325 63575 59300
12900 62800 64325 63550 59325
13000 62800 64300 63550 59350
13100 62775 64325 63550 59350
13200 62775 64325 63525 59375
13300 62750 64350 63525 59375
13400 62750 64350 63525 59375
13500 62750 64350 63550 59350
13600 62750 64350 63575 59325
13700 62775 64350 63550 59325
13800 62775 64350 63550 59325
13900 62775 64325 63600 59300
14000 62775 64325 63575 59325
14100 62775 64325 63575 59325
14200 62775 64325 63550 59350
14300 62775 64300 63575 59350
14400 62775 64300 63575 59350
14500 62775 64300 63575 59350
14600 62775 64325 63575 59325
14700 62775 64300 63575 59350
14800 62825 64275 63550 59350
14900 62825 64250 63525 59400
15000 62825 64250 63525 59400
15100 62825 64225 63550 59400
15200 62825 64225 63600 59350
15300 62825 64250 63600 59325
15400 62800 64275 63600 59325
15500 62800 64275 63575 59350
15600 62775 64275 63600 59350
15700 62750 64275 63625 59350
15800 62750 64275 63625 59350
15900 62725 64275 63700 59300
16000 62725 64275 63700 59300
16100 62750 64275 63650 59325
16200 62725 64275 63650 59350
16300 62775 64200 63650 59375
16400 62775 64175 63625 59425
16500 62800 64125 63650 59425
16600 62825 64125 63625 59425
16700 62825 64125 63575 59475
16800 62825 64100 63575 59500
16900 62875 64100 63550 59475
17000 62925 64050 63550 59475
17100 62925 64050 63575 59450
17200 62925 64025 63600 59450
17300 62925 64025 63600 59450
17400 62925 64025 63600 59450
17500 62925 64025 63625 59425
17600 62925 64000 63650 59425
17700 62925 64025 63650 59400
17800 62900 64025 63675 59400
17900 62850 64050 63675 59425
18000 62825 64050 63700 59425
18100 62825 64050 63700 59425
18200 62825 64050 63700 59425
18300 62850 64050 63675 59425
18400 62850 64025 63675 59450
18500 62850 64025 63675 59450
18600 62850 64000 63725 59425
18700 62825 64025 63725 59425
18800 62850 64000 63750 59400
18900 62850 63975 63775 59400
19000 62875 63950 63775 59400
19100 62875 63950 63775 59400
19200 62875 63925 63800 59400
19300 62875 63925 63800 59400
19400 62875 63925 63800 59400
19500 62900 63925 63800 59375
19600 62900 63925 63800 59375
19700 62875 63925 63825 59375
19800 62875 63950 63800 59375
19900 62825 63975 63825 59375
20000 62825 63975 63800 59400
20100 62825 64000 63800 59375
20200 62825 64000 63850 59325
20300 62825 64000 63850 59325
20400 62850 64000 63825 59325
20500 62850 64000 63825 59325
20600 62850 64000 63825 59325
20700 62850 64000 63800 59350
20800 62800 64050 63800 59350
20900 62800 64050 63825 59325
21000 62800 64050 63825 59325
21100 62775 64050 63850 59325
21200 62775 64050 63850 59325
21300 62775 64050 63850 59325
21400 62800 64000 63850 59350
21500 62800 64000 63850 59350
21600 62775 64000 63850 59375
21700 62775 64000 63850 59375
21800 62700 64025 63875 59400
21900 62700 64000 63900 59400
22000 62725 63975 63875 59425
22100 62700 64000 63875 59425
22200 62700 64000 63850 59450
22300 62700 64000 63850 59450
22400 62675 64025 63825 59475
22500 62675 64025 63825 59475
22600 62650 64050 63825 59475
22700 62650 64050 63825 59475
22800 62650 64050 63825 59475
22900 62700 64050 63775 59475
23000 62725 64025 63775 59475
23100 62725 64025 63775 59475
23200 62750 64025 63725 59500
23300 62750 64025 63750 59475
23400 62775 64000 63750 59475
23500 62725 64025 63775 59475
23600 62725 64025 63750 59500
23700 62750 64000 63750 59500
23800 62750 63975 63775 59500
23900 62750 63975 63800 59475
24000 62750 63975 63800 59475
24100 62750 63975 63825 59450
24200 62750 63975 63825 59450
24300 62775 63975 63825 59425
24400 62750 63975 63875 59400
24500 62775 63900 63925 59400
24600 62775 63900 63925 59400
24700 62750 63925 63950 59375
24800 62750 63925 63950 59375
24900 62750 63925 63950 59375
25000 62750 63950 63950 59350
25100 62725 63950 63975 59350
25200 62725 63950 63975 59350
25300 62775 63900 63975 59350
25400 62800 63900 63950 59350
25500 62800 63900 63975 59325
25600 62825 63875 63950 59350
25700 62850 63850 63950 59350
25800 62850 63850 63925 59375
25900 62850 63850 63925 59375
26000 62800 63875 63925 59400
26100 62800 63875 63950 59375
26200 62775 63875 63950 59400
26300 62775 63900 64000 59325
26400 62800 63900 63975 59325
26500 62800 63875 63975 59350
26600 62800 63875 63975 59350
26700 62800 63875 63975 59350
26800 62750 63875 64025 59350
26900 62750 63875 64000 59375
27000 62750 63875 64000 59375
27100 62750 63850 64050 59350
27200 62725 63875 64025 59375
27300 62725 63900 64025 59350
27400 62725 63900 64000 59375
27500 62725 63925 64000 59350
27600 62750 63925 63975 59350
27700 62775 63900 63975 59350
27800 62800 63900 63925 59375
27900 62775 63900 63925 59400
28000 62800 63900 63900 59400
28100 62800 63875 63925 59400
28200 62775 63900 63925 59400
28300 62775 63900 63925 59400
28400 62775 63900 63950 59375
28500 62750 63900 63925 59425
28600 62725 63950 63950 59375
28700 62725 63950 63975 59350
28800 62725 63950 63950 59375
28900 62725 63925 63950 59400
29000 62750 63925 63925 59400
29100 62750 63925 63925 59400
29200 62775 63900 63925 59400
29300 62775 63900 63925 59400
29400 62775 63900 63925 59400
29500 62775 63875 63950 59400
29600 62775 63875 63950 59400
29700 62775 63850 64000 59375
29800 62775 63850 64000 59375
29900 62800 63825 64000 59375
30000 62800 63825 64000 59375
30100 62800 63825 63950 59425
30200 62775 63850 63950 59425
30300 62775 63850 63950 59425
30400 62775 63850 63950 59425
30500 62750 63875 63975 59400
30600 62750 63875 63975 59400
30700 62725 63900 63975 59400
30800 62750 63875 63975 59400
30900 62750 63875 63975 59400
31000 62750 63850 64000 59400
31100 62750 63850 64000 59400
31200 62725 63850 64000 59425
31300 62750 63825 64000 59425
31400 62750 63825 64000 59425
31500 62750 63825 64000 59425
31600 62750 63825 64000 59425
31700 62750 63825 64050 59375
31800 62750 63825 64050 59375
31900 62750 63825 64050 59375
32000 62725 63900 64025 59350
32100 62725 63900 64025 59350
32200 62725 63900 64050 59325
32300 62775 63825 64100 59300
32400 62775 63825 64100 59300
32500 62775 63825 64075 59325
32600 62800 63800 64075 59325
32700 62775 63825 64075 59325
32800 62750 63825 64125 59300
32900 62750 63825 64125 59300
33000 62750 63800 64125 59325
33100 62775 63775 64125 59325
33200 62800 63750 64125 59325
33300 62800 63750 64150 59300
33400 62800 63750 64150 59300
33500 62800 63750 64150 59300
33600 62800 63750 64150 59300
33700 62800 63750 64150 59300
33800 62825 63725 64125 59325
33900 62850 63725 64100 59325
34000 62850 63725 64100 59325
34100 62850 63725 64100 59325
34200 62800 63725 64125 59350
34300 62800 63725 64125 59350
34400 62800 63725 64100 59375
34500 62800 63725 64100 59375
34600 62775 63750 64100 59375
34700 62775 63750 64075 59400
34800 62775 63750 64075 59400
34900 62775 63750 64075 59400
35000 62775 63750 64075 59400
35100 62775 63775 64075 59375
35200 62775 63775 64075 59375
35300 62775 63775 64100 59350
35400 62775 63775 64075 59375
35500 62775 63775 64050 59400
35600 62775 63775 64025 59425
35700 62775 63800 64000 59425
35800 62800 63775 64000 59425
35900 62800 63775 64025 59400
36000 62800 63775 64025 59400
36100 62800 63775 64025 59400
36200 62775 63775 64050 59400
36300 62800 63725 64000 59475
36400 62800 63725 63975 59500
36500 62800 63725 63975 59500
36600 62775 63725 64000 59500
36700 62775 63725 64000 59500
36800 62775 63700 64025 59500
36900 62775 63700 64000 59525
37000 62800 63675 64000 59525
37100 62775 63700 64000 59525
37200 62775 63700 64025 59500
37300 62775 63700 64050 59475
37400 62775 63700 64050 59475
37500 62775 63700 64050 59475
37600 62775 63700 64050 59475
37700 62775 63675 64100 59450
37800 62775 63675 64075 59475
37900 62750 63675 64100 59475
38000 62725 63700 64100 59475
38100 62725 63725 64100 59450
38200 62725 63725 64075 59475
38300 62700 63750 64100 59450
38400 62700 63700 64150 59450
38500 62725 63675 64150 59450
38600 62750 63675 64150 59425
38700 62750 63675 64150 59425
38800 62750 63675 64200 59375
38900 62725 63675 64225 59375
39000 62725 63675 64225 59375
39100 62750 63675 64175 59400
39200 62725 63675 64175 59425
39300 62750 63675 64150 59425
39400 62775 63650 64150 59425
39500 62775 63650 64150 59425
39600 62800 63600 64175 59425
39700 62800 63600 64175 59425
39800 62800 63600 64175 59425
39900 62800 63600 64175 59425
40000 62800 63625 64150 59425
40100 62775 63650 64150 59425
40200 62775 63650 64150 59425
40300 62775 63650 64150 59425
40400 62775 63650 64150 59425
40500 62800 63600 64175 59425
40600 62800 63600 64175 59425
40700 62750 63650 64175 59425
40800 62750 63675 64175 59400
40900 62750 63675 64175 59400
41000 62775 63650 64175 59400
41100 62775 63650 64175 59400
41200 62775 63650 64175 59400
41300 62775 63650 64175 59400
41400 62775 63650 64175 59400
41500 62775 63650 64175 59400
41600 62775 63650 64175 59400
41700 62775 63625 64175 59425
41800 62775 63650 64150 59425
41900 62775 63650 64150 59425
42000 62825 63625 64125 59425
42100 62850 63600 64125 59425
42200 62875 63575 64125 59425
42300 62875 63575 64100 59450
42400 62850 63525 64100 59525
42500 62800 63575 64100 59525
42600 62800 63575 64100 59525
42700 62800 63600 64100 59500
42800 62800 63600 64125 59475
42900 62800 63600 64150 59450
43000 62825 63600 64125 59450
43100 62825 63625 64100 59450
43200 62825 63625 64100 59450
43300 62825 63625 64100 59450
43400 62825 63625 64100 59450
43500 62850 63600 64100 59450
43600 62800 63650 64100 59450
43700 62800 63650 64100 59450
43800 62800 63650 64100 59450
43900 62775 63675 64075 59475
44000 62775 63675 64075 59475
44100 62750 63650 64100 59500
44200 62750 63650 64100 59500
44300 62750 63650 64100 59500
44400 62725 63650 64100 59525
44500 62725 63650 64075 59550
44600 62725 63650 64100 59525
44700 62775 63625 64100 59500
44800 62775 63600 64125 59500
44900 62775 63600 64125 59500
45000 62725 63650 64125 59500
45100 62725 63650 64150 59475
45200 62700 63650 64175 59475
45300 62700 63650 64175 59475
45400 62700 63650 64175 59475
45500 62700 63625 64175 59500
45600 62725 63600 64175 59500
45700 62725 63600 64200 59475
45800 62725 63575 64250 59450
45900 62725 63575 64250 59450
46000 62725 63550 64275 59450
46100 62725 63550 64300 59425
46200 62725 63550 64275 59450
46300 62725 63550 64275 59450
46400 62725 63550 64275 59450
46500 62700 63550 64250 59500
46600 62700 63550 64250 59500
46700 62700 63500 64275 59525
46800 62700 63525 64250 59525
46900 62700 63525 64275 59500
47000 62700 63500 64300 59500
47100 62700 63500 64300 59500
47200 62700 63500 64300 59500
47300 62725 63500 64275 59500
47400 62725 63500 64275 59500
47500 62725 63500 64275 59500
47600 62725 63500 64300 59475
47700 62725 63475 64325 59475
47800 62725 63475 64325 59475
47900 62725 63475 64325 59475
48000 62725 63475 64325 59475
48100 62725 63475 64325 59475
48200 62725 63475 64325 59475
48300 62750 63475 64325 59450
48400 62750 63475 64325 59450
48500 62775 63500 64300 59425
48600 62775 63500 64300 59425
48700 62775 63500 64300 59425
48800 62800 63500 64325 59375
48900 62775 63500 64350 59375
49000 62750 63525 64325 59400
49100 62775 63500 64325 59400
49200 62775 63500 64300 59425
49300 62775 63500 64300 59425
49400 62775 63500 64300 59425
49500 62775 63525 64275 59425
49600 62800 63525 64250 59425
49700 62800 63525 64250 59425
49800 62800 63525 64250 59425
49900 62800 63525 64250 59425
50000 62800 63525 64250 59425
50100 62800 63525 64250 59425
50200 62825 63500 64250 59425
50300 62825 63500 64250 59425
50400 62775 63500 64300 59425
50500 62775 63500 64325 59400
50600 62775 63500 64325 59400
50700 62800 63500 64325 59375
50800 62800 63500 64325 59375
50900 62800 63500 64325 59375
51000 62800 63500 64325 59375
51100 62775 63500 64375 59350
51200 62750 63525 64375 59350
51300 62750 63525 64350 59375
51400 62775 63500 64350 59375
51500 62800 63475 64350 59375
51600 62800 63475 64350 59375
51700 62850 63425 64325 59400
51800 62800 63475 64325 59400
51900 62825 63450 64325 59400
52000 62800 63450 64350 59400
52100 62800 63425 64350 59425
52200 62800 63425 64375 59400
52300 62825 63425 64375 59375
52400 62825 63425 64350 59400
52500 62825 63425 64375 59375
52600 62825 63425 64375 59375
52700 62825 63425 64400 59350
52800 62825 63425 64375 59375
52900 62825 63425 64375 59375
53000 62825 63425 64375 59375
53100 62825 63425 64350 59400
53200 62825 63450 64325 59400
53300 62775 63450 64350 59425
53400 62775 63450 64350 59425
53500 62800 63450 64325 59425
53600 62800 63450 64300 59450
53700 62800 63475 64300 59425
53800 62825 63475 64275 59425
53900 62825 63475 64275 59425
54000 62775 63525 64275 59425
54100 62775 63525 64300 59400
54200 62775 63500 64325 59400
54300 62775 63500 64325 59400
54400 62775 63500 64325 59400
54500 62775 63500 64325 59400
54600 62775 63500 64325 59400
54700 62750 63500 64350 59400
54800 62750 63500 64350 59400
54900 62750 63500 64375 59375
55000 62750 63500 64375 59375
55100 62775 63500 64350 59375
55200 62775 63500 64350 59375
55300 62775 63500 64350 59375
55400 62750 63525 64350 59375
55500 62775 63500 64350 59375
55600 62775 63525 64350 59350
55700 62750 63525 64375 59350
55800 62750 63525 64375 59350
55900 62750 63525 64375 59350
56000 62725 63550 64375 59350
56100 62675 63600 64375 59350
56200 62650 63625 64400 59325
56300 62675 63625 64375 59325
56400 62675 63625 64375 59325
56500 62700 63625 64350 59325
56600 62675 63625 64325 59375
56700 62675 63625 64325 59375
56800 62675 63625 64325 59375
56900 62675 63625 64325 59375
57000 62675 63625 64325 59375
57100 62675 63625 64325 59375
57200 62675 63625 64325 59375
57300 62650 63625 64350 59375
57400 62650 63650 64350 59350
57500 62650 63650 64350 59350
57600 62650 63650 64350 59350
57700 62650 63625 64350 59375
57800 62700 63600 64350 59350
57900 62700 63600 64350 59350
58000 62700 63600 64350 59350
58100 62700 63600 64350 59350
58200 62725 63575 64350 59350
58300 62725 63575 64350 59350
58400 62775 63525 64350 59350
58500 62775 63525 64350 59350
58600 62750 63525 64375 59350
58700 62750 63525 64375 59350
58800 62750 63525 64375 59350
58900 62750 63525 64375 59350
59000 62775 63525 64350 59350
59100 62775 63525 64350 59350
59200 62775 63525 64375 59325
59300 62775 63525 64325 59375
59400 62775 63525 64325 59375
59500 62775 63525 64325 59375
59600 62775 63525 64325 59375
59700 62775 63525 64325 59375
59800 62775 63525 64325 59375
59900 62775 63525 64300 59400
60000 62775 63525 64300 59400
60100 62775 63525 64325 59375
60200 62750 63525 64325 59400
60300 62750 63500 64350 59400
60400 62725 63525 64350 59400
60500 62725 63525 64350 59400
60600 62775 63475 64350 59400
60700 62775 63475 64350 59400
60800 62775 63500 64325 59400
60900 62775 63500 64325 59400
61000 62775 63500 64325 59400
61100 62725 63500 64325 59450
61200 62750 63475 64325 59450
61300 62750 63500 64350 59400
61400 62750 63500 64350 59400
61500 62750 63500 64350 59400
61600 62750 63500 64350 59400
61700 62750 63500 64375 59375
61800 62750 63500 64375 59375
61900 62750 63500 64375 59375
62000 62800 63475 64350 59375
62100 62800 63475 64350 59375
62200 62775 63475 64375 59375
62300 62775 63475 64375 59375
62400 62775 63475 64375 59375
62500 62775 63475 64400 59350
62600 62775 63475 64400 59350
62700 62825 63450 64400 59325
62800 62850 63400 64400 59350
62900 62850 63400 64425 59325
63000 62825 63400 64400 59375
63100 62825 63400 64400 59375
63200 62825 63400 64400 59375
63300 62825 63400 64400 59375
63400 62825 63400 64375 59400
63500 62825 63375 64375 59425
63600 62825 63375 64375 59425
63700 62825 63375 64375 59425
63800 62800 63400 64350 59450
63900 62800 63400 64350 59450
64000 62800 63400 64325 59475
64100 62800 63400 64325 59475
64200 62800 63400 64325 59475
64300 62800 63400 64325 59475
64400 62800 63400 64300 59500
64500 62775 63400 64300 59525
64600 62750 63425 64300 59525
64700 62750 63425 64300 59525
64800 62750 63425 64300 59525
64900 62750 63425 64300 59525
65000 62750 63450 64300 59500
65100 62750 63450 64300 59500
65200 62750 63450 64300 59500
65300 62750 63450 64325 59475
65400 62750 63450 64325 59475
65500 62750 63450 64325 59475
65600 62775 63450 64300 59475
65700 62800 63425 64300 59475
65800 62800 63425 64300 59475
65900 62800 63425 64300 59475
66000 62800 63425 64300 59475
66100 62800 63425 64300 59475
66200 62800 63425 64325 59450
66300 62800 63425 64325 59450
66400 62800 63425 64325 59450
66500 62775 63450 64325 59450
66600 62775 63450 64325 59450
66700 62775 63450 64325 59450
66800 62775 63450 64325 59450
66900 62775 63450 64325 59450
67000 62775 63450 64325 59450
67100 62775 63450 64325 59450
67200 62775 63450 64325 59450
67300 62775 63425 64325 59475
67400 62775 63425 64325 59475
67500 62775 63400 64350 59475
67600 62775 63400 64350 59475
67700 62775 63400 64350 59475
67800 62750 63400 64350 59500
67900 62750 63400 64325 59525
68000 62750 63400 64325 59525
68100 62750 63400 64325 59525
68200 62750 63425 64325 59500
68300 62750 63425 64325 59500
68400 62725 63475 64325 59475
68500 62700 63475 64350 59475
68600 62675 63500 64350 59475
68700 62675 63500 64325 59500
68800 62650 63550 64325 59475
68900 62675 63550 64325 59450
69000 62675 63550 64325 59450
69100 62675 63550 64325 59450
69200 62700 63525 64325 59450
69300 62700 63525 64350 59425
69400 62675 63525 64350 59450
69500 62650 63550 64350 59450
69600 62650 63525 64350 59475
69700 62650 63525 64350 59475
69800 62625 63550 64350 59475
69900 62625 63550 64350 59475
70000 62600 63575 64350 59475
70100 62600 63575 64350 59475
70200 62600 63575 64350 59475
70300 62600 63575 64350 59475
70400 62625 63550 64350 59475
70500 62625 63550 64375 59450
70600 62625 63550 64375 59450
70700 62625 63550 64375 59450
70800 62625 63550 64350 59475
70900 62625 63550 64350 59475
71000 62625 63550 64350 59475
71100 62625 63550 64350 59475
71200 62625 63550 64350 59475
71300 62625 63550 64350 59475
71400 62625 63525 64375 59475
71500 62625 63525 64375 59475
71600 62625 63550 64375 59450
71700 62625 63550 64375 59450
71800 62625 63550 64350 59475
71900 62675 63525 64325 59475
72000 62675 63525 64325 59475
72100 62675 63525 64350 59450
72200 62675 63525 64350 59450
72300 62675 63525 64350 59450
72400 62650 63525 64375 59450
72500 62675 63525 64350 59450
72600 62675 63525 64375 59425
72700 62675 63525 64375 59425
72800 62675 63500 64400 59425
72900 62700 63475 64400 59425
73000 62700 63500 64400 59400
73100 62700 63500 64375 59425
73200 62700 63500 64400 59400
73300 62675 63500 64400 59425
73400 62675 63500 64400 59425
73500 62650 63525 64400 59425
73600 62650 63525 64375 59450
73700 62650 63525 64400 59425
73800 62675 63500 64400 59425
73900 62675 63500 64375 59450
74000 62675 63500 64375 59450
74100 62675 63500 64375 59450
74200 62675 63500 64400 59425
74300 62675 63525 64400 59400
74400 62675 63525 64400 59400
74500 62675 63500 64400 59425
74600 62700 63500 64350 59450
74700 62725 63500 64325 59450
74800 62725 63500 64325 59450
74900 62725 63475 64325 59475
75000 62725 63475 64325 59475
75100 62750 63450 64325 59475
75200 62750 63450 64300 59500
75300 62750 63450 64300 59500
75400 62775 63425 64300 59500
75500 62775 63425 64275 59525
75600 62800 63375 64300 59525
75700 62800 63375 64275 59550
75800 62800 63375 64275 59550
75900 62775 63375 64300 59550
76000 62775 63375 64300 59550
76100 62775 63375 64300 59550
76200 62775 63375 64300 59550
76300 62750 63350 64350 59550
76400 62750 63350 64350 59550
76500 62750 63350 64350 59550
76600 62750 63350 64350 59550
76700 62750 63375 64350 59525
76800 62750 63375 64350 59525
76900 62750 63375 64350 59525
77000 62750 63375 64350 59525
77100 62750 63375 64375 59500
77200 62775 63375 64350 59500
77300 62775 63375 64375 59475
77400 62800 63350 64375 59475
77500 62800 63350 64375 59475
77600 62800 63350 64375 59475
77700 62800 63350 64375 59475
77800 62800 63325 64375 59500
77900 62800 63325 64350 59525
78000 62800 63325 64350 59525
78100 62800 63350 64325 59525
78200 62800 63325 64350 59525
78300 62800 63325 64375 59500
78400 62800 63325 64375 59500
78500 62800 63325 64375 59500
78600 62800 63350 64375 59475
78700 62800 63350 64375 59475
78800 62800 63350 64375 59475
78900 62800 63350 64350 59500
79000 62800 63350 64350 59500
79100 62775 63350 64375 59500
79200 62775 63350 64375 59500
79300 62800 63350 64350 59500
79400 62800 63350 64350 59500
79500 62800 63350 64350 59500
79600 62800 63350 64350 59500
79700 62800 63375 64350 59475
79800 62800 63350 64375 59475
79900 62800 63350 64375 59475
80000 62800 63350 64375 59475
80100 62775 63375 64375 59475
80200 62775 63375 64400 59450
80300 62775 63375 64400 59450
80400 62775 63375 64400 59450
80500 62775 63375 64400 59450
80600 62800 63375 64375 59450
80700 62775 63400 64375 59450
80800 62775 63400 64375 59450
80900 62775 63400 64375 59450
81000 62775 63400 64375 59450
81100 62800 63400 64350 59450
81200 62800 63400 64350 59450
81300 62825 63375 64350 59450
81400 62825 63375 64375 59425
81500 62825 63375 64350 59450
81600 62825 63375 64350 59450
81700 62825 63400 64350 59425
81800 62825 63400 64350 59425
81900 62800 63400 64375 59425
82000 62825 63375 64375 59425
82100 62825 63375 64375 59425
82200 62825 63375 64375 59425
82300 62825 63375 64375 59425
82400 62825 63350 64425 59400
82500 62825 63325 64450 59400
82600 62825 63325 64450 59400
82700 62825 63350 64425 59400
82800 62825 63350 64425 59400
82900 62825 63350 64400 59425
83000 62825 63350 64400 59425
83100 62800 63375 64400 59425
83200 62800 63375 64400 59425
83300 62800 63375 64400 59425
83400 62775 63400 64375 59450
83500 62775 63400 64400 59425
83600 62775 63400 64400 59425
83700 62775 63400 64400 59425
83800 62775 63400 64400 59425
83900 62775 63425 64400 59400
84000 62775 63425 64425 59375
84100 62800 63425 64400 59375
84200 62800 63400 64400 59400
84300 62775 63375 64425 59425
84400 62775 63375 64400 59450
84500 62800 63350 64400 59450
84600 62775 63375 64400 59450
84700 62750 63375 64425 59450
84800 62725 63425 64425 59425
84900 62725 63425 64450 59400
85000 62725 63425 64450 59400
85100 62725 63425 64450 59400
85200 62725 63425 64475 59375
85300 62750 63425 64475 59350
85400 62750 63425 64475 59350
85500 62775 63400 64475 59350
85600 62775 63400 64475 59350
85700 62775 63375 64475 59375
85800 62725 63425 64450 59400
85900 62725 63425 64450 59400
86000 62725 63450 64425 59400
86100 62725 63450 64425 59400
86200 62700 63475 64425 59400
86300 62675 63475 64450 59400
86400 62675 63475 64450 59400
86500 62700 63475 64425 59400
86600 62700 63475 64400 59425
86700 62700 63475 64400 59425
86800 62700 63475 64400 59425
86900 62700 63500 64375 59425
87000 62725 63450 64400 59425
87100 62725 63425 64425 59425
87200 62750 63450 64375 59425
87300 62750 63475 64350 59425
87400 62750 63475 64350 59425
87500 62725 63475 64350 59450
87600 62725 63475 64350 59450
87700 62725 63475 64350 59450
87800 62725 63475 64350 59450
87900 62725 63500 64325 59450
88000 62700 63500 64350 59450
88100 62700 63450 64375 59475
88200 62700 63450 64375 59475
88300 62700 63450 64350 59500
88400 62700 63450 64350 59500
88500 62675 63475 64350 59500
88600 62675 63475 64350 59500
88700 62700 63450 64325 59525
88800 62700 63450 64325 59525
88900 62725 63425 64325 59525
89000 62725 63425 64325 59525
89100 62725 63425 64300 59550
89200 62725 63400 64275 59600
89300 62725 63400 64275 59600
89400 62700 63375 64300 59625
89500 62650 63375 64300 59675
89600 62650 63375 64300 59675
89700 62675 63350 64325 59650
89800 62675 63325 64350 59650
89900 62675 63325 64350 59650
90000 62675 63325 64350 59650
90100 62700 63300 64350 59650
90200 62700 63300 64350 59650
90300 62700 63300 64350 59650
90400 62675 63300 64350 59675
90500 62675 63300 64350 59675
90600 62700 63275 64375 59650
90700 62725 63250 64375 59650
90800 62700 63250 64400 59650
90900 62700 63225 64425 59650
91000 62700 63225 64425 59650
91100 62700 63225 64425 59650
91200 62675 63250 64425 59650
91300 62675 63250 64425 59650
91400 62675 63250 64425 59650
91500 62675 63250 64425 59650
91600 62675 63250 64425 59650
91700 62700 63225 64450 59625
91800 62700 63225 64450 59625
91900 62675 63225 64475 59625
92000 62675 63225 64475 59625
92100 62675 63225 64475 59625
92200 62675 63225 64475 59625
92300 62675 63225 64475 59625
92400 62675 63225 64475 59625
92500 62675 63225 64475 59625
92600 62675 63225 64475 59625
92700 62700 63225 64450 59625
92800 62700 63225 64450 59625
92900 62650 63250 64475 59625
93000 62650 63250 64450 59650
93100 62650 63250 64450 59650
93200 62650 63250 64450 59650
93300 62650 63250 64450 59650
93400 62650 63250 64450 59650
93500 62650 63250 64450 59650
93600 62650 63250 64500 59600
93700 62650 63250 64500 59600
93800 62650 63250 64500 59600
93900 62675 63225 64500 59600
94000 62675 63225 64500 59600
94100 62675 63225 64500 59600
94200 62675 63200 64500 59625
94300 62675 63225 64500 59600
94400 62675 63225 64500 59600
94500 62675 63225 64500 59600
94600 62675 63225 64500 59600
94700 62675 63225 64500 59600
94800 62675 63225 64500 59600
94900 62675 63225 64500 59600
95000 62675 63225 64500 59600
95100 62675 63225 64500 59600
95200 62675 63225 64500 59600
95300 62675 63225 64500 59600
95400 62675 63225 64500 59600
95500 62675 63225 64500 59600
95600 62675 63200 64525 59600
95700 62675 63175 64550 59600
95800 62675 63175 64550 59600
95900 62675 63175 64550 59600
96000 62675 63175 64575 59575
96100 62675 63175 64575 59575
96200 62675 63175 64575 59575
96300 62700 63175 64575 59550
96400 62700 63175 64600 59525
96500 62700 63175 64600 59525
96600 62675 63200 64600 59525
96700 62675 63200 64600 59525
96800 62675 63200 64575 59550
96900 62675 63200 64575 59550
97000 62650 63200 64575 59575
97100 62650 63200 64575 59575
97200 62650 63200 64575 59575
97300 62650 63200 64575 59575
97400 62650 63200 64575 59575
97500 62650 63200 64575 59575
97600 62675 63200 64550 59575
97700 62675 63200 64550 59575
97800 62725 63150 64575 59550
97900 62725 63150 64600 59525
98000 62725 63150 64600 59525
98100 62725 63150 64600 59525
98200 62725 63150 64600 59525
98300 62725 63150 64625 59500
98400 62725 63150 64625 59500
98500 62700 63175 64625 59500
98600 62700 63175 64625 59500
98700 62700 63175 64625 59500
98800 62700 63175 64625 59500
98900 62700 63175 64650 59475
99000 62700 63175 64650 59475
99100 62700 63175 64650 59475
99200 62700 63175 64675 59450
99300 62700 63175 64675 59450
99400 62700 63175 64700 59425
99500 62700 63175 64700 59425
99600 62700 63175 64700 59425
99700 62675 63200 64700 59425
99800 62675 63200 64700 59425
99900 62675 63200 64675 59450
100000 62675 63200 64675 59450
