0 66775 60225 63100 59900
100 66750 60225 63125 59900
200 66700 60250 63125 59925
300 66650 60300 63125 59925
400 66600 60300 63150 59950
500 66500 60300 63150 60050
600 66525 60300 63125 60050
700 66475 60300 63125 60100
800 66425 60300 63100 60175
900 66475 60275 63100 60150
1000 66475 60250 63125 60150
1100 66525 60200 63125 60150
1200 66525 60200 63150 60125
1300 66425 60200 63150 60225
1400 66350 60225 63175 60250
1500 66350 60225 63175 60250
1600 66350 60225 63175 60250
1700 66325 60225 63200 60250
1800 66325 60225 63175 60275
1900 66275 60225 63175 60325
2000 66175 60225 63200 60400
2100 66100 60200 63250 60450
2200 66100 60150 63250 60500
2300 66100 60125 63250 60525
2400 66025 60200 63250 60525
2500 66050 60200 63225 60525
2600 66000 60175 63225 60600
2700 66000 60225 63175 60600
2800 65925 60200 63225 60650
2900 65950 60200 63150 60700
3000 65900 60200 63125 60775
3100 65900 60175 63150 60775
3200 65900 60225 63150 60725
3300 65900 60250 63125 60725
3400 65850 60250 63125 60775
3500 65800 60250 63125 60825
3600 65800 60225 63150 60825
3700 65800 60175 63150 60875
3800 65800 60150 63175 60875
3900 65775 60150 63175 60900
4000 65750 60175 63150 60925
4100 65775 60150 63150 60925
4200 65750 60150 63150 60950
4300 65750 60150 63125 60975
4400 65750 60150 63125 60975
4500 65725 60150 63075 61050
4600 65725 60175 63050 61050
4700 65675 60175 63050 61100
4800 65675 60175 63050 61100
4900 65625 60200 63075 61100
5000 65600 60225 63050 61125
5100 65600 60225 63050 61125
5200 65600 60200 63075 61125
5300 65575 60175 63075 61175
5400 65500 60200 63100 61200
5500 65525 60175 63100 61200
5600 65450 60200 63150 61200
5700 65450 60250 63075 61225
5800 65450 60175 63150 61225
5900 65450 60200 63100 61250
6000 65400 60200 63100 61300
6100 65375 60200 63125 61300
6200 65350 60200 63125 61325
6300 65300 60225 63150 61325
6400 65275 60225 63175 61325
6500 65275 60225 63200 61300
6600 65225 60200 63225 61350
6700 65225 60200 63225 61350
6800 65225 60175 63250 61350
6900 65200 60125 63300 61375
7000 65200 60175 63250 61375
7100 65150 60200 63250 61400
7200 65125 60200 63225 61450
7300 65100 60200 63250 61450
7400 65075 60225 63275 61425
7500 65075 60250 63250 61425
7600 65100 60225 63225 61450
7700 65100 60225 63200 61475
7800 65025 60275 63200 61500
7900 64975 60275 63225 61525
8000 64925 60275 63225 61575
8100 64950 60275 63200 61575
8200 64875 60250 63225 61650
8300 64875 60225 63200 61700
8400 64825 60250 63200 61725
8500 64800 60275 63200 61725
8600 64825 60250 63200 61725
8700 64800 60250 63225 61725
8800 64800 60250 63250 61700
8900 64850 60250 63200 61700
9000 64800 60250 63200 61750
9100 64825 60250 63175 61750
9200 64800 60250 63200 61750
9300 64775 60275 63150 61800
9400 64750 60300 63125 61825
9500 64725 60250 63150 61875
9600 64700 60275 63150 61875
9700 64675 60250 63200 61875
9800 64650 60225 63225 61900
9900 64625 60225 63200 61950
10000 64575 60225 63200 62000
10100 64600 60250 63150 62000
10200 64625 60250 63125 62000
10300 64700 60250 63075 61975
10400 64725 60250 63050 61975
10500 64725 60250 63050 61975
10600 64675 60250 63050 62025
10700 64675 60250 63100 61975
10800 64625 60300 63100 61975
10900 64600 60275 63125 62000
11000 64575 60300 63125 62000
11100 64550 60275 63150 62025
11200 64575 60275 63100 62050
11300 64575 60275 63100 62050
11400 64575 60300 63100 62025
11500 64600 60275 63100 62025
11600 64600 60250 63100 62050
11700 64525 60225 63100 62150
11800 64500 60250 63100 62150
11900 64475 60250 63100 62175
12000 64500 60275 63050 62175
12100 64450 60275 63050 62225
12200 64450 60275 63100 62175
12300 64425 60300 63075 62200
12400 64375 60275 63100 62250
12500 64350 60275 63125 62250
12600 64325 60275 63150 62250
12700 64325 60300 63150 62225
12800 64325 60225 63225 62225
12900 64400 60225 63150 62225
13000 64400 60200 63150 62250
13100 64325 60225 63150 62300
13200 64325 60225 63150 62300
13300 64325 60225 63150 62300
13400 64325 60225 63150 62300
13500 64350 60225 63100 62325
13600 64325 60225 63100 62350
13700 64300 60225 63075 62400
13800 64275 60225 63125 62375
13900 64250 60225 63150 62375
14000 64250 60225 63175 62350
14100 64225 60250 63200 62325
14200 64200 60250 63175 62375
14300 64175 60250 63200 62375
14400 64125 60250 63200 62425
14500 64100 60250 63200 62450
14600 64100 60250 63225 62425
14700 64050 60300 63225 62425
14800 64025 60300 63250 62425
14900 64025 60300 63250 62425
15000 64025 60300 63250 62425
15100 64000 60300 63275 62425
15200 63975 60300 63275 62450
15300 64025 60300 63250 62425
15400 64025 60325 63225 62425
15500 64050 60275 63250 62425
15600 64050 60275 63250 62425
15700 64025 60275 63250 62450
15800 64000 60275 63225 62500
15900 63975 60300 63200 62525
16000 63950 60300 63250 62500
16100 63925 60300 63250 62525
16200 63900 60325 63250 62525
16300 63925 60300 63225 62550
16400 63925 60300 63225 62550
16500 63875 60325 63225 62575
16600 63850 60325 63225 62600
16700 63850 60350 63200 62600
16800 63800 60350 63225 62625
16900 63775 60375 63225 62625
17000 63775 60350 63225 62650
17100 63800 60350 63200 62650
17200 63800 60300 63225 62675
17300 63800 60325 63200 62675
17400 63800 60325 63200 62675
17500 63750 60325 63225 62700
17600 63775 60325 63225 62675
17700 63725 60325 63250 62700
17800 63725 60300 63275 62700
17900 63700 60300 63275 62725
18000 63700 60325 63250 62725
18100 63675 60350 63225 62750
18200 63650 60350 63225 62775
18300 63650 60350 63200 62800
18400 63675 60350 63175 62800
18500 63675 60350 63175 62800
18600 63700 60350 63150 62800
18700 63750 60350 63100 62800
18800 63750 60350 63100 62800
18900 63725 60375 63100 62800
19000 63675 60350 63075 62900
19100 63675 60350 63050 62925
19200 63675 60350 63050 62925
19300 63650 60375 63050 62925
19400 63650 60375 63050 62925
19500 63650 60375 63050 62925
19600 63625 60350 63050 62975
19700 63600 60325 63075 63000
19800 63600 60325 63125 62950
19900 63600 60375 63075 62950
20000 63600 60400 63075 62925
20100 63575 60425 63075 62925
20200 63575 60425 63050 62950
20300 63600 60400 63050 62950
20400 63575 60425 63075 62925
20500 63550 60400 63125 62925
20600 63550 60375 63150 62925
20700 63550 60375 63150 62925
20800 63525 60375 63150 62950
20900 63525 60375 63150 62950
21000 63475 60375 63150 63000
21100 63525 60375 63100 63000
21200 63500 60350 63100 63050
21300 63500 60350 63100 63050
21400 63525 60350 63075 63050
21500 63500 60375 63075 63050
21600 63525 60375 63050 63050
21700 63500 60400 63050 63050
21800 63500 60425 63025 63050
21900 63525 60400 63025 63050
22000 63475 60425 63025 63075
22100 63500 60425 63000 63075
22200 63525 60425 62975 63075
22300 63525 60425 63025 63025
22400 63550 60425 63025 63000
22500 63550 60400 63050 63000
22600 63550 60400 63050 63000
22700 63475 60400 63050 63075
22800 63425 60400 63100 63075
22900 63400 60400 63075 63125
23000 63350 60450 63075 63125
23100 63325 60425 63100 63150
23200 63350 60400 63100 63150
23300 63350 60375 63150 63125
23400 63350 60375 63150 63125
23500 63325 60350 63150 63175
23600 63350 60350 63125 63175
23700 63325 60350 63150 63175
23800 63325 60350 63150 63175
23900 63350 60350 63150 63150
24000 63350 60350 63150 63150
24100 63325 60350 63150 63175
24200 63300 60350 63150 63200
24300 63300 60350 63150 63200
24400 63325 60325 63125 63225
24500 63325 60325 63125 63225
24600 63325 60350 63125 63200
24700 63300 60350 63100 63250
24800 63225 60375 63125 63275
24900 63250 60375 63100 63275
25000 63225 60375 63100 63300
25100 63225 60375 63100 63300
25200 63225 60375 63100 63300
25300 63200 60400 63100 63300
25400 63175 60400 63100 63325
25500 63175 60375 63100 63350
25600 63200 60350 63100 63350
25700 63200 60350 63100 63350
25800 63200 60350 63100 63350
25900 63200 60325 63125 63350
26000 63175 60325 63125 63375
26100 63200 60350 63075 63375
26200 63175 60350 63100 63375
26300 63175 60325 63125 63375
26400 63125 60300 63150 63425
26500 63125 60300 63150 63425
26600 63125 60325 63175 63375
26700 63100 60325 63150 63425
26800 63100 60325 63150 63425
26900 63075 60325 63150 63450
27000 63075 60325 63150 63450
27100 63075 60300 63125 63500
27200 63050 60300 63125 63525
27300 63100 60300 63075 63525
27400 63100 60300 63075 63525
27500 63075 60300 63075 63550
27600 63075 60275 63075 63575
27700 63050 60250 63100 63600
27800 63075 60250 63100 63575
27900 63050 60275 63100 63575
28000 63025 60250 63100 63625
28100 63025 60250 63100 63625
28200 63000 60200 63125 63675
28300 63000 60175 63125 63700
28400 63000 60150 63150 63700
28500 63000 60150 63175 63675
28600 63025 60150 63150 63675
28700 63025 60150 63150 63675
28800 63050 60150 63125 63675
28900 63025 60150 63125 63700
29000 63025 60150 63125 63700
29100 63000 60125 63175 63700
29200 63025 60125 63150 63700
29300 63025 60125 63150 63700
29400 63025 60125 63150 63700
29500 63000 60125 63150 63725
29600 63025 60125 63125 63725
29700 62950 60125 63200 63725
29800 63000 60100 63175 63725
29900 63000 60100 63175 63725
30000 63025 60125 63125 63725
30100 63025 60100 63100 63775
30200 63025 60100 63100 63775
30300 63000 60150 63100 63750
30400 63000 60125 63125 63750
30500 63000 60100 63150 63750
30600 63025 60100 63150 63725
30700 63025 60100 63150 63725
30800 63000 60125 63150 63725
30900 62875 60150 63175 63800
31000 62850 60175 63175 63800
31100 62850 60175 63175 63800
31200 62825 60175 63200 63800
31300 62825 60175 63200 63800
31400 62850 60175 63200 63775
31500 62850 60175 63200 63775
31600 62850 60175 63200 63775
31700 62850 60175 63200 63775
31800 62850 60175 63200 63775
31900 62850 60175 63200 63775
32000 62850 60175 63200 63775
32100 62875 60175 63175 63775
32200 62825 60175 63175 63825
32300 62825 60200 63150 63825
32400 62825 60200 63150 63825
32500 62825 60175 63175 63825
32600 62800 60150 63200 63850
32700 62800 60150 63200 63850
32800 62825 60125 63200 63850
32900 62825 60125 63200 63850
33000 62825 60125 63200 63850
33100 62825 60100 63225 63850
33200 62825 60100 63225 63850
33300 62800 60100 63225 63875
33400 62800 60100 63225 63875
33500 62800 60150 63200 63850
33600 62800 60150 63200 63850
33700 62800 60150 63200 63850
33800 62775 60200 63200 63825
33900 62800 60175 63200 63825
34000 62775 60200 63225 63800
34100 62800 60200 63200 63800
34200 62800 60200 63200 63800
34300 62750 60200 63200 63850
34400 62750 60200 63200 63850
34500 62725 60200 63200 63875
34600 62725 60200 63200 63875
34700 62700 60225 63200 63875
34800 62700 60225 63200 63875
34900 62675 60250 63200 63875
35000 62675 60250 63200 63875
35100 62675 60250 63200 63875
35200 62650 60275 63200 63875
35300 62650 60275 63200 63875
35400 62650 60225 63225 63900
35500 62650 60225 63225 63900
35600 62625 60250 63200 63925
35700 62625 60275 63175 63925
35800 62625 60250 63175 63950
35900 62625 60250 63175 63950
36000 62650 60250 63175 63925
36100 62625 60250 63175 63950
36200 62650 60250 63150 63950
36300 62625 60250 63175 63950
36400 62600 60300 63125 63975
36500 62600 60300 63125 63975
36600 62600 60275 63125 64000
36700 62600 60275 63150 63975
36800 62600 60275 63150 63975
36900 62600 60275 63150 63975
37000 62600 60275 63150 63975
37100 62600 60300 63150 63950
37200 62575 60325 63150 63950
37300 62550 60325 63150 63975
37400 62550 60325 63150 63975
37500 62550 60350 63125 63975
37600 62525 60350 63150 63975
37700 62525 60350 63150 63975
37800 62525 60350 63150 63975
37900 62525 60350 63150 63975
38000 62525 60350 63150 63975
38100 62525 60325 63175 63975
38200 62525 60325 63200 63950
38300 62550 60325 63175 63950
38400 62525 60325 63175 63975
38500 62500 60350 63175 63975
38600 62525 60350 63200 63925
38700 62500 60350 63200 63950
38800 62500 60350 63200 63950
38900 62475 60350 63200 63975
39000 62500 60350 63175 63975
39100 62500 60350 63175 63975
39200 62500 60350 63175 63975
39300 62500 60325 63200 63975
39400 62500 60325 63200 63975
39500 62525 60325 63175 63975
39600 62550 60300 63200 63950
39700 62550 60300 63200 63950
39800 62550 60325 63175 63950
39900 62550 60250 63225 63975
40000 62525 60250 63225 64000
40100 62525 60250 63225 64000
40200 62525 60250 63225 64000
40300 62525 60225 63225 64025
40400 62525 60200 63250 64025
40500 62525 60200 63250 64025
40600 62525 60200 63275 64000
40700 62500 60200 63300 64000
40800 62500 60200 63300 64000
40900 62500 60200 63300 64000
41000 62500 60200 63300 64000
41100 62525 60200 63300 63975
41200 62500 60200 63300 64000
41300 62500 60200 63300 64000
41400 62450 60250 63300 64000
41500 62425 60275 63275 64025
41600 62450 60250 63275 64025
41700 62450 60250 63275 64025
41800 62450 60250 63275 64025
41900 62450 60250 63275 64025
42000 62425 60275 63275 64025
42100 62350 60275 63300 64075
42200 62350 60275 63300 64075
42300 62350 60275 63300 64075
42400 62325 60275 63300 64100
42500 62350 60275 63275 64100
42600 62375 60275 63275 64075
42700 62350 60300 63275 64075
42800 62350 60300 63275 64075
42900 62375 60275 63275 64075
43000 62375 60275 63275 64075
43100 62375 60275 63275 64075
43200 62400 60275 63250 64075
43300 62425 60275 63250 64050
43400 62450 60275 63250 64025
43500 62450 60250 63275 64025
43600 62450 60250 63275 64025
43700 62450 60250 63275 64025
43800 62400 60225 63275 64100
43900 62400 60225 63300 64075
44000 62425 60200 63300 64075
44100 62400 60200 63300 64100
44200 62400 60225 63300 64075
44300 62375 60225 63325 64075
44400 62375 60225 63325 64075
44500 62375 60225 63325 64075
44600 62400 60225 63300 64075
44700 62425 60200 63300 64075
44800 62425 60225 63275 64075
44900 62400 60250 63275 64075
45000 62425 60250 63250 64075
45100 62425 60250 63250 64075
45200 62425 60250 63250 64075
45300 62450 60250 63225 64075
45400 62450 60250 63225 64075
45500 62475 60250 63175 64100
45600 62525 60250 63150 64075
45700 62525 60250 63150 64075
45800 62525 60250 63150 64075
45900 62525 60250 63150 64075
46000 62500 60275 63150 64075
46100 62525 60250 63150 64075
46200 62525 60250 63125 64100
46300 62550 60250 63125 64075
46400 62550 60250 63125 64075
46500 62525 60250 63125 64100
46600 62525 60250 63125 64100
46700 62525 60250 63125 64100
46800 62500 60275 63125 64100
46900 62500 60275 63125 64100
47000 62450 60300 63125 64125
47100 62450 60300 63125 64125
47200 62425 60325 63125 64125
47300 62400 60325 63150 64125
47400 62400 60300 63150 64150
47500 62375 60325 63150 64150
47600 62375 60325 63150 64150
47700 62400 60325 63150 64125
47800 62400 60350 63150 64100
47900 62400 60350 63150 64100
48000 62400 60350 63150 64100
48100 62400 60325 63175 64100
48200 62400 60325 63175 64100
48300 62400 60325 63175 64100
48400 62400 60325 63175 64100
48500 62375 60300 63200 64125
48600 62375 60300 63200 64125
48700 62350 60300 63200 64150
48800 62350 60300 63200 64150
48900 62375 60325 63150 64150
49000 62400 60350 63100 64150
49100 62400 60325 63125 64150
49200 62400 60325 63125 64150
49300 62400 60325 63125 64150
49400 62400 60300 63150 64150
49500 62400 60300 63150 64150
49600 62400 60300 63150 64150
49700 62400 60300 63150 64150
49800 62375 60300 63175 64150
49900 62375 60300 63175 64150
50000 62375 60275 63225 64125
50100 62375 60275 63250 64100
50200 62375 60275 63250 64100
50300 62375 60275 63250 64100
50400 62375 60300 63250 64075
50500 62375 60300 63250 64075
50600 62400 60275 63250 64075
50700 62375 60300 63250 64075
50800 62350 60275 63250 64125
50900 62350 60275 63250 64125
51000 62350 60275 63250 64125
51100 62325 60300 63225 64150
51200 62325 60300 63225 64150
51300 62350 60325 63200 64125
51400 62350 60325 63200 64125
51500 62325 60375 63175 64125
51600 62325 60375 63175 64125
51700 62325 60375 63175 64125
51800 62300 60375 63200 64125
51900 62300 60375 63200 64125
52000 62300 60400 63175 64125
52100 62300 60425 63150 64125
52200 62300 60400 63175 64125
52300 62300 60400 63175 64125
52400 62300 60400 63175 64125
52500 62275 60400 63175 64150
52600 62275 60400 63175 64150
52700 62225 60425 63175 64175
52800 62250 60425 63150 64175
52900 62250 60425 63150 64175
53000 62250 60425 63150 64175
53100 62275 60425 63150 64150
53200 62250 60425 63175 64150
53300 62250 60425 63175 64150
53400 62225 60425 63200 64150
53500 62250 60425 63175 64150
53600 62250 60425 63175 64150
53700 62225 60450 63175 64150
53800 62225 60450 63175 64150
53900 62225 60450 63175 64150
54000 62225 60425 63175 64175
54100 62200 60450 63175 64175
54200 62200 60450 63175 64175
54300 62200 60450 63175 64175
54400 62175 60475 63175 64175
54500 62150 60475 63175 64200
54600 62150 60475 63175 64200
54700 62125 60500 63200 64175
54800 62125 60500 63200 64175
54900 62125 60500 63200 64175
55000 62125 60500 63200 64175
55100 62125 60475 63200 64200
55200 62125 60475 63200 64200
55300 62150 60425 63225 64200
55400 62150 60425 63225 64200
55500 62150 60425 63225 64200
55600 62175 60425 63200 64200
55700 62150 60425 63225 64200
55800 62150 60425 63225 64200
55900 62150 60425 63225 64200
56000 62150 60400 63250 64200
56100 62150 60400 63250 64200
56200 62150 60400 63250 64200
56300 62125 60425 63250 64200
56400 62125 60425 63250 64200
56500 62100 60425 63275 64200
56600 62100 60400 63300 64200
56700 62100 60400 63300 64200
56800 62100 60400 63300 64200
56900 62100 60400 63300 64200
57000 62100 60375 63300 64225
57100 62075 60375 63325 64225
57200 62050 60400 63325 64225
57300 62075 60375 63325 64225
57400 62075 60375 63325 64225
57500 62050 60375 63325 64250
57600 62050 60375 63325 64250
57700 62050 60375 63325 64250
57800 62025 60375 63375 64225
57900 62000 60375 63375 64250
58000 61975 60375 63400 64250
58100 61950 60400 63425 64225
58200 61950 60400 63450 64200
58300 61950 60400 63450 64200
58400 61950 60400 63475 64175
58500 61950 60400 63475 64175
58600 61950 60425 63450 64175
58700 61950 60425 63450 64175
58800 61950 60425 63450 64175
58900 61950 60425 63450 64175
59000 61975 60425 63450 64150
59100 61975 60400 63475 64150
59200 61975 60400 63475 64150
59300 62000 60400 63450 64150
59400 61950 60425 63450 64175
59500 61950 60425 63450 64175
59600 61925 60425 63450 64200
59700 61925 60425 63450 64200
59800 61900 60425 63450 64225
59900 61900 60400 63450 64250
60000 61875 60425 63450 64250
60100 61875 60425 63450 64250
60200 61875 60425 63450 64250
60300 61875 60425 63450 64250
60400 61875 60425 63450 64250
60500 61875 60425 63425 64275
60600 61875 60425 63425 64275
60700 61875 60425 63425 64275
60800 61875 60425 63425 64275
60900 61875 60400 63425 64300
61000 61875 60400 63425 64300
61100 61850 60425 63425 64300
61200 61850 60425 63425 64300
61300 61850 60450 63425 64275
61400 61850 60450 63425 64275
61500 61850 60450 63425 64275
61600 61875 60450 63425 64250
61700 61875 60450 63425 64250
61800 61875 60425 63450 64250
61900 61850 60425 63450 64275
62000 61850 60425 63450 64275
62100 61850 60375 63500 64275
62200 61850 60375 63500 64275
62300 61875 60375 63475 64275
62400 61875 60375 63475 64275
62500 61850 60350 63475 64325
62600 61850 60350 63475 64325
62700 61850 60350 63475 64325
62800 61825 60350 63475 64350
62900 61825 60350 63475 64350
63000 61825 60350 63475 64350
63100 61825 60350 63475 64350
63200 61825 60350 63475 64350
63300 61825 60350 63475 64350
63400 61825 60350 63475 64350
63500 61825 60350 63475 64350
63600 61850 60350 63450 64350
63700 61850 60350 63450 64350
63800 61850 60350 63450 64350
63900 61875 60350 63425 64350
64000 61850 60350 63425 64375
64100 61875 60350 63425 64350
64200 61875 60350 63425 64350
64300 61875 60375 63425 64325
64400 61875 60375 63425 64325
64500 61850 60400 63425 64325
64600 61900 60375 63400 64325
64700 61925 60350 63400 64325
64800 61925 60375 63375 64325
64900 61900 60375 63375 64350
65000 61875 60400 63375 64350
65100 61875 60400 63375 64350
65200 61875 60400 63375 64350
65300 61850 60400 63375 64375
65400 61850 60400 63375 64375
65500 61875 60400 63350 64375
65600 61875 60400 63350 64375
65700 61875 60400 63350 64375
65800 61900 60375 63350 64375
65900 61900 60375 63350 64375
66000 61875 60375 63350 64400
66100 61875 60375 63350 64400
66200 61900 60375 63325 64400
66300 61925 60375 63325 64375
66400 61925 60375 63325 64375
66500 61925 60375 63325 64375
66600 61925 60375 63325 64375
66700 61925 60375 63325 64375
66800 61950 60375 63300 64375
66900 61950 60375 63300 64375
67000 61950 60350 63300 64400
67100 61950 60375 63325 64350
67200 61975 60350 63325 64350
67300 61975 60325 63350 64350
67400 61975 60300 63350 64375
67500 61975 60325 63350 64350
67600 62000 60300 63350 64350
67700 62025 60300 63325 64350
67800 62050 60300 63300 64350
67900 62050 60300 63300 64350
68000 62025 60300 63300 64375
68100 62025 60300 63300 64375
68200 62000 60300 63300 64400
68300 62000 60325 63300 64375
68400 62000 60325 63300 64375
68500 62000 60325 63300 64375
68600 62025 60325 63275 64375
68700 62025 60325 63275 64375
68800 62000 60325 63275 64400
68900 61975 60325 63300 64400
69000 61975 60325 63300 64400
69100 61975 60350 63275 64400
69200 61975 60350 63275 64400
69300 61975 60325 63275 64425
69400 61975 60325 63275 64425
69500 61975 60325 63275 64425
69600 61975 60350 63275 64400
69700 61975 60350 63275 64400
69800 61950 60375 63275 64400
69900 61950 60375 63275 64400
70000 61925 60375 63275 64425
70100 61925 60375 63275 64425
70200 61950 60375 63275 64400
70300 61950 60375 63275 64400
70400 61950 60350 63275 64425
70500 61950 60350 63275 64425
70600 61950 60350 63275 64425
70700 61950 60350 63275 64425
70800 61950 60325 63275 64450
70900 61950 60325 63275 64450
71000 61950 60325 63275 64450
71100 61950 60325 63275 64450
71200 61950 60275 63300 64475
71300 61950 60275 63300 64475
71400 61950 60275 63325 64450
71500 61950 60275 63325 64450
71600 61950 60275 63325 64450
71700 61950 60250 63325 64475
71800 61950 60250 63325 64475
71900 61975 60250 63325 64450
72000 61975 60300 63300 64425
72100 61950 60275 63300 64475
72200 61950 60275 63300 64475
72300 61950 60275 63300 64475
72400 61975 60275 63300 64450
72500 61975 60275 63300 64450
72600 61975 60275 63300 64450
72700 61975 60275 63300 64450
72800 62000 60250 63275 64475
72900 62000 60250 63275 64475
73000 62000 60250 63275 64475
73100 62000 60225 63275 64500
73200 62000 60225 63275 64500
73300 62000 60225 63275 64500
73400 62000 60225 63275 64500
73500 62000 60225 63275 64500
73600 62025 60175 63275 64525
73700 62025 60200 63250 64525
73800 62025 60200 63250 64525
73900 62025 60175 63250 64550
74000 62025 60175 63250 64550
74100 62000 60200 63275 64525
74200 62000 60200 63275 64525
74300 61950 60200 63275 64575
74400 61950 60200 63275 64575
74500 61925 60175 63275 64625
74600 61925 60175 63275 64625
74700 61925 60175 63275 64625
74800 61925 60175 63250 64650
74900 61925 60175 63250 64650
75000 61925 60150 63250 64675
75100 61925 60150 63250 64675
75200 61925 60125 63250 64700
75300 61925 60100 63250 64725
75400 61925 60075 63250 64750
75500 61925 60025 63250 64800
75600 61925 60025 63250 64800
75700 61925 60025 63250 64800
75800 61925 60025 63250 64800
75900 61925 60050 63250 64775
76000 61925 60050 63250 64775
76100 61925 60025 63275 64775
76200 61925 60025 63275 64775
76300 61925 60025 63275 64775
76400 61950 60025 63250 64775
76500 61950 60025 63250 64775
76600 61950 60025 63250 64775
76700 61950 60025 63250 64775
76800 61925 60025 63250 64800
76900 61925 60000 63275 64800
77000 61925 60000 63275 64800
77100 61925 60025 63250 64800
77200 61925 60000 63275 64800
77300 61925 60000 63275 64800
77400 61925 60000 63275 64800
77500 61925 60025 63275 64775
77600 61925 60025 63275 64775
77700 61900 60025 63300 64775
77800 61900 60025 63300 64775
77900 61875 60050 63300 64775
78000 61875 60050 63300 64775
78100 61850 60075 63300 64775
78200 61825 60075 63300 64800
78300 61825 60075 63300 64800
78400 61825 60075 63300 64800
78500 61825 60075 63300 64800
78600 61825 60075 63300 64800
78700 61825 60075 63300 64800
78800 61825 60075 63300 64800
78900 61825 60100 63300 64775
79000 61825 60100 63325 64750
79100 61825 60100 63325 64750
79200 61825 60100 63325 64750
79300 61850 60075 63325 64750
79400 61850 60075 63325 64750
79500 61850 60075 63325 64750
79600 61850 60100 63325 64725
79700 61875 60100 63300 64725
79800 61875 60100 63300 64725
79900 61875 60100 63300 64725
80000 61875 60100 63300 64725
80100 61875 60125 63300 64700
80200 61875 60125 63325 64675
80300 61875 60125 63325 64675
80400 61850 60150 63325 64675
80500 61850 60150 63325 64675
80600 61850 60150 63325 64675
80700 61825 60175 63325 64675
80800 61825 60175 63325 64675
80900 61825 60175 63325 64675
81000 61825 60200 63325 64650
81100 61850 60175 63325 64650
81200 61850 60175 63325 64650
81300 61850 60175 63325 64650
81400 61850 60175 63325 64650
81500 61875 60175 63275 64675
81600 61875 60175 63275 64675
81700 61875 60200 63275 64650
81800 61875 60225 63275 64625
81900 61875 60250 63250 64625
82000 61875 60250 63250 64625
82100 61875 60250 63250 64625
82200 61875 60250 63250 64625
82300 61875 60275 63250 64600
82400 61875 60300 63250 64575
82500 61875 60300 63250 64575
82600 61850 60325 63250 64575
82700 61850 60325 63250 64575
82800 61850 60350 63225 64575
82900 61850 60375 63225 64550
83000 61850 60375 63225 64550
83100 61850 60400 63200 64550
83200 61850 60450 63200 64500
83300 61850 60450 63200 64500
83400 61850 60525 63200 64425
83500 61825 60550 63200 64425
83600 61825 60550 63200 64425
83700 61825 60550 63200 64425
83800 61825 60550 63200 64425
83900 61825 60550 63200 64425
84000 61825 60550 63200 64425
84100 61825 60550 63200 64425
84200 61825 60575 63175 64425
84300 61800 60575 63200 64425
84400 61800 60575 63200 64425
84500 61800 60575 63200 64425
84600 61800 60550 63225 64425
84700 61800 60550 63225 64425
84800 61800 60550 63225 64425
84900 61800 60600 63175 64425
85000 61800 60600 63175 64425
85100 61800 60600 63175 64425
85200 61800 60600 63175 64425
85300 61800 60600 63175 64425
85400 61800 60600 63175 64425
85500 61800 60600 63175 64425
85600 61800 60600 63175 64425
85700 61800 60600 63175 64425
85800 61825 60600 63150 64425
85900 61800 60625 63150 64425
86000 61800 60625 63150 64425
86100 61800 60625 63150 64425
86200 61775 60650 63150 64425
86300 61775 60650 63150 64425
86400 61775 60650 63150 64425
86500 61775 60650 63150 64425
86600 61775 60650 63150 64425
86700 61775 60650 63150 64425
86800 61775 60650 63150 64425
86900 61775 60650 63150 64425
87000 61775 60650 63150 64425
87100 61775 60650 63150 64425
87200 61775 60650 63150 64425
87300 61775 60650 63150 64425
87400 61775 60650 63150 64425
87500 61775 60650 63150 64425
87600 61775 60650 63150 64425
87700 61775 60650 63150 64425
87800 61775 60650 63150 64425
87900 61775 60650 63150 64425
88000 61775 60650 63150 64425
88100 61775 60650 63150 64425
88200 61775 60650 63150 64425
88300 61775 60650 63150 64425
88400 61775 60650 63150 64425
88500 61775 60650 63150 64425
88600 61800 60650 63125 64425
88700 61800 60650 63125 64425
88800 61800 60625 63150 64425
88900 61800 60625 63150 64425
89000 61800 60625 63150 64425
89100 61800 60625 63150 64425
89200 61800 60625 63150 64425
89300 61800 60625 63150 64425
89400 61800 60625 63150 64425
89500 61800 60625 63150 64425
89600 61800 60625 63150 64425
89700 61800 60625 63150 64425
89800 61800 60625 63150 64425
89900 61800 60625 63150 64425
90000 61775 60625 63175 64425
90100 61775 60625 63175 64425
90200 61775 60625 63175 64425
90300 61775 60625 63175 64425
90400 61775 60625 63175 64425
90500 61775 60625 63175 64425
90600 61775 60625 63175 64425
90700 61800 60600 63175 64425
90800 61775 60625 63175 64425
90900 61775 60625 63175 64425
91000 61800 60600 63175 64425
91100 61800 60600 63175 64425
91200 61825 60600 63150 64425
91300 61825 60600 63150 64425
91400 61825 60600 63150 64425
91500 61825 60600 63150 64425
91600 61825 60600 63150 64425
91700 61825 60600 63150 64425
91800 61825 60600 63150 64425
91900 61800 60600 63175 64425
92000 61800 60600 63175 64425
92100 61800 60600 63175 64425
92200 61800 60600 63175 64425
92300 61800 60600 63175 64425
92400 61800 60600 63175 64425
92500 61800 60600 63175 64425
92600 61800 60600 63175 64425
92700 61800 60600 63175 64425
92800 61800 60600 63175 64425
92900 61800 60600 63175 64425
93000 61800 60600 63175 64425
93100 61800 60600 63175 64425
93200 61800 60600 63175 64425
93300 61800 60600 63175 64425
93400 61800 60600 63175 64425
93500 61825 60600 63150 64425
93600 61825 60600 63150 64425
93700 61800 60625 63150 64425
93800 61800 60625 63150 64425
93900 61800 60625 63150 64425
94000 61800 60600 63175 64425
94100 61800 60600 63175 64425
94200 61800 60600 63175 64425
94300 61800 60600 63175 64425
94400 61800 60600 63175 64425
94500 61800 60600 63175 64425
94600 61800 60600 63175 64425
94700 61800 60600 63175 64425
94800 61800 60600 63175 64425
94900 61800 60600 63175 64425
95000 61800 60600 63175 64425
95100 61800 60550 63225 64425
95200 61775 60550 63250 64425
95300 61775 60550 63250 64425
95400 61775 60550 63250 64425
95500 61775 60525 63275 64425
95600 61800 60525 63250 64425
95700 61800 60525 63250 64425
95800 61825 60525 63250 64400
95900 61800 60550 63250 64400
96000 61800 60550 63250 64400
96100 61800 60550 63250 64400
96200 61800 60550 63275 64375
96300 61800 60550 63275 64375
96400 61800 60550 63275 64375
96500 61825 60525 63275 64375
96600 61825 60525 63275 64375
96700 61825 60525 63275 64375
96800 61825 60525 63275 64375
96900 61825 60525 63275 64375
97000 61825 60550 63250 64375
97100 61825 60550 63250 64375
97200 61825 60550 63250 64375
97300 61825 60550 63250 64375
97400 61825 60550 63250 64375
97500 61850 60550 63225 64375
97600 61850 60550 63225 64375
97700 61850 60550 63225 64375
97800 61850 60550 63225 64375
97900 61850 60550 63225 64375
98000 61850 60550 63225 64375
98100 61850 60550 63225 64375
98200 61850 60550 63225 64375
98300 61850 60550 63225 64375
98400 61850 60550 63225 64375
98500 61850 60550 63225 64375
98600 61850 60550 63225 64375
98700 61850 60550 63225 64375
98800 61850 60550 63225 64375
98900 61850 60550 63225 64375
99000 61875 60550 63200 64375
99100 61875 60550 63200 64375
99200 61875 60550 63200 64375
99300 61875 60550 63200 64375
99400 61875 60550 63200 64375
99500 61875 60550 63200 64375
99600 61875 60550 63200 64375
99700 61875 60550 63200 64375
99800 61875 60550 63200 64375
99900 61875 60550 63200 64375
100000 61900 60550 63200 64350
