# gr0gr1_gb gr0gr2_gb gr0gr3_gb gr1gr2_gb gr1gr3_gb gr2gr3_gb total
15 15 30 0 15 15 90
45 45 50 40 45 45 270
45 40 45 40 45 40 255
55 50 55 55 60 55 330
50 50 50 55 55 55 315
50 45 45 55 55 50 300
50 45 45 60 60 55 315
50 45 45 60 60 55 315
50 45 45 60 60 55 315
50 45 45 60 60 55 315
50 40 50 55 65 55 315
50 35 45 45 55 40 270
55 40 45 50 55 40 285
55 40 45 55 60 45 300
55 40 45 45 50 35 270
55 45 50 45 50 40 285
50 45 55 40 50 45 285
50 45 55 40 50 45 285
50 45 55 40 50 45 285
50 50 60 40 50 50 300
50 50 60 40 50 50 300
45 50 55 40 45 50 285
45 50 55 45 50 55 300
45 50 55 45 50 55 300
50 50 60 45 55 55 315
60 50 60 50 60 50 330
60 50 60 50 60 50 330
55 50 55 50 55 50 315
55 50 55 50 55 50 315
55 50 55 55 60 55 330
55 55 50 60 55 55 330
55 55 50 65 60 60 345
60 60 60 65 65 65 375
60 60 60 65 65 65 375
60 60 60 65 65 65 375
60 55 55 65 65 60 360
55 50 55 60 65 60 345
55 50 55 60 65 60 345
55 45 50 60 65 55 330
55 45 50 60 65 55 330
55 45 50 60 65 55 330
55 45 50 60 65 55 330
55 45 50 60 65 55 330
60 50 50 65 65 55 345
60 50 50 65 65 55 345
65 50 55 65 70 55 360
60 45 55 60 70 55 345
60 45 55 60 70 55 345
60 50 60 55 65 55 345
60 50 60 55 65 55 345
60 50 60 55 65 55 345
50 45 55 50 60 55 315
50 45 55 50 60 55 315
50 45 55 50 60 55 315
45 45 50 50 55 55 300
45 45 50 50 55 55 300
45 45 50 50 55 55 300
45 45 50 50 55 55 300
45 50 55 50 55 60 315
50 50 60 50 60 60 330
50 50 60 45 55 55 315
50 50 60 45 55 55 315
50 50 60 45 55 55 315
50 55 65 45 55 60 330
50 55 65 45 55 60 330
50 55 65 45 55 60 330
55 60 65 50 55 60 345
55 60 65 50 55 60 345
55 60 65 50 55 60 345
55 60 65 50 55 60 345
55 60 65 50 55 60 345
55 60 65 50 55 60 345
55 55 70 45 60 60 345
55 55 70 45 60 60 345
55 55 70 45 60 60 345
60 60 70 50 60 60 360
60 55 65 50 60 55 345
60 55 65 50 60 55 345
60 50 60 50 60 50 330
65 55 60 55 60 50 345
65 55 60 55 60 50 345
65 55 60 50 55 45 330
65 55 60 50 55 45 330
60 55 55 50 50 45 315
60 55 55 50 50 45 315
55 55 50 50 45 45 300
55 55 50 50 45 45 300
55 55 50 55 50 50 315
55 55 50 55 50 50 315
50 55 45 55 45 50 300
50 55 45 60 50 55 315
50 55 45 60 50 55 315
50 50 40 60 50 50 300
55 50 45 60 55 50 315
55 50 45 60 55 50 315
60 50 50 60 60 50 330
60 50 50 60 60 50 330
60 50 50 60 60 50 330
60 50 50 60 60 50 330
55 45 50 55 60 50 315
55 45 50 55 60 50 315
55 50 55 55 60 55 330
55 50 55 55 60 55 330
55 50 55 60 65 60 345
55 55 60 60 65 65 360
55 60 65 60 65 70 375
60 60 70 60 70 70 390
60 60 70 60 70 70 390
65 65 70 65 70 70 405
65 65 70 65 70 70 405
65 65 70 65 70 70 405
65 65 70 70 75 75 420
65 65 70 70 75 75 420
65 65 70 70 75 75 420
60 60 70 65 75 75 405
60 65 75 65 75 80 420
60 65 75 65 75 80 420
60 65 75 65 75 80 420
60 65 75 65 75 80 420
60 65 75 65 75 80 420
60 65 75 65 75 80 420
60 65 75 65 75 80 420
60 65 75 65 75 80 420
55 65 70 65 70 80 405
55 65 70 65 70 80 405
50 65 65 65 65 80 390
50 65 65 65 65 80 390
50 65 65 60 60 75 375
50 65 65 60 60 75 375
50 65 65 60 60 75 375
50 65 65 60 60 75 375
50 65 65 60 60 75 375
50 65 65 60 60 75 375
50 65 65 60 60 75 375
50 65 65 60 60 75 375
50 65 65 60 60 75 375
50 65 65 60 60 75 375
55 70 65 65 60 75 390
55 70 65 60 55 70 375
55 70 65 60 55 70 375
65 75 70 65 60 70 405
65 75 70 65 60 70 405
65 75 70 65 60 70 405
65 75 70 65 60 70 405
65 75 70 65 60 70 405
65 75 70 65 60 70 405
65 70 65 65 60 65 390
65 70 65 65 60 65 390
65 70 65 65 60 65 390
70 70 70 65 65 65 405
70 70 70 65 65 65 405
70 70 70 65 65 65 405
70 70 70 65 65 65 405
70 70 70 65 65 65 405
70 70 70 65 65 65 405
70 70 70 65 65 65 405
70 70 70 65 65 65 405
70 70 70 65 65 65 405
70 70 70 65 65 65 405
70 70 70 65 65 65 405
70 70 70 65 65 65 405
70 70 70 65 65 65 405
70 70 70 65 65 65 405
70 70 70 65 65 65 405
70 70 70 65 65 65 405
70 70 70 65 65 65 405
65 65 70 60 65 65 390
65 65 70 60 65 65 390
65 65 70 60 65 65 390
65 65 70 60 65 65 390
65 65 70 60 65 65 390
65 65 70 60 65 65 390
65 70 75 60 65 70 405
65 70 75 60 65 70 405
60 65 65 60 60 65 375
60 65 65 60 60 65 375
55 65 60 60 55 65 360
55 65 60 60 55 65 360
55 65 60 60 55 65 360
55 60 55 60 55 60 345
55 60 55 60 55 60 345
55 60 55 60 55 60 345
60 65 55 65 55 60 360
60 65 55 65 55 60 360
60 65 55 65 55 60 360
60 65 55 65 55 60 360
60 65 55 65 55 60 360
60 65 55 65 55 60 360
55 65 50 65 50 60 345
50 60 50 60 50 60 330
50 60 50 60 50 60 330
50 60 50 60 50 60 330
50 60 50 60 50 60 330
50 60 50 60 50 60 330
50 60 50 60 50 60 330
50 60 50 60 50 60 330
55 60 55 60 55 60 345
55 60 55 55 50 55 330
55 60 55 55 50 55 330
55 60 55 55 50 55 330
55 60 55 55 50 55 330
55 60 55 60 55 60 345
55 60 55 60 55 60 345
55 60 55 60 55 60 345
55 60 55 60 55 60 345
60 60 60 60 60 60 360
60 60 60 60 60 60 360
60 60 60 55 55 55 345
60 60 60 55 55 55 345
60 60 60 55 55 55 345
60 60 60 55 55 55 345
60 60 60 55 55 55 345
60 60 60 55 55 55 345
60 60 60 55 55 55 345
60 60 60 55 55 55 345
60 60 60 55 55 55 345
65 65 60 60 55 55 360
65 65 60 60 55 55 360
65 70 65 60 55 60 375
65 65 60 60 55 55 360
65 65 60 60 55 55 360
65 65 60 60 55 55 360
65 65 60 60 55 55 360
65 65 60 60 55 55 360
65 65 60 60 55 55 360
65 65 60 60 55 55 360
65 65 60 60 55 55 360
65 65 60 60 55 55 360
65 65 60 60 55 55 360
65 60 55 60 55 50 345
65 60 55 60 55 50 345
65 60 55 60 55 50 345
65 60 55 60 55 50 345
65 60 55 60 55 50 345
65 60 55 55 50 45 330
65 60 55 55 50 45 330
65 60 55 55 50 45 330
65 60 55 60 55 50 345
60 60 50 60 50 50 330
65 60 55 60 55 50 345
65 60 55 60 55 50 345
60 60 50 60 50 50 330
60 60 50 60 50 50 330
60 60 50 60 50 50 330
60 60 50 60 50 50 330
60 60 50 60 50 50 330
60 60 50 65 55 55 345
55 55 50 60 55 55 330
55 55 50 60 55 55 330
55 55 50 60 55 55 330
55 55 50 60 55 55 330
55 55 50 60 55 55 330
55 55 50 60 55 55 330
55 55 50 60 55 55 330
55 55 50 60 55 55 330
55 55 50 60 55 55 330
55 55 50 60 55 55 330
55 55 50 60 55 55 330
55 55 50 60 55 55 330
55 55 50 60 55 55 330
55 55 50 60 55 55 330
55 55 50 60 55 55 330
55 55 50 60 55 55 330
55 55 50 60 55 55 330
55 55 50 60 55 55 330
55 55 50 60 55 55 330
55 55 50 55 50 50 315
60 55 55 55 55 50 330
60 55 55 55 55 50 330
65 55 60 55 60 50 345
65 55 60 55 60 50 345
65 55 60 55 60 50 345
65 55 60 55 60 50 345
65 55 60 55 60 50 345
65 55 60 55 60 50 345
65 60 65 55 60 55 360
65 60 65 55 60 55 360
65 60 65 55 60 55 360
65 60 65 55 60 55 360
65 60 65 55 60 55 360
70 60 70 55 65 55 375
70 65 75 55 65 60 390
70 65 75 55 65 60 390
70 65 75 55 65 60 390
70 65 75 55 65 60 390
70 65 75 55 65 60 390
70 65 75 55 65 60 390
70 65 75 55 65 60 390
70 65 75 55 65 60 390
70 65 75 55 65 60 390
70 65 75 55 65 60 390
70 65 75 55 65 60 390
70 65 75 55 65 60 390
70 65 75 55 65 60 390
70 65 75 55 65 60 390
70 65 75 55 65 60 390
70 65 75 55 65 60 390
65 60 75 50 65 60 375
65 60 75 50 65 60 375
65 55 70 50 65 55 360
65 55 70 50 65 55 360
70 60 70 55 65 55 375
70 60 70 55 65 55 375
70 60 70 55 65 55 375
70 60 70 55 65 55 375
70 60 70 55 65 55 375
70 60 70 55 65 55 375
70 60 70 55 65 55 375
70 60 70 55 65 55 375
70 60 70 55 65 55 375
70 60 70 55 65 55 375
70 60 70 55 65 55 375
70 60 70 55 65 55 375
70 60 70 55 65 55 375
70 60 70 55 65 55 375
70 60 70 55 65 55 375
70 60 70 55 65 55 375
70 60 70 55 65 55 375
70 60 70 55 65 55 375
70 60 70 55 65 55 375
70 60 70 55 65 55 375
70 60 70 55 65 55 375
65 60 65 55 60 55 360
65 60 65 55 60 55 360
65 60 65 55 60 55 360
65 65 70 55 60 60 375
60 65 65 55 55 60 360
60 65 65 55 55 60 360
60 65 65 55 55 60 360
60 65 65 55 55 60 360
60 65 65 55 55 60 360
60 65 65 55 55 60 360
60 60 60 55 55 55 345
60 65 65 55 55 60 360
60 65 65 55 55 60 360
60 65 65 55 55 60 360
60 65 65 55 55 60 360
60 65 65 50 50 55 345
60 65 65 50 50 55 345
60 65 65 50 50 55 345
60 65 65 50 50 55 345
60 65 65 50 50 55 345
60 65 65 50 50 55 345
60 65 65 50 50 55 345
60 65 65 50 50 55 345
60 65 65 50 50 55 345
60 65 65 50 50 55 345
60 65 65 50 50 55 345
60 65 65 50 50 55 345
60 65 65 50 50 55 345
60 65 65 50 50 55 345
55 60 65 45 50 55 330
55 60 65 45 50 55 330
55 60 65 45 50 55 330
55 60 65 45 50 55 330
55 60 65 45 50 55 330
55 60 65 45 50 55 330
60 60 70 45 55 55 345
60 60 70 45 55 55 345
60 60 70 45 55 55 345
60 60 70 45 55 55 345
60 60 70 45 55 55 345
60 60 70 45 55 55 345
60 60 70 45 55 55 345
60 60 70 45 55 55 345
60 60 70 45 55 55 345
60 60 70 45 55 55 345
60 60 70 45 55 55 345
60 60 70 45 55 55 345
60 60 70 45 55 55 345
60 60 70 45 55 55 345
60 60 70 50 60 60 360
60 60 70 50 60 60 360
60 60 70 50 60 60 360
60 60 70 50 60 60 360
60 60 70 50 60 60 360
60 60 70 50 60 60 360
60 60 70 50 60 60 360
60 60 70 50 60 60 360
60 60 70 55 65 65 375
60 60 70 55 65 65 375
60 65 75 55 65 70 390
60 65 75 55 65 70 390
60 65 75 55 65 70 390
60 65 75 55 65 70 390
65 65 80 55 70 70 405
65 65 80 55 70 70 405
65 65 80 60 75 75 420
65 65 80 60 75 75 420
65 65 80 60 75 75 420
65 65 80 65 80 80 435
70 70 80 70 80 80 450
70 70 80 70 80 80 450
70 70 80 70 80 80 450
70 70 80 70 80 80 450
70 70 80 70 80 80 450
70 70 80 70 80 80 450
70 70 80 70 80 80 450
70 70 80 70 80 80 450
70 70 80 70 80 80 450
70 70 80 70 80 80 450
70 70 80 70 80 80 450
70 70 80 70 80 80 450
70 70 80 70 80 80 450
70 70 80 70 80 80 450
70 70 80 70 80 80 450
70 70 80 70 80 80 450
70 70 80 70 80 80 450
70 70 80 70 80 80 450
70 70 80 70 80 80 450
70 70 80 70 80 80 450
70 70 80 70 80 80 450
70 70 80 70 80 80 450
70 70 80 70 80 80 450
70 70 80 70 80 80 450
70 70 80 70 80 80 450
70 70 80 70 80 80 450
70 70 80 70 80 80 450
70 70 80 70 80 80 450
70 70 80 70 80 80 450
70 70 80 70 80 80 450
70 70 80 70 80 80 450
70 70 80 70 80 80 450
70 70 80 70 80 80 450
70 70 80 70 80 80 450
70 70 80 70 80 80 450
70 70 80 70 80 80 450
70 70 80 70 80 80 450
70 70 80 70 80 80 450
70 70 80 70 80 80 450
70 70 80 70 80 80 450
70 70 80 70 80 80 450
70 70 80 70 80 80 450
65 70 75 70 75 80 435
65 70 75 70 75 80 435
65 70 75 70 75 80 435
65 70 75 70 75 80 435
65 70 75 70 75 80 435
65 70 75 70 75 80 435
65 70 75 70 75 80 435
65 70 75 70 75 80 435
65 70 75 70 75 80 435
65 70 75 70 75 80 435
65 70 75 70 75 80 435
60 65 75 65 75 80 420
55 65 70 65 70 80 405
55 65 70 65 70 80 405
55 60 65 65 70 75 390
55 60 65 65 70 75 390
55 60 65 65 70 75 390
55 60 65 65 70 75 390
55 60 65 65 70 75 390
60 60 60 70 70 70 390
60 60 60 70 70 70 390
60 60 60 70 70 70 390
60 60 60 70 70 70 390
60 60 60 70 70 70 390
60 60 60 70 70 70 390
60 60 60 70 70 70 390
60 60 60 70 70 70 390
60 60 60 70 70 70 390
60 60 60 70 70 70 390
60 60 60 65 65 65 375
60 60 60 65 65 65 375
60 60 60 65 65 65 375
60 60 60 65 65 65 375
65 65 60 70 65 65 390
65 65 60 70 65 65 390
65 65 60 70 65 65 390
65 65 60 70 65 65 390
65 65 60 70 65 65 390
65 65 60 70 65 65 390
65 65 60 70 65 65 390
65 65 60 70 65 65 390
65 65 60 70 65 65 390
65 65 60 70 65 65 390
65 65 60 70 65 65 390
70 65 65 70 70 65 405
70 65 65 70 70 65 405
70 65 65 70 70 65 405
70 65 65 70 70 65 405
65 65 60 70 65 65 390
65 65 60 70 65 65 390
65 65 60 70 65 65 390
65 65 60 70 65 65 390
65 65 60 70 65 65 390
65 65 60 70 65 65 390
65 65 60 70 65 65 390
65 65 60 70 65 65 390
65 65 60 70 65 65 390
65 65 60 70 65 65 390
65 65 60 70 65 65 390
65 65 60 70 65 65 390
65 65 60 70 65 65 390
65 65 60 70 65 65 390
60 60 60 65 65 65 375
60 60 60 65 65 65 375
60 60 60 65 65 65 375
60 60 60 65 65 65 375
60 60 60 65 65 65 375
60 60 60 65 65 65 375
60 60 60 65 65 65 375
60 60 60 65 65 65 375
60 55 55 65 65 60 360
60 55 55 65 65 60 360
60 55 55 65 65 60 360
60 55 55 65 65 60 360
60 55 55 65 65 60 360
60 55 55 65 65 60 360
60 55 55 65 65 60 360
60 55 55 65 65 60 360
60 55 55 65 65 60 360
60 55 55 65 65 60 360
60 55 55 65 65 60 360
60 55 55 65 65 60 360
60 55 55 65 65 60 360
60 55 55 65 65 60 360
60 55 55 65 65 60 360
60 55 55 65 65 60 360
60 55 55 65 65 60 360
60 55 55 65 65 60 360
60 55 55 65 65 60 360
60 55 55 65 65 60 360
60 55 55 65 65 60 360
60 55 55 65 65 60 360
60 55 55 65 65 60 360
60 55 55 65 65 60 360
60 55 55 65 65 60 360
60 55 55 65 65 60 360
60 55 55 65 65 60 360
60 55 55 65 65 60 360
60 55 55 65 65 60 360
60 55 55 65 65 60 360
60 55 55 65 65 60 360
60 55 55 65 65 60 360
60 55 55 65 65 60 360
60 55 55 65 65 60 360
60 55 55 65 65 60 360
60 55 55 65 65 60 360
60 55 55 65 65 60 360
60 55 55 65 65 60 360
60 55 55 60 60 55 345
60 55 55 60 60 55 345
60 55 55 60 60 55 345
60 55 55 60 60 55 345
60 55 55 60 60 55 345
60 55 55 60 60 55 345
60 55 55 60 60 55 345
60 55 55 60 60 55 345
60 55 55 60 60 55 345
60 55 55 60 60 55 345
60 55 55 60 60 55 345
60 55 55 60 60 55 345
60 55 55 60 60 55 345
60 55 55 60 60 55 345
60 55 55 60 60 55 345
60 55 55 60 60 55 345
60 55 55 60 60 55 345
60 55 55 60 60 55 345
60 55 55 60 60 55 345
60 55 55 60 60 55 345
60 55 55 60 60 55 345
65 55 60 60 65 55 360
65 55 60 60 65 55 360
65 55 60 60 65 55 360
65 55 60 60 65 55 360
65 55 60 60 65 55 360
65 55 60 60 65 55 360
65 55 60 60 65 55 360
65 55 60 60 65 55 360
65 55 60 60 65 55 360
65 55 60 60 65 55 360
60 60 60 60 60 60 360
60 60 60 60 60 60 360
60 60 60 60 60 60 360
60 60 60 60 60 60 360
60 60 60 60 60 60 360
60 60 60 60 60 60 360
60 60 60 60 60 60 360
60 60 60 60 60 60 360
60 60 60 60 60 60 360
60 60 60 60 60 60 360
60 60 60 60 60 60 360
60 60 60 60 60 60 360
60 60 60 60 60 60 360
60 60 60 60 60 60 360
60 55 55 60 60 55 345
60 55 55 60 60 55 345
60 55 55 60 60 55 345
60 55 55 60 60 55 345
60 55 55 60 60 55 345
60 55 55 60 60 55 345
60 55 55 60 60 55 345
60 55 55 60 60 55 345
60 55 55 60 60 55 345
55 55 50 60 55 55 330
55 55 50 60 55 55 330
55 55 50 60 55 55 330
55 55 50 60 55 55 330
55 55 50 60 55 55 330
55 55 50 60 55 55 330
55 55 50 60 55 55 330
55 55 50 60 55 55 330
55 55 50 60 55 55 330
55 55 50 60 55 55 330
55 55 50 60 55 55 330
55 55 50 60 55 55 330
55 55 50 55 50 50 315
55 55 50 55 50 50 315
55 55 50 55 50 50 315
55 55 50 55 50 50 315
55 55 50 55 50 50 315
55 55 50 55 50 50 315
55 55 50 55 50 50 315
55 55 50 55 50 50 315
55 55 50 55 50 50 315
55 55 50 55 50 50 315
55 55 50 55 50 50 315
55 55 50 55 50 50 315
55 55 50 55 50 50 315
55 55 50 55 50 50 315
55 55 50 55 50 50 315
55 55 50 55 50 50 315
55 55 50 55 50 50 315
55 55 50 55 50 50 315
55 55 50 55 50 50 315
55 55 50 55 50 50 315
50 55 45 55 45 50 300
50 55 45 55 45 50 300
50 55 45 55 45 50 300
50 55 45 55 45 50 300
50 55 45 55 45 50 300
50 55 45 55 45 50 300
50 55 45 55 45 50 300
50 55 45 55 45 50 300
50 55 45 55 45 50 300
55 60 45 60 45 50 315
55 60 45 60 45 50 315
55 60 45 60 45 50 315
55 60 45 60 45 50 315
55 60 45 60 45 50 315
55 60 45 60 45 50 315
55 60 45 60 45 50 315
55 60 45 60 45 50 315
55 60 45 60 45 50 315
60 60 50 60 50 50 330
60 60 50 60 50 50 330
60 60 50 60 50 50 330
60 60 50 65 55 55 345
60 60 50 65 55 55 345
60 60 50 65 55 55 345
60 60 50 65 55 55 345
60 60 50 65 55 55 345
55 55 50 60 55 55 330
55 55 50 60 55 55 330
55 55 50 60 55 55 330
55 55 50 60 55 55 330
55 55 50 60 55 55 330
55 55 50 60 55 55 330
55 55 50 60 55 55 330
55 55 50 60 55 55 330
55 55 50 55 50 50 315
55 55 50 55 50 50 315
55 55 50 55 50 50 315
55 55 50 55 50 50 315
55 55 50 55 50 50 315
55 55 50 55 50 50 315
55 55 50 55 50 50 315
55 55 50 55 50 50 315
55 55 50 55 50 50 315
55 55 50 55 50 50 315
55 55 50 55 50 50 315
55 55 50 55 50 50 315
55 55 50 55 50 50 315
55 55 50 55 50 50 315
55 55 50 55 50 50 315
55 55 50 55 50 50 315
55 55 50 55 50 50 315
55 55 50 55 50 50 315
55 55 50 55 50 50 315
55 55 50 55 50 50 315
55 55 50 55 50 50 315
55 55 50 55 50 50 315
55 55 50 55 50 50 315
55 55 50 55 50 50 315
55 55 50 55 50 50 315
55 55 50 55 50 50 315
55 55 50 55 50 50 315
55 55 50 55 50 50 315
55 55 50 55 50 50 315
55 55 50 55 50 50 315
55 55 50 55 50 50 315
55 55 50 55 50 50 315
55 55 50 55 50 50 315
55 55 50 55 50 50 315
55 55 50 55 50 50 315
55 55 50 55 50 50 315
55 55 50 55 50 50 315
55 55 50 55 50 50 315
55 55 50 55 50 50 315
55 55 50 55 50 50 315
55 55 50 55 50 50 315
60 60 50 60 50 50 330
60 60 50 60 50 50 330
60 60 50 60 50 50 330
60 60 50 60 50 50 330
60 60 50 60 50 50 330
60 60 50 60 50 50 330
60 60 50 60 50 50 330
55 55 50 55 50 50 315
60 55 55 55 55 50 330
60 55 55 55 55 50 330
60 60 60 55 55 55 345
60 60 60 55 55 55 345
60 60 60 55 55 55 345
60 60 60 55 55 55 345
60 60 60 55 55 55 345
60 60 60 55 55 55 345
60 60 60 60 60 60 360
60 60 60 60 60 60 360
60 60 60 60 60 60 360
60 60 60 60 60 60 360
60 60 60 60 60 60 360
60 60 60 60 60 60 360
60 60 60 60 60 60 360
60 60 60 60 60 60 360
60 60 60 60 60 60 360
60 60 60 60 60 60 360
60 60 60 60 60 60 360
60 60 60 60 60 60 360
60 60 60 60 60 60 360
60 60 60 60 60 60 360
60 60 60 60 60 60 360
60 60 60 60 60 60 360
60 60 60 60 60 60 360
60 60 60 60 60 60 360
60 60 60 60 60 60 360
60 60 60 60 60 60 360
60 60 60 60 60 60 360
60 60 60 60 60 60 360
60 60 60 60 60 60 360
60 60 60 60 60 60 360
60 60 60 60 60 60 360
60 60 60 60 60 60 360
60 60 60 60 60 60 360
60 60 60 60 60 60 360
60 60 60 60 60 60 360
60 60 60 60 60 60 360
60 60 60 60 60 60 360
60 60 60 60 60 60 360
60 60 60 60 60 60 360
60 60 60 60 60 60 360
60 60 60 60 60 60 360
60 60 60 60 60 60 360
60 60 60 60 60 60 360
60 60 60 60 60 60 360
60 60 60 60 60 60 360
60 60 60 60 60 60 360
60 60 60 60 60 60 360
60 60 60 60 60 60 360
60 60 60 60 60 60 360
60 60 60 60 60 60 360
60 60 60 60 60 60 360
60 60 60 60 60 60 360
60 60 60 60 60 60 360
60 60 60 60 60 60 360
60 60 60 60 60 60 360
60 60 60 60 60 60 360
60 60 60 60 60 60 360
60 60 60 60 60 60 360
60 60 60 60 60 60 360
60 60 60 60 60 60 360
60 60 60 60 60 60 360
60 60 60 55 55 55 345
60 60 60 55 55 55 345
60 60 60 55 55 55 345
60 60 60 55 55 55 345
60 60 60 55 55 55 345
60 60 60 55 55 55 345
60 60 60 55 55 55 345
60 55 55 55 55 50 330
60 55 55 55 55 50 330
60 55 55 55 55 50 330
60 55 55 55 55 50 330
60 55 55 55 55 50 330
60 55 55 55 55 50 330
60 55 55 55 55 50 330
60 55 55 55 55 50 330
60 55 55 55 55 50 330
60 55 55 55 55 50 330
60 55 55 55 55 50 330
60 55 55 60 60 55 345
60 55 55 60 60 55 345
60 55 55 60 60 55 345
60 55 55 60 60 55 345
60 55 55 60 60 55 345
60 55 55 60 60 55 345
60 55 55 60 60 55 345
60 55 55 60 60 55 345
60 55 55 60 60 55 345
60 55 55 60 60 55 345
60 55 55 60 60 55 345
65 55 60 60 65 55 360
65 55 60 60 65 55 360
70 55 65 60 70 55 375
70 55 65 60 70 55 375
70 55 65 60 70 55 375
70 55 65 60 70 55 375
70 55 65 60 70 55 375
70 55 65 60 70 55 375
70 55 65 60 70 55 375
70 55 65 60 70 55 375
70 55 65 60 70 55 375
70 55 65 60 70 55 375
70 55 65 60 70 55 375
70 55 65 60 70 55 375
70 55 65 60 70 55 375
70 55 65 60 70 55 375
70 55 65 60 70 55 375
70 55 65 60 70 55 375
70 55 65 60 70 55 375
70 55 65 60 70 55 375
70 55 65 60 70 55 375
70 55 65 60 70 55 375
70 55 65 60 70 55 375
70 55 65 60 70 55 375
70 55 65 60 70 55 375
70 55 65 60 70 55 375
70 55 65 60 70 55 375
70 55 65 60 70 55 375
70 55 65 60 70 55 375
70 55 65 60 70 55 375
70 55 65 60 70 55 375
70 55 65 60 70 55 375
70 55 65 60 70 55 375
65 55 60 60 65 55 360
65 55 60 60 65 55 360
65 55 60 60 65 55 360
65 55 60 60 65 55 360
65 55 60 60 65 55 360
65 55 60 60 65 55 360
65 55 60 60 65 55 360
65 55 60 60 65 55 360
65 55 60 60 65 55 360
65 55 60 60 65 55 360
65 55 60 60 65 55 360
65 55 60 60 65 55 360
65 55 60 60 65 55 360
65 55 60 60 65 55 360
65 55 60 60 65 55 360
65 55 60 60 65 55 360
65 55 60 60 65 55 360
65 55 60 60 65 55 360
65 55 60 60 65 55 360
65 55 60 60 65 55 360
65 55 60 60 65 55 360
65 55 60 60 65 55 360
60 50 60 55 65 55 345
60 50 60 55 65 55 345
60 50 60 55 65 55 345
60 50 60 55 65 55 345
60 50 60 55 65 55 345
60 50 60 55 65 55 345
60 50 60 55 65 55 345
60 50 60 55 65 55 345
60 50 60 55 65 55 345
60 50 60 55 65 55 345
60 50 60 55 65 55 345
60 50 60 55 65 55 345
60 50 60 55 65 55 345
60 50 60 55 65 55 345
60 50 60 55 65 55 345
55 50 55 55 60 55 330
55 50 55 55 60 55 330
55 50 55 55 60 55 330
55 50 55 55 60 55 330
55 50 55 60 65 60 345
55 50 55 60 65 60 345
55 50 55 60 65 60 345
55 50 55 60 65 60 345
55 50 55 60 65 60 345
55 50 55 60 65 60 345
55 50 55 60 65 60 345
55 50 55 60 65 60 345
55 50 55 60 65 60 345
55 50 55 60 65 60 345
55 50 55 60 65 60 345
55 50 55 60 65 60 345
55 50 55 60 65 60 345
55 50 55 60 65 60 345
55 50 55 60 65 60 345
55 50 55 60 65 60 345
55 50 55 60 65 60 345
55 50 55 60 65 60 345
60 50 60 60 70 60 360
60 50 60 60 70 60 360
60 50 60 60 70 60 360
60 50 60 60 70 60 360
60 50 60 60 70 60 360
60 50 60 60 70 60 360
60 50 60 60 70 60 360
60 50 60 60 70 60 360
60 50 60 60 70 60 360
60 50 60 60 70 60 360
60 50 60 60 70 60 360
60 50 60 60 70 60 360
60 50 60 60 70 60 360
60 50 60 60 70 60 360
60 50 60 60 70 60 360
60 50 60 60 70 60 360
60 50 60 55 65 55 345
60 50 60 55 65 55 345
60 50 60 55 65 55 345
60 50 60 55 65 55 345
60 50 60 55 65 55 345
60 50 60 55 65 55 345
60 50 60 55 65 55 345
60 50 60 55 65 55 345
60 50 60 55 65 55 345
60 50 60 55 65 55 345
60 50 60 55 65 55 345
60 50 60 55 65 55 345
60 50 60 55 65 55 345
60 50 60 55 65 55 345
60 50 60 55 65 55 345
60 50 60 55 65 55 345
60 50 60 55 65 55 345
60 50 60 55 65 55 345
60 50 60 55 65 55 345
60 50 60 55 65 55 345
60 50 60 55 65 55 345
60 50 60 55 65 55 345
60 50 60 55 65 55 345
60 50 60 55 65 55 345
60 50 60 55 65 55 345
60 50 60 55 65 55 345
60 50 60 55 65 55 345
60 50 60 55 65 55 345
60 50 60 55 65 55 345
60 50 60 55 65 55 345
60 50 60 55 65 55 345
60 50 60 55 65 55 345
60 50 60 55 65 55 345
60 50 60 55 65 55 345
60 50 60 55 65 55 345
60 50 60 55 65 55 345
60 50 60 55 65 55 345
60 50 60 55 65 55 345
60 50 60 55 65 55 345
60 50 60 55 65 55 345
60 50 60 55 65 55 345
60 50 60 55 65 55 345
60 50 60 55 65 55 345
60 50 60 55 65 55 345
60 50 60 55 65 55 345
60 50 60 55 65 55 345
60 50 60 55 65 55 345
60 50 60 55 65 55 345
60 50 60 55 65 55 345
60 50 60 55 65 55 345
60 50 60 55 65 55 345
60 50 60 55 65 55 345
60 50 60 55 65 55 345
60 50 60 55 65 55 345
60 50 60 55 65 55 345
60 50 60 55 65 55 345
55 50 55 55 60 55 330
55 50 55 55 60 55 330
55 50 55 55 60 55 330
55 50 55 55 60 55 330
55 50 55 55 60 55 330
55 50 55 55 60 55 330
55 50 55 55 60 55 330
55 50 55 55 60 55 330
55 50 55 55 60 55 330
55 50 55 55 60 55 330
55 50 55 55 60 55 330
55 50 55 55 60 55 330
55 50 55 55 60 55 330
55 50 55 55 60 55 330
55 50 55 55 60 55 330
55 50 55 55 60 55 330
55 50 55 55 60 55 330
55 50 55 55 60 55 330
55 50 55 55 60 55 330
55 50 55 55 60 55 330
55 50 55 55 60 55 330
55 50 55 55 60 55 330
55 50 55 55 60 55 330
55 50 55 55 60 55 330
55 50 55 55 60 55 330
55 50 55 55 60 55 330
55 50 55 55 60 55 330
50 50 50 55 55 55 315
50 50 50 55 55 55 315
50 50 50 55 55 55 315
55 55 50 60 55 55 330
55 55 50 60 55 55 330
55 55 50 60 55 55 330
55 55 50 60 55 55 330
