0 63425 63425 61575 61575
100 63425 63425 61575 61575
200 63475 63475 61525 61525
300 63475 63475 61525 61525
400 63525 63525 61475 61475
500 63525 63525 61475 61475
600 63525 63525 61475 61475
700 63575 63575 61425 61425
800 63575 63575 61425 61425
900 63575 63575 61425 61425
1000 63625 63625 61375 61375
1100 63625 63625 61375 61375
1200 63625 63625 61375 61375
1300 63625 63625 61375 61375
1400 63625 63625 61375 61375
1500 63675 63675 61325 61325
1600 63675 63675 61325 61325
1700 63675 63675 61325 61325
1800 63675 63675 61325 61325
1900 63675 63675 61325 61325
2000 63675 63675 61325 61325
2100 63675 63675 61325 61325
2200 63675 63675 61325 61325
2300 63675 63675 61325 61325
2400 63725 63725 61275 61275
2500 63725 63725 61275 61275
2600 63725 63725 61275 61275
2700 63725 63725 61275 61275
2800 63725 63725 61275 61275
2900 63725 63725 61275 61275
3000 63725 63725 61275 61275
3100 63725 63725 61275 61275
3200 63775 63775 61225 61225
3300 63775 63775 61225 61225
3400 63775 63775 61225 61225
3500 63775 63775 61225 61225
3600 63775 63775 61225 61225
3700 63775 63775 61225 61225
3800 63775 63775 61225 61225
3900 63775 63775 61225 61225
4000 63775 63775 61225 61225
4100 63825 63825 61175 61175
4200 63825 63825 61175 61175
4300 63825 63825 61175 61175
4400 63825 63825 61175 61175
4500 63825 63825 61175 61175
4600 63825 63825 61175 61175
4700 63825 63825 61175 61175
4800 63825 63825 61175 61175
4900 63825 63825 61175 61175
5000 63825 63825 61175 61175
5100 63825 63825 61175 61175
5200 63825 63825 61175 61175
5300 63825 63825 61175 61175
5400 63825 63825 61175 61175
5500 63875 63875 61125 61125
5600 63875 63875 61125 61125
5700 63875 63875 61125 61125
5800 63875 63875 61125 61125
5900 63875 63875 61125 61125
6000 63875 63875 61125 61125
6100 63875 63875 61125 61125
6200 63875 63875 61125 61125
6300 63875 63875 61125 61125
6400 63875 63875 61125 61125
6500 63875 63875 61125 61125
6600 63875 63875 61125 61125
6700 63925 63925 61075 61075
6800 63925 63925 61075 61075
6900 63925 63925 61075 61075
7000 63925 63925 61075 61075
7100 63925 63925 61075 61075
7200 63925 63925 61075 61075
7300 63925 63925 61075 61075
7400 63925 63925 61075 61075
7500 63925 63925 61075 61075
7600 63925 63925 61075 61075
7700 63925 63925 61075 61075
7800 63925 63925 61075 61075
7900 63925 63925 61075 61075
8000 63925 63925 61075 61075
8100 63925 63925 61075 61075
8200 63925 63925 61075 61075
8300 63925 63925 61075 61075
8400 63925 63925 61075 61075
8500 63925 63925 61075 61075
8600 63925 63925 61075 61075
8700 63925 63925 61075 61075
8800 63925 63925 61075 61075
8900 63925 63925 61075 61075
9000 63925 63925 61075 61075
9100 63925 63925 61075 61075
9200 63925 63925 61075 61075
9300 63925 63925 61075 61075
9400 63925 63925 61075 61075
9500 63925 63925 61075 61075
9600 63925 63925 61075 61075
9700 63925 63925 61075 61075
9800 63975 63975 61025 61025
9900 63975 63975 61025 61025
10000 63975 63975 61025 61025
