0 67050 62325 58475 62150
100 67025 62325 58475 62175
200 67000 62300 58475 62225
300 66975 62350 58500 62175
400 66925 62375 58550 62150
500 66950 62375 58550 62125
600 66925 62375 58525 62175
700 66925 62350 58500 62225
800 66925 62300 58525 62250
900 66875 62350 58550 62225
1000 66850 62350 58575 62225
1100 66875 62350 58575 62200
1200 66875 62325 58575 62225
1300 66850 62325 58600 62225
1400 66800 62300 58625 62275
1500 66775 62375 58600 62250
1600 66775 62350 58625 62250
1700 66750 62375 58600 62275
1800 66700 62375 58600 62325
1900 66725 62375 58525 62375
2000 66750 62425 58525 62300
2100 66725 62425 58525 62325
2200 66700 62425 58525 62350
2300 66700 62425 58550 62325
2400 66700 62400 58575 62325
2500 66675 62425 58575 62325
2600 66725 62400 58550 62325
2700 66675 62400 58525 62400
2800 66650 62400 58525 62425
2900 66650 62375 58550 62425
3000 66675 62375 58550 62400
3100 66650 62400 58600 62350
3200 66625 62350 58600 62425
3300 66625 62325 58600 62450
3400 66625 62325 58600 62450
3500 66600 62350 58625 62425
3600 66625 62375 58600 62400
3700 66600 62350 58600 62450
3800 66625 62325 58625 62425
3900 66625 62350 58625 62400
4000 66625 62325 58600 62450
4100 66600 62325 58600 62475
4200 66575 62325 58575 62525
4300 66550 62350 58575 62525
4400 66550 62325 58575 62550
4500 66525 62350 58600 62525
4600 66575 62350 58575 62500
4700 66575 62350 58600 62475
4800 66550 62300 58625 62525
4900 66525 62300 58625 62550
5000 66550 62275 58625 62550
5100 66525 62300 58625 62550
5200 66525 62275 58600 62600
5300 66525 62275 58600 62600
5400 66550 62275 58600 62575
5500 66525 62250 58625 62600
5600 66575 62275 58550 62600
5700 66575 62300 58525 62600
5800 66575 62325 58550 62550
5900 66575 62325 58550 62550
6000 66550 62350 58575 62525
6100 66475 62425 58550 62550
6200 66450 62425 58550 62575
6300 66450 62425 58550 62575
6400 66450 62400 58575 62575
6500 66450 62400 58600 62550
6600 66450 62400 58575 62575
6700 66450 62400 58600 62550
6800 66450 62375 58600 62575
6900 66450 62375 58600 62575
7000 66450 62375 58600 62575
7100 66425 62325 58625 62625
7200 66425 62300 58650 62625
7300 66400 62300 58625 62675
7400 66375 62325 58625 62675
7500 66375 62350 58625 62650
7600 66400 62375 58600 62625
7700 66350 62375 58625 62650
7800 66350 62375 58625 62650
7900 66375 62325 58625 62675
8000 66400 62350 58575 62675
8100 66400 62350 58575 62675
8200 66400 62350 58575 62675
8300 66375 62375 58575 62675
8400 66350 62375 58575 62700
8500 66325 62400 58550 62725
8600 66300 62425 58550 62725
8700 66350 62475 58500 62675
8800 66350 62425 58525 62700
8900 66350 62425 58525 62700
9000 66350 62450 58500 62700
9100 66350 62425 58525 62700
9200 66300 62475 58500 62725
9300 66300 62450 58525 62725
9400 66300 62425 58525 62750
9500 66325 62400 58500 62775
9600 66325 62325 58525 62825
9700 66325 62350 58525 62800
9800 66325 62350 58525 62800
9900 66250 62375 58550 62825
10000 66250 62375 58550 62825
10100 66250 62375 58550 62825
10200 66225 62375 58525 62875
10300 66250 62375 58500 62875
10400 66200 62425 58525 62850
10500 66200 62475 58525 62800
10600 66200 62450 58500 62850
10700 66225 62450 58475 62850
10800 66225 62450 58500 62825
10900 66250 62425 58525 62800
11000 66250 62425 58525 62800
11100 66225 62425 58525 62825
11200 66200 62425 58525 62850
11300 66200 62400 58550 62850
11400 66175 62400 58525 62900
11500 66150 62375 58550 62925
11600 66175 62375 58500 62950
11700 66200 62375 58475 62950
11800 66225 62350 58425 63000
11900 66225 62400 58400 62975
12000 66225 62400 58450 62925
12100 66225 62400 58450 62925
12200 66300 62425 58425 62850
12300 66300 62400 58425 62875
12400 66300 62400 58425 62875
12500 66275 62425 58425 62875
12600 66300 62400 58400 62900
12700 66325 62400 58375 62900
12800 66350 62375 58375 62900
12900 66350 62375 58375 62900
13000 66350 62375 58375 62900
13100 66400 62375 58325 62900
13200 66400 62350 58325 62925
13300 66400 62350 58300 62950
13400 66450 62325 58275 62950
13500 66525 62325 58175 62975
13600 66550 62375 58100 62975
13700 66525 62375 58100 63000
13800 66525 62375 58125 62975
13900 66525 62375 58125 62975
14000 66525 62375 58100 63000
14100 66525 62375 58100 63000
14200 66500 62400 58100 63000
14300 66500 62375 58100 63025
14400 66500 62375 58100 63025
14500 66500 62375 58125 63000
14600 66475 62400 58125 63000
14700 66450 62425 58125 63000
14800 66375 62425 58125 63075
14900 66375 62425 58150 63050
15000 66375 62400 58150 63075
15100 66375 62375 58175 63075
15200 66375 62400 58200 63025
15300 66375 62375 58225 63025
15400 66375 62350 58250 63025
15500 66375 62325 58250 63050
15600 66375 62325 58250 63050
15700 66375 62325 58225 63075
15800 66375 62300 58225 63100
15900 66350 62300 58225 63125
16000 66350 62275 58200 63175
16100 66350 62275 58200 63175
16200 66350 62300 58250 63100
16300 66350 62300 58225 63125
16400 66350 62325 58225 63100
16500 66350 62300 58275 63075
16600 66350 62300 58275 63075
16700 66350 62275 58275 63100
16800 66350 62325 58275 63050
16900 66350 62325 58275 63050
17000 66350 62300 58250 63100
17100 66325 62300 58250 63125
17200 66325 62300 58225 63150
17300 66325 62300 58225 63150
17400 66325 62325 58225 63125
17500 66300 62325 58225 63150
17600 66300 62325 58225 63150
17700 66325 62300 58225 63150
17800 66300 62300 58225 63175
17900 66300 62325 58200 63175
18000 66275 62375 58175 63175
18100 66275 62375 58175 63175
18200 66250 62375 58175 63200
18300 66250 62375 58175 63200
18400 66250 62425 58150 63175
18500 66250 62425 58175 63150
18600 66250 62400 58225 63125
18700 66250 62400 58225 63125
18800 66250 62375 58225 63150
18900 66275 62375 58200 63150
19000 66300 62375 58175 63150
19100 66300 62375 58150 63175
19200 66300 62400 58150 63150
19300 66250 62425 58150 63175
19400 66225 62425 58175 63175
19500 66200 62425 58175 63200
19600 66200 62425 58175 63200
19700 66200 62425 58175 63200
19800 66150 62475 58175 63200
19900 66150 62475 58175 63200
20000 66150 62475 58175 63200
20100 66150 62475 58175 63200
20200 66150 62475 58175 63200
20300 66150 62475 58175 63200
20400 66175 62425 58175 63225
20500 66175 62400 58225 63200
20600 66150 62425 58200 63225
20700 66150 62425 58200 63225
20800 66150 62425 58200 63225
20900 66150 62425 58200 63225
21000 66150 62450 58200 63200
21100 66150 62450 58200 63200
21200 66125 62450 58250 63175
21300 66125 62450 58225 63200
21400 66100 62475 58250 63175
21500 66075 62475 58250 63200
21600 66075 62475 58275 63175
21700 66075 62475 58275 63175
21800 66075 62425 58275 63225
21900 66100 62375 58300 63225
22000 66100 62375 58300 63225
22100 66100 62375 58325 63200
22200 66100 62375 58325 63200
22300 66125 62375 58300 63200
22400 66100 62400 58300 63200
22500 66100 62400 58325 63175
22600 66100 62400 58325 63175
22700 66050 62450 58325 63175
22800 66050 62450 58300 63200
22900 66050 62450 58300 63200
23000 66050 62425 58300 63225
23100 66050 62425 58325 63200
23200 66050 62425 58325 63200
23300 66050 62425 58325 63200
23400 66000 62450 58350 63200
23500 65975 62425 58400 63200
23600 65975 62425 58425 63175
23700 65975 62425 58425 63175
23800 65950 62450 58425 63175
23900 65925 62450 58425 63200
24000 65925 62450 58400 63225
24100 65925 62450 58400 63225
24200 65925 62450 58400 63225
24300 65975 62425 58375 63225
24400 65975 62425 58375 63225
24500 65975 62400 58375 63250
24600 65975 62400 58375 63250
24700 65950 62425 58375 63250
24800 65950 62450 58375 63225
24900 65950 62425 58400 63225
25000 65950 62400 58400 63250
25100 65950 62400 58400 63250
25200 65950 62425 58375 63250
25300 65950 62425 58375 63250
25400 65900 62400 58425 63275
25500 65900 62400 58450 63250
25600 65900 62375 58450 63275
25700 65925 62350 58450 63275
25800 65925 62350 58450 63275
25900 65925 62350 58400 63325
26000 65925 62350 58400 63325
26100 65925 62350 58400 63325
26200 65925 62350 58400 63325
26300 65925 62325 58400 63350
26400 65950 62300 58400 63350
26500 65950 62300 58400 63350
26600 65950 62300 58400 63350
26700 65950 62250 58400 63400
26800 65925 62275 58400 63400
26900 65900 62300 58400 63400
27000 65900 62275 58400 63425
27100 65900 62300 58375 63425
27200 65900 62275 58375 63450
27300 65875 62250 58375 63500
27400 65875 62225 58375 63525
27500 65850 62250 58400 63500
27600 65850 62250 58400 63500
27700 65850 62250 58400 63500
27800 65850 62275 58400 63475
27900 65875 62300 58400 63425
28000 65900 62300 58425 63375
28100 65925 62300 58400 63375
28200 65925 62300 58400 63375
28300 65925 62300 58400 63375
28400 65925 62300 58400 63375
28500 65875 62250 58450 63425
28600 65875 62250 58450 63425
28700 65875 62275 58425 63425
28800 65875 62250 58450 63425
28900 65850 62275 58450 63425
29000 65850 62300 58450 63400
29100 65825 62300 58425 63450
29200 65825 62300 58425 63450
29300 65825 62300 58425 63450
29400 65825 62300 58425 63450
29500 65825 62300 58425 63450
29600 65825 62300 58425 63450
29700 65825 62300 58425 63450
29800 65825 62275 58425 63475
29900 65825 62300 58425 63450
30000 65850 62300 58400 63450
30100 65850 62300 58400 63450
30200 65850 62300 58400 63450
30300 65850 62300 58425 63425
30400 65850 62300 58450 63400
30500 65850 62325 58450 63375
30600 65850 62325 58450 63375
30700 65800 62300 58475 63425
30800 65800 62350 58450 63400
30900 65800 62375 58425 63400
31000 65800 62350 58450 63400
31100 65800 62350 58450 63400
31200 65800 62350 58450 63400
31300 65800 62325 58425 63450
31400 65800 62325 58425 63450
31500 65800 62325 58425 63450
31600 65800 62325 58400 63475
31700 65800 62325 58425 63450
31800 65800 62325 58425 63450
31900 65800 62350 58400 63450
32000 65850 62350 58350 63450
32100 65850 62325 58375 63450
32200 65850 62325 58375 63450
32300 65800 62350 58350 63500
32400 65800 62350 58375 63475
32500 65825 62325 58350 63500
32600 65825 62325 58375 63475
32700 65825 62325 58350 63500
32800 65800 62325 58350 63525
32900 65800 62350 58325 63525
33000 65800 62350 58325 63525
33100 65800 62350 58325 63525
33200 65800 62350 58325 63525
33300 65800 62325 58350 63525
33400 65800 62325 58350 63525
33500 65800 62325 58350 63525
33600 65800 62325 58350 63525
33700 65800 62325 58375 63500
33800 65775 62325 58375 63525
33900 65750 62300 58400 63550
34000 65775 62300 58375 63550
34100 65750 62300 58375 63575
34200 65750 62300 58375 63575
34300 65750 62300 58375 63575
34400 65750 62300 58375 63575
34500 65750 62300 58375 63575
34600 65750 62300 58375 63575
34700 65750 62300 58375 63575
34800 65725 62300 58400 63575
34900 65725 62300 58400 63575
35000 65700 62350 58400 63550
35100 65675 62375 58400 63550
35200 65675 62375 58400 63550
35300 65675 62375 58400 63550
35400 65650 62350 58425 63575
35500 65650 62350 58425 63575
35600 65675 62350 58425 63550
35700 65675 62350 58425 63550
35800 65675 62325 58425 63575
35900 65675 62325 58425 63575
36000 65650 62350 58425 63575
36100 65675 62350 58400 63575
36200 65675 62350 58400 63575
36300 65675 62350 58375 63600
36400 65675 62325 58400 63600
36500 65675 62325 58400 63600
36600 65675 62325 58400 63600
36700 65675 62300 58425 63600
36800 65625 62300 58425 63650
36900 65625 62300 58425 63650
37000 65600 62375 58425 63600
37100 65600 62375 58425 63600
37200 65600 62375 58425 63600
37300 65600 62375 58425 63600
37400 65625 62375 58425 63575
37500 65625 62350 58450 63575
37600 65600 62375 58475 63550
37700 65625 62375 58500 63500
37800 65625 62375 58500 63500
37900 65625 62375 58500 63500
38000 65625 62350 58500 63525
38100 65625 62350 58500 63525
38200 65600 62375 58525 63500
38300 65625 62375 58500 63500
38400 65625 62375 58500 63500
38500 65600 62350 58525 63525
38600 65600 62325 58550 63525
38700 65575 62350 58550 63525
38800 65575 62350 58550 63525
38900 65575 62350 58550 63525
39000 65550 62350 58550 63550
39100 65550 62350 58550 63550
39200 65550 62350 58550 63550
39300 65550 62350 58550 63550
39400 65525 62350 58525 63600
39500 65525 62350 58500 63625
39600 65525 62325 58525 63625
39700 65525 62325 58525 63625
39800 65525 62325 58525 63625
39900 65525 62325 58550 63600
40000 65500 62350 58550 63600
40100 65500 62350 58550 63600
40200 65500 62350 58525 63625
40300 65500 62350 58525 63625
40400 65500 62375 58525 63600
40500 65500 62375 58525 63600
40600 65525 62375 58500 63600
40700 65525 62375 58500 63600
40800 65525 62375 58500 63600
40900 65525 62375 58500 63600
41000 65525 62375 58525 63575
41100 65525 62375 58525 63575
41200 65525 62375 58525 63575
41300 65500 62375 58525 63600
41400 65500 62400 58475 63625
41500 65475 62425 58475 63625
41600 65475 62400 58475 63650
41700 65475 62425 58475 63625
41800 65475 62425 58475 63625
41900 65475 62425 58500 63600
42000 65450 62425 58500 63625
42100 65450 62425 58500 63625
42200 65450 62425 58500 63625
42300 65450 62425 58500 63625
42400 65450 62425 58500 63625
42500 65475 62425 58500 63600
42600 65475 62400 58500 63625
42700 65475 62400 58475 63650
42800 65500 62400 58475 63625
42900 65500 62425 58475 63600
43000 65500 62425 58475 63600
43100 65500 62425 58475 63600
43200 65500 62425 58475 63600
43300 65500 62400 58500 63600
43400 65500 62400 58500 63600
43500 65500 62400 58500 63600
43600 65500 62375 58575 63550
43700 65500 62375 58575 63550
43800 65500 62375 58575 63550
43900 65475 62375 58575 63575
44000 65475 62400 58575 63550
44100 65475 62400 58575 63550
44200 65475 62425 58550 63550
44300 65475 62425 58575 63525
44400 65475 62425 58575 63525
44500 65475 62425 58575 63525
44600 65475 62425 58575 63525
44700 65475 62400 58575 63550
44800 65475 62375 58600 63550
44900 65450 62375 58600 63575
45000 65500 62375 58575 63550
45100 65500 62375 58575 63550
45200 65525 62350 58550 63575
45300 65525 62350 58550 63575
45400 65525 62350 58550 63575
45500 65525 62350 58550 63575
45600 65525 62350 58550 63575
45700 65525 62350 58575 63550
45800 65525 62350 58575 63550
45900 65525 62350 58575 63550
46000 65525 62350 58575 63550
46100 65525 62350 58600 63525
46200 65525 62350 58600 63525
46300 65525 62350 58600 63525
46400 65550 62350 58600 63500
46500 65550 62350 58600 63500
46600 65550 62375 58575 63500
46700 65500 62400 58575 63525
46800 65500 62375 58575 63550
46900 65500 62375 58575 63550
47000 65500 62375 58575 63550
47100 65525 62375 58575 63525
47200 65525 62400 58550 63525
47300 65525 62400 58550 63525
47400 65525 62400 58550 63525
47500 65550 62400 58525 63525
47600 65550 62425 58525 63500
47700 65550 62425 58525 63500
47800 65525 62425 58525 63525
47900 65525 62425 58525 63525
48000 65500 62400 58550 63550
48100 65500 62400 58550 63550
48200 65500 62400 58550 63550
48300 65500 62425 58525 63550
48400 65525 62425 58500 63550
48500 65525 62425 58500 63550
48600 65525 62425 58500 63550
48700 65525 62400 58500 63575
48800 65525 62375 58525 63575
48900 65525 62375 58525 63575
49000 65525 62375 58550 63550
49100 65525 62375 58550 63550
49200 65525 62350 58525 63600
49300 65525 62350 58525 63600
49400 65525 62350 58525 63600
49500 65525 62350 58525 63600
49600 65525 62350 58525 63600
49700 65525 62375 58500 63600
49800 65550 62375 58475 63600
49900 65550 62400 58450 63600
50000 65525 62400 58450 63625
50100 65525 62400 58450 63625
50200 65525 62425 58475 63575
50300 65525 62425 58500 63550
50400 65525 62425 58475 63575
50500 65525 62450 58450 63575
50600 65525 62475 58425 63575
50700 65525 62500 58425 63550
50800 65500 62525 58425 63550
50900 65500 62525 58425 63550
51000 65500 62525 58425 63550
51100 65500 62525 58425 63550
51200 65500 62525 58425 63550
51300 65500 62500 58425 63575
51400 65475 62500 58425 63600
51500 65475 62500 58425 63600
51600 65425 62500 58425 63650
51700 65425 62500 58425 63650
51800 65425 62500 58425 63650
51900 65425 62500 58425 63650
52000 65450 62500 58400 63650
52100 65450 62500 58375 63675
52200 65450 62475 58375 63700
52300 65450 62475 58375 63700
52400 65450 62475 58375 63700
52500 65450 62450 58375 63725
52600 65450 62425 58400 63725
52700 65450 62425 58400 63725
52800 65450 62425 58400 63725
52900 65450 62400 58425 63725
53000 65450 62400 58425 63725
53100 65450 62400 58425 63725
53200 65450 62375 58425 63750
53300 65450 62375 58425 63750
53400 65450 62375 58425 63750
53500 65450 62375 58450 63725
53600 65450 62375 58475 63700
53700 65425 62400 58475 63700
53800 65425 62400 58450 63725
53900 65425 62400 58450 63725
54000 65425 62400 58450 63725
54100 65450 62400 58425 63725
54200 65450 62400 58425 63725
54300 65425 62425 58425 63725
54400 65425 62425 58425 63725
54500 65425 62425 58425 63725
54600 65425 62425 58425 63725
54700 65425 62400 58450 63725
54800 65425 62400 58450 63725
54900 65425 62375 58425 63775
55000 65425 62375 58400 63800
55100 65400 62375 58400 63825
55200 65375 62350 58475 63800
55300 65375 62350 58450 63825
55400 65375 62350 58450 63825
55500 65375 62350 58475 63800
55600 65375 62350 58500 63775
55700 65325 62375 58500 63800
55800 65350 62375 58475 63800
55900 65350 62375 58475 63800
56000 65350 62400 58450 63800
56100 65350 62400 58450 63800
56200 65350 62425 58425 63800
56300 65325 62450 58425 63800
56400 65325 62425 58425 63825
56500 65325 62425 58425 63825
56600 65325 62425 58475 63775
56700 65325 62425 58475 63775
56800 65325 62425 58475 63775
56900 65300 62450 58475 63775
57000 65300 62450 58500 63750
57100 65300 62450 58500 63750
57200 65300 62450 58500 63750
57300 65275 62475 58500 63750
57400 65275 62475 58475 63775
57500 65275 62475 58475 63775
57600 65275 62475 58475 63775
57700 65300 62450 58450 63800
57800 65300 62450 58450 63800
57900 65300 62450 58450 63800
58000 65300 62450 58450 63800
58100 65300 62450 58450 63800
58200 65300 62450 58450 63800
58300 65300 62450 58450 63800
58400 65300 62450 58450 63800
58500 65300 62475 58450 63775
58600 65300 62450 58475 63775
58700 65275 62425 58475 63825
58800 65275 62425 58475 63825
58900 65275 62425 58475 63825
59000 65275 62425 58475 63825
59100 65275 62425 58475 63825
59200 65300 62425 58450 63825
59300 65325 62425 58450 63800
59400 65325 62425 58450 63800
59500 65325 62425 58450 63800
59600 65325 62425 58450 63800
59700 65325 62425 58475 63775
59800 65325 62425 58475 63775
59900 65325 62425 58475 63775
60000 65325 62425 58475 63775
60100 65325 62400 58475 63800
60200 65350 62400 58475 63775
60300 65325 62375 58475 63825
60400 65325 62375 58475 63825
60500 65350 62375 58450 63825
60600 65350 62400 58450 63800
60700 65350 62400 58475 63775
60800 65350 62375 58500 63775
60900 65350 62350 58500 63800
61000 65350 62350 58475 63825
61100 65350 62350 58475 63825
61200 65350 62350 58475 63825
61300 65350 62325 58475 63850
61400 65350 62325 58475 63850
61500 65350 62325 58475 63850
61600 65375 62300 58450 63875
61700 65375 62300 58450 63875
61800 65375 62275 58450 63900
61900 65375 62275 58450 63900
62000 65375 62225 58475 63925
62100 65375 62225 58475 63925
62200 65350 62225 58475 63950
62300 65350 62250 58475 63925
62400 65350 62250 58475 63925
62500 65375 62250 58425 63950
62600 65425 62225 58425 63925
62700 65425 62225 58425 63925
62800 65425 62225 58425 63925
62900 65425 62225 58425 63925
63000 65425 62225 58425 63925
63100 65425 62225 58425 63925
63200 65425 62225 58425 63925
63300 65450 62225 58400 63925
63400 65450 62225 58400 63925
63500 65450 62225 58425 63900
63600 65450 62225 58425 63900
63700 65450 62225 58425 63900
63800 65450 62225 58425 63900
63900 65475 62250 58400 63875
64000 65475 62250 58400 63875
64100 65475 62250 58400 63875
64200 65475 62250 58400 63875
64300 65500 62250 58375 63875
64400 65500 62250 58375 63875
64500 65500 62250 58375 63875
64600 65525 62250 58350 63875
64700 65525 62250 58350 63875
64800 65550 62250 58325 63875
64900 65600 62250 58250 63900
65000 65600 62250 58250 63900
65100 65600 62250 58250 63900
65200 65600 62275 58250 63875
65300 65600 62275 58250 63875
65400 65575 62275 58250 63900
65500 65575 62275 58250 63900
65600 65550 62300 58225 63925
65700 65550 62300 58225 63925
65800 65550 62300 58225 63925
65900 65550 62300 58225 63925
66000 65550 62300 58200 63950
66100 65550 62300 58200 63950
66200 65550 62300 58200 63950
66300 65550 62300 58200 63950
66400 65575 62325 58200 63900
66500 65575 62325 58200 63900
66600 65575 62325 58200 63900
66700 65575 62325 58225 63875
66800 65575 62325 58225 63875
66900 65575 62325 58225 63875
67000 65575 62350 58225 63850
67100 65575 62350 58250 63825
67200 65575 62350 58250 63825
67300 65575 62350 58250 63825
67400 65575 62350 58250 63825
67500 65575 62375 58250 63800
67600 65575 62375 58225 63825
67700 65575 62375 58225 63825
67800 65575 62375 58225 63825
67900 65600 62325 58225 63850
68000 65600 62325 58225 63850
68100 65600 62325 58225 63850
68200 65600 62325 58225 63850
68300 65625 62275 58225 63875
68400 65600 62250 58225 63925
68500 65600 62250 58225 63925
68600 65625 62250 58200 63925
68700 65625 62250 58200 63925
68800 65625 62250 58200 63925
68900 65625 62250 58225 63900
69000 65625 62250 58200 63925
69100 65625 62275 58175 63925
69200 65625 62275 58175 63925
69300 65625 62275 58200 63900
69400 65625 62250 58225 63900
69500 65600 62250 58225 63925
69600 65600 62250 58225 63925
69700 65575 62225 58225 63975
69800 65575 62225 58225 63975
69900 65575 62225 58200 64000
70000 65575 62225 58200 64000
70100 65575 62225 58200 64000
70200 65575 62225 58175 64025
70300 65575 62225 58175 64025
70400 65575 62225 58175 64025
70500 65575 62225 58175 64025
70600 65575 62225 58150 64050
70700 65575 62225 58150 64050
70800 65575 62225 58150 64050
70900 65575 62225 58150 64050
71000 65575 62225 58150 64050
71100 65575 62200 58175 64050
71200 65575 62200 58175 64050
71300 65575 62200 58225 64000
71400 65575 62200 58225 64000
71500 65575 62200 58225 64000
71600 65575 62200 58225 64000
71700 65575 62200 58225 64000
71800 65575 62200 58225 64000
71900 65575 62200 58225 64000
72000 65575 62200 58225 64000
72100 65575 62200 58225 64000
72200 65575 62200 58225 64000
72300 65550 62225 58225 64000
72400 65550 62225 58225 64000
72500 65550 62225 58250 63975
72600 65550 62225 58275 63950
72700 65550 62275 58250 63925
72800 65550 62275 58275 63900
72900 65550 62275 58275 63900
73000 65550 62275 58275 63900
73100 65550 62275 58275 63900
73200 65575 62275 58275 63875
73300 65600 62250 58275 63875
73400 65600 62250 58300 63850
73500 65600 62225 58350 63825
73600 65600 62225 58350 63825
73700 65575 62225 58350 63850
73800 65575 62225 58350 63850
73900 65575 62225 58350 63850
74000 65575 62225 58350 63850
74100 65600 62225 58350 63825
74200 65600 62200 58350 63850
74300 65600 62200 58350 63850
74400 65600 62200 58350 63850
74500 65600 62200 58350 63850
74600 65600 62200 58350 63850
74700 65600 62200 58350 63850
74800 65600 62200 58350 63850
74900 65600 62200 58350 63850
75000 65600 62200 58350 63850
75100 65575 62225 58350 63850
75200 65575 62225 58350 63850
75300 65550 62225 58350 63875
75400 65550 62225 58350 63875
75500 65550 62225 58350 63875
75600 65550 62225 58350 63875
75700 65550 62225 58350 63875
75800 65550 62225 58350 63875
75900 65550 62225 58350 63875
76000 65550 62225 58350 63875
76100 65550 62225 58350 63875
76200 65550 62250 58325 63875
76300 65550 62250 58325 63875
76400 65550 62250 58325 63875
76500 65550 62250 58325 63875
76600 65550 62250 58325 63875
76700 65550 62250 58325 63875
76800 65550 62250 58325 63875
76900 65550 62225 58350 63875
77000 65550 62225 58350 63875
77100 65525 62250 58350 63875
77200 65525 62250 58350 63875
77300 65525 62250 58350 63875
77400 65500 62250 58375 63875
77500 65500 62250 58375 63875
77600 65500 62250 58375 63875
77700 65500 62275 58375 63850
77800 65500 62275 58375 63850
77900 65500 62250 58400 63850
78000 65475 62275 58400 63850
78100 65475 62275 58400 63850
78200 65475 62275 58400 63850
78300 65475 62275 58400 63850
78400 65475 62275 58375 63875
78500 65475 62275 58375 63875
78600 65500 62275 58375 63850
78700 65500 62275 58375 63850
78800 65500 62275 58375 63850
78900 65500 62275 58375 63850
79000 65500 62275 58375 63850
79100 65500 62275 58375 63850
79200 65500 62275 58375 63850
79300 65500 62275 58375 63850
79400 65525 62250 58350 63875
79500 65525 62250 58350 63875
79600 65525 62275 58325 63875
79700 65525 62275 58325 63875
79800 65525 62275 58325 63875
79900 65525 62250 58350 63875
80000 65525 62250 58350 63875
80100 65525 62250 58350 63875
80200 65475 62300 58350 63875
80300 65475 62300 58350 63875
80400 65475 62300 58350 63875
80500 65475 62300 58350 63875
80600 65475 62300 58350 63875
80700 65475 62300 58325 63900
80800 65475 62300 58325 63900
80900 65475 62300 58325 63900
81000 65475 62300 58325 63900
81100 65475 62300 58325 63900
81200 65475 62300 58325 63900
81300 65475 62300 58325 63900
81400 65475 62300 58325 63900
81500 65475 62300 58325 63900
81600 65475 62300 58325 63900
81700 65475 62300 58325 63900
81800 65475 62300 58350 63875
81900 65450 62325 58350 63875
82000 65450 62325 58350 63875
82100 65450 62325 58350 63875
82200 65425 62350 58350 63875
82300 65425 62375 58350 63850
82400 65425 62375 58350 63850
82500 65425 62375 58350 63850
82600 65425 62375 58375 63825
82700 65400 62375 58375 63850
82800 65400 62375 58375 63850
82900 65400 62375 58375 63850
83000 65375 62400 58375 63850
83100 65375 62400 58375 63850
83200 65350 62425 58375 63850
83300 65375 62400 58375 63850
83400 65375 62425 58325 63875
83500 65350 62450 58300 63900
83600 65350 62475 58275 63900
83700 65350 62475 58275 63900
83800 65350 62475 58275 63900
83900 65350 62475 58275 63900
84000 65350 62475 58275 63900
84100 65350 62475 58275 63900
84200 65350 62475 58275 63900
84300 65350 62475 58275 63900
84400 65350 62450 58275 63925
84500 65350 62450 58275 63925
84600 65350 62450 58275 63925
84700 65325 62450 58275 63950
84800 65325 62450 58275 63950
84900 65325 62450 58275 63950
85000 65325 62450 58275 63950
85100 65325 62425 58300 63950
85200 65325 62425 58300 63950
85300 65325 62425 58300 63950
85400 65325 62425 58300 63950
85500 65325 62425 58300 63950
85600 65325 62425 58300 63950
85700 65325 62425 58325 63925
85800 65325 62425 58300 63950
85900 65325 62425 58300 63950
86000 65325 62425 58300 63950
86100 65325 62425 58300 63950
86200 65325 62425 58300 63950
86300 65325 62425 58300 63950
86400 65325 62425 58300 63950
86500 65325 62425 58275 63975
86600 65325 62450 58275 63950
86700 65325 62450 58275 63950
86800 65325 62450 58275 63950
86900 65325 62450 58275 63950
87000 65325 62450 58275 63950
87100 65325 62450 58275 63950
87200 65325 62450 58275 63950
87300 65325 62450 58275 63950
87400 65325 62450 58275 63950
87500 65325 62450 58275 63950
87600 65325 62450 58250 63975
87700 65350 62450 58250 63950
87800 65350 62450 58250 63950
87900 65350 62450 58250 63950
88000 65350 62450 58250 63950
88100 65350 62450 58250 63950
88200 65350 62475 58225 63950
88300 65350 62475 58225 63950
88400 65375 62450 58200 63975
88500 65375 62450 58200 63975
88600 65375 62450 58200 63975
88700 65375 62450 58200 63975
88800 65400 62450 58150 64000
88900 65400 62450 58175 63975
89000 65400 62450 58175 63975
89100 65400 62450 58175 63975
89200 65400 62450 58150 64000
89300 65400 62425 58125 64050
89400 65400 62425 58125 64050
89500 65400 62425 58125 64050
89600 65400 62425 58125 64050
89700 65400 62425 58125 64050
89800 65400 62425 58125 64050
89900 65400 62425 58125 64050
90000 65400 62425 58125 64050
90100 65400 62425 58125 64050
90200 65400 62425 58125 64050
90300 65400 62425 58125 64050
90400 65400 62425 58125 64050
90500 65400 62450 58125 64025
90600 65400 62475 58100 64025
90700 65425 62450 58100 64025
90800 65425 62450 58125 64000
90900 65425 62450 58125 64000
91000 65425 62450 58125 64000
91100 65425 62450 58125 64000
91200 65425 62450 58125 64000
91300 65425 62450 58125 64000
91400 65425 62425 58150 64000
91500 65425 62425 58150 64000
91600 65425 62425 58175 63975
91700 65425 62425 58175 63975
91800 65425 62425 58175 63975
91900 65425 62400 58200 63975
92000 65425 62400 58200 63975
92100 65425 62400 58200 63975
92200 65425 62400 58200 63975
92300 65425 62400 58200 63975
92400 65400 62400 58200 64000
92500 65400 62400 58200 64000
92600 65400 62400 58200 64000
92700 65400 62400 58200 64000
92800 65400 62400 58200 64000
92900 65400 62400 58200 64000
93000 65400 62400 58200 64000
93100 65400 62400 58200 64000
93200 65400 62400 58200 64000
93300 65375 62400 58200 64025
93400 65375 62400 58200 64025
93500 65400 62400 58200 64000
93600 65400 62400 58225 63975
93700 65400 62400 58225 63975
93800 65400 62400 58225 63975
93900 65400 62425 58225 63950
94000 65400 62425 58225 63950
94100 65400 62425 58225 63950
94200 65400 62425 58225 63950
94300 65400 62425 58225 63950
94400 65400 62400 58225 63975
94500 65400 62400 58225 63975
94600 65400 62400 58225 63975
94700 65400 62400 58225 63975
94800 65400 62400 58225 63975
94900 65400 62400 58225 63975
95000 65400 62400 58225 63975
95100 65400 62400 58275 63925
95200 65400 62425 58250 63925
95300 65400 62425 58250 63925
95400 65400 62425 58250 63925
95500 65400 62425 58250 63925
95600 65400 62425 58250 63925
95700 65400 62425 58275 63900
95800 65400 62425 58275 63900
95900 65400 62425 58275 63900
96000 65400 62425 58300 63875
96100 65400 62425 58300 63875
96200 65400 62425 58325 63850
96300 65400 62425 58325 63850
96400 65400 62425 58325 63850
96500 65425 62400 58325 63850
96600 65425 62400 58325 63850
96700 65425 62400 58325 63850
96800 65425 62400 58325 63850
96900 65425 62425 58325 63825
97000 65425 62425 58325 63825
97100 65425 62425 58325 63825
97200 65425 62425 58325 63825
97300 65425 62425 58325 63825
97400 65425 62425 58325 63825
97500 65425 62425 58325 63825
97600 65425 62425 58350 63800
97700 65425 62425 58350 63800
97800 65425 62425 58350 63800
97900 65425 62425 58350 63800
98000 65425 62425 58350 63800
98100 65425 62425 58350 63800
98200 65425 62425 58350 63800
98300 65425 62450 58325 63800
98400 65425 62450 58325 63800
98500 65425 62450 58325 63800
98600 65425 62450 58325 63800
98700 65425 62450 58325 63800
98800 65425 62450 58325 63800
98900 65425 62450 58325 63800
99000 65450 62450 58300 63800
99100 65450 62450 58300 63800
99200 65450 62450 58300 63800
99300 65450 62450 58275 63825
99400 65450 62475 58275 63800
99500 65450 62450 58275 63825
99600 65450 62450 58275 63825
99700 65450 62450 58275 63825
99800 65450 62450 58275 63825
99900 65450 62450 58275 63825
100000 65450 62450 58275 63825
