0 64750 59575 59975 65700
100 64750 59575 59975 65700
200 64750 59600 59925 65725
300 64750 59625 59900 65725
400 64725 59675 59850 65750
500 64750 59650 59850 65750
600 64750 59650 59825 65775
700 64750 59650 59825 65775
800 64800 59625 59800 65775
900 64800 59625 59825 65750
1000 64775 59625 59825 65775
1100 64800 59600 59825 65775
1200 64825 59600 59800 65775
1300 64825 59600 59800 65775
1400 64850 59600 59750 65800
1500 64850 59600 59750 65800
1600 64850 59600 59750 65800
1700 64850 59600 59775 65775
1800 64850 59600 59775 65775
1900 64825 59625 59800 65750
2000 64825 59625 59800 65750
2100 64800 59650 59800 65750
2200 64850 59650 59775 65725
2300 64850 59675 59750 65725
2400 64875 59675 59775 65675
2500 64875 59675 59775 65675
2600 64875 59700 59775 65650
2700 64875 59700 59775 65650
2800 64850 59725 59800 65625
2900 64850 59700 59800 65650
3000 64825 59750 59775 65650
3100 64875 59750 59725 65650
3200 64875 59750 59725 65650
3300 64875 59725 59750 65650
3400 64850 59750 59750 65650
3500 64850 59725 59750 65675
3600 64825 59750 59725 65700
3700 64825 59725 59750 65700
3800 64850 59700 59750 65700
3900 64875 59700 59750 65675
4000 64875 59725 59750 65650
4100 64875 59725 59750 65650
4200 64875 59725 59750 65650
4300 64875 59675 59775 65675
4400 64875 59675 59775 65675
4500 64900 59675 59750 65675
4600 64900 59675 59750 65675
4700 64925 59675 59725 65675
4800 64925 59675 59725 65675
4900 64950 59625 59775 65650
5000 64950 59650 59750 65650
5100 64975 59650 59725 65650
5200 65000 59650 59725 65625
5300 65000 59650 59725 65625
5400 65025 59650 59700 65625
5500 65025 59650 59700 65625
5600 65025 59650 59700 65625
5700 65050 59650 59675 65625
5800 65050 59625 59700 65625
5900 65025 59675 59675 65625
6000 65025 59675 59675 65625
6100 65050 59675 59650 65625
6200 65050 59675 59650 65625
6300 65075 59675 59625 65625
6400 65075 59700 59650 65575
6500 65075 59725 59625 65575
6600 65075 59725 59625 65575
6700 65100 59725 59600 65575
6800 65125 59725 59575 65575
6900 65125 59725 59550 65600
7000 65125 59725 59550 65600
7100 65125 59725 59550 65600
7200 65150 59725 59525 65600
7300 65175 59725 59500 65600
7400 65175 59700 59500 65625
7500 65175 59675 59500 65650
7600 65175 59700 59475 65650
7700 65225 59700 59425 65650
7800 65200 59725 59450 65625
7900 65200 59700 59475 65625
8000 65225 59700 59450 65625
8100 65200 59700 59450 65650
8200 65225 59725 59400 65650
8300 65225 59725 59400 65650
8400 65250 59725 59350 65675
8500 65250 59725 59350 65675
8600 65275 59750 59325 65650
8700 65300 59750 59300 65650
8800 65300 59750 59300 65650
8900 65300 59750 59250 65700
9000 65325 59750 59225 65700
9100 65325 59750 59225 65700
9200 65375 59725 59175 65725
9300 65350 59750 59200 65700
9400 65375 59750 59175 65700
9500 65400 59750 59150 65700
9600 65400 59775 59125 65700
9700 65400 59775 59150 65675
9800 65450 59775 59125 65650
9900 65475 59775 59100 65650
10000 65550 59750 59050 65650
10100 65550 59750 59050 65650
10200 65600 59750 59000 65650
10300 65600 59775 58975 65650
10400 65650 59775 58925 65650
10500 65725 59725 58875 65675
10600 65750 59750 58825 65675
10700 65775 59775 58775 65675
10800 65750 59800 58750 65700
10900 65775 59800 58725 65700
11000 65825 59725 58700 65750
11100 65875 59725 58675 65725
11200 65925 59725 58650 65700
11300 65975 59725 58600 65700
11400 66025 59700 58550 65725
11500 66075 59675 58500 65750
11600 66075 59675 58500 65750
11700 66075 59675 58525 65725
11800 66075 59650 58525 65750
11900 66075 59650 58525 65750
12000 66075 59650 58525 65750
12100 66075 59650 58525 65750
12200 66075 59650 58525 65750
12300 66075 59650 58525 65750
12400 66050 59650 58500 65800
12500 66050 59650 58500 65800
12600 66050 59650 58500 65800
12700 66050 59650 58500 65800
12800 66025 59675 58475 65825
12900 66025 59675 58475 65825
13000 66025 59650 58475 65850
13100 66025 59650 58475 65850
13200 66025 59650 58475 65850
13300 66050 59650 58475 65825
13400 66050 59650 58500 65800
13500 66075 59600 58500 65825
13600 66075 59600 58500 65825
13700 66075 59600 58500 65825
13800 66075 59600 58525 65800
13900 66075 59600 58500 65825
14000 66075 59600 58500 65825
14100 66075 59575 58525 65825
14200 66125 59550 58525 65800
14300 66125 59550 58525 65800
14400 66125 59550 58525 65800
14500 66125 59550 58525 65800
14600 66125 59550 58500 65825
14700 66150 59550 58500 65800
14800 66150 59550 58500 65800
14900 66150 59575 58475 65800
15000 66150 59575 58475 65800
15100 66150 59575 58475 65800
15200 66150 59575 58475 65800
15300 66150 59575 58475 65800
15400 66150 59575 58475 65800
15500 66150 59600 58475 65775
15600 66150 59600 58475 65775
15700 66150 59600 58475 65775
15800 66150 59600 58475 65775
15900 66150 59600 58500 65750
16000 66150 59600 58500 65750
16100 66150 59600 58500 65750
16200 66150 59600 58500 65750
16300 66175 59600 58525 65700
16400 66175 59600 58525 65700
16500 66175 59600 58525 65700
16600 66175 59600 58525 65700
16700 66175 59600 58525 65700
16800 66175 59650 58475 65700
16900 66150 59675 58475 65700
17000 66150 59675 58475 65700
17100 66125 59675 58475 65725
17200 66125 59700 58450 65725
17300 66125 59700 58475 65700
17400 66125 59700 58475 65700
17500 66125 59700 58475 65700
17600 66125 59700 58475 65700
17700 66125 59700 58475 65700
17800 66125 59700 58475 65700
17900 66125 59700 58475 65700
18000 66125 59675 58500 65700
18100 66125 59675 58500 65700
18200 66125 59675 58500 65700
18300 66125 59675 58500 65700
18400 66125 59675 58500 65700
18500 66125 59675 58500 65700
18600 66150 59650 58500 65700
18700 66175 59650 58500 65675
18800 66175 59650 58500 65675
18900 66150 59675 58500 65675
19000 66175 59675 58500 65650
19100 66175 59675 58500 65650
19200 66175 59675 58500 65650
19300 66175 59675 58500 65650
19400 66175 59675 58500 65650
19500 66175 59675 58475 65675
19600 66175 59675 58500 65650
19700 66175 59675 58500 65650
19800 66175 59675 58500 65650
19900 66175 59675 58500 65650
20000 66175 59650 58500 65675
20100 66175 59650 58500 65675
20200 66175 59650 58500 65675
20300 66175 59650 58500 65675
20400 66175 59650 58500 65675
20500 66175 59650 58500 65675
20600 66175 59650 58500 65675
20700 66175 59650 58500 65675
20800 66150 59675 58500 65675
20900 66150 59675 58500 65675
21000 66150 59675 58500 65675
21100 66150 59675 58500 65675
21200 66150 59675 58500 65675
21300 66150 59675 58500 65675
21400 66150 59675 58500 65675
21500 66125 59700 58500 65675
21600 66125 59700 58500 65675
21700 66125 59700 58525 65650
21800 66125 59700 58525 65650
21900 66125 59700 58550 65625
22000 66125 59700 58550 65625
22100 66125 59700 58550 65625
22200 66125 59700 58550 65625
22300 66125 59700 58550 65625
22400 66125 59675 58550 65650
22500 66125 59675 58550 65650
22600 66125 59675 58550 65650
22700 66125 59675 58550 65650
22800 66125 59675 58550 65650
22900 66125 59675 58550 65650
23000 66125 59675 58550 65650
23100 66125 59675 58550 65650
23200 66125 59675 58550 65650
23300 66125 59675 58550 65650
23400 66100 59675 58550 65675
23500 66125 59675 58575 65625
23600 66100 59700 58575 65625
23700 66100 59700 58575 65625
23800 66100 59700 58575 65625
23900 66100 59700 58575 65625
24000 66100 59700 58575 65625
24100 66100 59700 58550 65650
24200 66100 59700 58550 65650
24300 66100 59700 58550 65650
24400 66075 59725 58550 65650
24500 66075 59725 58550 65650
24600 66075 59700 58575 65650
24700 66075 59700 58575 65650
24800 66075 59700 58575 65650
24900 66075 59700 58575 65650
25000 66075 59700 58575 65650
25100 66075 59700 58575 65650
25200 66075 59700 58550 65675
25300 66050 59725 58550 65675
25400 66050 59725 58550 65675
25500 66050 59725 58550 65675
25600 66050 59725 58550 65675
25700 66050 59725 58550 65675
25800 66050 59725 58550 65675
25900 66050 59725 58550 65675
26000 66050 59725 58550 65675
26100 66050 59725 58550 65675
26200 66050 59725 58550 65675
26300 66050 59750 58550 65650
26400 66050 59750 58550 65650
26500 66025 59750 58550 65675
26600 66025 59725 58550 65700
26700 66025 59725 58550 65700
26800 66025 59725 58550 65700
26900 66025 59725 58550 65700
27000 66025 59725 58550 65700
27100 65975 59775 58550 65700
27200 65975 59775 58550 65700
27300 65975 59775 58575 65675
27400 65975 59775 58575 65675
27500 65975 59775 58600 65650
27600 65975 59775 58600 65650
27700 65975 59775 58600 65650
27800 65950 59800 58600 65650
27900 65950 59800 58600 65650
28000 65950 59800 58600 65650
28100 65950 59800 58600 65650
28200 65950 59800 58600 65650
28300 65950 59800 58600 65650
28400 65950 59800 58600 65650
28500 65950 59800 58600 65650
28600 65950 59800 58600 65650
28700 65950 59800 58600 65650
28800 65950 59800 58600 65650
28900 65950 59800 58600 65650
29000 65950 59800 58600 65650
29100 65950 59800 58600 65650
29200 65950 59800 58625 65625
29300 65950 59800 58625 65625
29400 65950 59800 58625 65625
29500 65925 59800 58625 65650
29600 65925 59800 58625 65650
29700 65925 59800 58625 65650
29800 65925 59800 58625 65650
29900 65925 59800 58625 65650
30000 65925 59800 58625 65650
30100 65925 59800 58625 65650
30200 65925 59800 58625 65650
30300 65925 59800 58625 65650
30400 65925 59800 58625 65650
30500 65925 59800 58625 65650
30600 65925 59800 58625 65650
30700 65925 59800 58625 65650
30800 65925 59775 58625 65675
30900 65925 59775 58625 65675
31000 65925 59775 58650 65650
31100 65925 59775 58650 65650
31200 65925 59775 58650 65650
31300 65925 59775 58650 65650
31400 65925 59775 58650 65650
31500 65925 59775 58650 65650
31600 65925 59775 58650 65650
31700 65950 59775 58650 65625
31800 65950 59775 58650 65625
31900 65950 59775 58650 65625
32000 65950 59775 58650 65625
32100 65950 59775 58650 65625
32200 65950 59775 58650 65625
32300 65950 59775 58650 65625
32400 65950 59775 58650 65625
32500 65925 59800 58650 65625
32600 65925 59800 58650 65625
32700 65925 59800 58650 65625
32800 65950 59775 58650 65625
32900 65950 59775 58650 65625
33000 65950 59775 58650 65625
33100 65950 59775 58650 65625
33200 65950 59775 58675 65600
33300 65950 59775 58675 65600
33400 65950 59775 58675 65600
33500 65950 59800 58650 65600
33600 65950 59825 58650 65575
33700 65950 59825 58650 65575
33800 65950 59825 58650 65575
33900 65950 59825 58650 65575
34000 65950 59825 58650 65575
34100 65950 59825 58675 65550
34200 65950 59825 58675 65550
34300 65950 59825 58675 65550
34400 65950 59825 58675 65550
34500 65950 59825 58675 65550
34600 65975 59825 58675 65525
34700 65975 59825 58675 65525
34800 65975 59825 58675 65525
34900 65975 59800 58675 65550
35000 65975 59800 58675 65550
35100 65975 59800 58675 65550
35200 65975 59800 58675 65550
35300 65975 59800 58675 65550
35400 65975 59800 58675 65550
35500 65975 59800 58675 65550
35600 65975 59800 58675 65550
35700 65975 59800 58675 65550
35800 65975 59800 58675 65550
35900 65975 59800 58675 65550
36000 65975 59800 58675 65550
36100 65975 59800 58675 65550
36200 65975 59800 58675 65550
36300 65975 59800 58675 65550
36400 65975 59800 58675 65550
36500 65975 59800 58675 65550
36600 65975 59800 58700 65525
36700 65975 59850 58650 65525
36800 65950 59875 58625 65550
36900 65950 59875 58625 65550
37000 65950 59875 58625 65550
37100 65950 59875 58625 65550
37200 65925 59875 58625 65575
37300 65925 59875 58625 65575
37400 65925 59875 58625 65575
37500 65925 59875 58625 65575
37600 65925 59875 58625 65575
37700 65925 59875 58625 65575
37800 65925 59875 58650 65550
37900 65925 59875 58675 65525
38000 65925 59875 58675 65525
38100 65925 59875 58675 65525
38200 65925 59875 58675 65525
38300 65925 59875 58675 65525
38400 65925 59875 58675 65525
38500 65925 59875 58675 65525
38600 65925 59875 58675 65525
38700 65925 59900 58650 65525
38800 65925 59900 58650 65525
38900 65925 59900 58650 65525
39000 65925 59850 58675 65550
39100 65925 59850 58675 65550
39200 65925 59850 58700 65525
39300 65925 59850 58700 65525
39400 65925 59850 58700 65525
39500 65925 59850 58700 65525
39600 65925 59825 58725 65525
39700 65925 59825 58725 65525
39800 65925 59825 58725 65525
39900 65925 59825 58725 65525
40000 65925 59825 58725 65525
40100 65925 59825 58725 65525
40200 65925 59825 58725 65525
40300 65925 59825 58725 65525
40400 65925 59850 58700 65525
40500 65925 59850 58700 65525
40600 65925 59850 58700 65525
40700 65925 59850 58700 65525
40800 65900 59875 58700 65525
40900 65900 59900 58675 65525
41000 65900 59900 58675 65525
41100 65900 59900 58675 65525
41200 65900 59900 58675 65525
41300 65900 59900 58675 65525
41400 65900 59900 58675 65525
41500 65900 59900 58675 65525
41600 65900 59900 58675 65525
41700 65900 59925 58650 65525
41800 65900 59925 58650 65525
41900 65900 59925 58650 65525
42000 65900 59925 58650 65525
42100 65900 59925 58650 65525
42200 65900 59925 58650 65525
42300 65900 59925 58650 65525
42400 65900 59925 58650 65525
42500 65900 59975 58600 65525
42600 65900 59975 58600 65525
42700 65900 59975 58600 65525
42800 65900 59975 58600 65525
42900 65900 59975 58575 65550
43000 65900 59975 58575 65550
43100 65900 59975 58575 65550
43200 65925 59975 58575 65525
43300 65925 59975 58575 65525
43400 65925 59975 58575 65525
43500 65925 59975 58575 65525
43600 65925 59975 58575 65525
43700 65925 59975 58575 65525
43800 65925 59975 58575 65525
43900 65925 59975 58575 65525
44000 65925 59975 58575 65525
44100 65925 59950 58600 65525
44200 65925 59975 58600 65500
44300 65900 59975 58600 65525
44400 65900 59975 58600 65525
44500 65875 60000 58600 65525
44600 65900 59975 58600 65525
44700 65900 59975 58600 65525
44800 65900 59975 58600 65525
44900 65900 59975 58625 65500
45000 65900 59975 58625 65500
45100 65900 59975 58625 65500
45200 65900 59975 58625 65500
45300 65900 59975 58625 65500
45400 65875 60000 58625 65500
45500 65875 60000 58625 65500
45600 65875 60000 58625 65500
45700 65875 60000 58625 65500
45800 65875 60000 58625 65500
45900 65900 59975 58625 65500
46000 65900 59975 58625 65500
46100 65900 59975 58625 65500
46200 65900 59975 58625 65500
46300 65900 59950 58625 65525
46400 65900 59950 58625 65525
46500 65900 59925 58650 65525
46600 65900 59925 58650 65525
46700 65900 59925 58650 65525
46800 65900 59925 58650 65525
46900 65900 59925 58650 65525
47000 65900 59925 58650 65525
47100 65900 59925 58650 65525
47200 65900 59925 58650 65525
47300 65900 59925 58650 65525
47400 65900 59925 58650 65525
47500 65900 59925 58650 65525
47600 65900 59925 58650 65525
47700 65900 59925 58650 65525
47800 65900 59925 58650 65525
47900 65875 59950 58650 65525
48000 65875 59950 58650 65525
48100 65875 59975 58650 65500
48200 65875 59975 58650 65500
48300 65875 59975 58650 65500
48400 65875 59975 58650 65500
48500 65875 59975 58650 65500
48600 65875 59975 58650 65500
48700 65875 59975 58650 65500
48800 65875 59975 58625 65525
48900 65875 59975 58625 65525
49000 65875 59975 58625 65525
49100 65875 59975 58625 65525
49200 65875 59975 58625 65525
49300 65875 59975 58625 65525
49400 65875 59975 58625 65525
49500 65875 59975 58625 65525
49600 65875 59975 58625 65525
49700 65875 59975 58625 65525
49800 65875 59950 58625 65550
49900 65875 59950 58625 65550
50000 65875 59950 58625 65550
50100 65875 59950 58625 65550
50200 65875 59950 58625 65550
50300 65875 59950 58650 65525
50400 65875 59950 58650 65525
50500 65875 59950 58675 65500
50600 65875 59950 58675 65500
50700 65875 59950 58675 65500
50800 65875 59950 58675 65500
50900 65875 59950 58675 65500
51000 65875 59975 58675 65475
51100 65875 59975 58675 65475
51200 65875 59975 58675 65475
51300 65875 59975 58675 65475
51400 65875 59975 58675 65475
51500 65875 60000 58675 65450
51600 65850 60000 58675 65475
51700 65850 60000 58675 65475
51800 65850 60000 58675 65475
51900 65850 60000 58675 65475
52000 65850 60000 58675 65475
52100 65850 60000 58675 65475
52200 65850 60000 58675 65475
52300 65850 60000 58675 65475
52400 65850 60000 58675 65475
52500 65850 60000 58675 65475
52600 65850 59975 58675 65500
52700 65850 59975 58675 65500
52800 65850 59975 58675 65500
52900 65825 60000 58675 65500
53000 65825 60000 58675 65500
53100 65825 60000 58675 65500
53200 65825 59975 58675 65525
53300 65825 59975 58675 65525
53400 65825 59975 58675 65525
53500 65825 59975 58675 65525
53600 65825 59975 58675 65525
53700 65825 59975 58675 65525
53800 65800 60000 58675 65525
53900 65800 60000 58675 65525
54000 65800 60000 58675 65525
54100 65800 60000 58675 65525
54200 65800 60000 58675 65525
54300 65800 60000 58675 65525
54400 65800 60000 58675 65525
54500 65800 60025 58675 65500
54600 65800 60025 58675 65500
54700 65825 60025 58675 65475
54800 65825 60025 58675 65475
54900 65825 60025 58675 65475
55000 65825 60025 58675 65475
55100 65825 60000 58700 65475
55200 65825 60000 58700 65475
55300 65825 60000 58725 65450
55400 65825 60000 58725 65450
55500 65825 60000 58725 65450
55600 65825 60000 58725 65450
55700 65825 60000 58725 65450
55800 65825 60000 58725 65450
55900 65825 60000 58725 65450
56000 65825 60000 58725 65450
56100 65825 60000 58725 65450
56200 65825 60000 58725 65450
56300 65825 60000 58725 65450
56400 65800 60025 58725 65450
56500 65800 60025 58725 65450
56600 65800 60025 58725 65450
56700 65800 60025 58725 65450
56800 65800 60025 58725 65450
56900 65800 60025 58725 65450
57000 65800 60025 58725 65450
57100 65800 60025 58725 65450
57200 65800 60025 58725 65450
57300 65800 60000 58725 65475
57400 65800 60025 58725 65450
57500 65800 60025 58725 65450
57600 65800 60025 58725 65450
57700 65800 60025 58725 65450
57800 65800 60025 58725 65450
57900 65800 60025 58725 65450
58000 65800 60025 58725 65450
58100 65800 60025 58725 65450
58200 65800 60025 58725 65450
58300 65800 60000 58750 65450
58400 65800 60000 58750 65450
58500 65800 60000 58750 65450
58600 65825 60000 58750 65425
58700 65800 60025 58750 65425
58800 65800 60025 58750 65425
58900 65800 60025 58750 65425
59000 65800 60025 58750 65425
59100 65800 60025 58750 65425
59200 65800 60025 58750 65425
59300 65800 60000 58750 65450
59400 65800 60000 58750 65450
59500 65800 60000 58750 65450
59600 65800 59975 58750 65475
59700 65800 59975 58725 65500
59800 65775 60000 58725 65500
59900 65775 60000 58725 65500
60000 65775 60000 58725 65500
60100 65775 60000 58725 65500
60200 65775 60025 58725 65475
60300 65775 60025 58725 65475
60400 65775 60025 58725 65475
60500 65775 60025 58725 65475
60600 65775 60025 58725 65475
60700 65775 60025 58725 65475
60800 65750 60050 58725 65475
60900 65750 60025 58750 65475
61000 65750 60025 58750 65475
61100 65750 60000 58750 65500
61200 65750 60000 58750 65500
61300 65750 60000 58750 65500
61400 65750 60000 58750 65500
61500 65750 60000 58750 65500
61600 65750 60000 58750 65500
61700 65750 60000 58750 65500
61800 65750 60000 58750 65500
61900 65750 60000 58750 65500
62000 65775 59975 58750 65500
62100 65775 59975 58750 65500
62200 65775 59975 58750 65500
62300 65775 59975 58750 65500
62400 65775 59950 58775 65500
62500 65775 59950 58775 65500
62600 65775 59950 58775 65500
62700 65775 59950 58800 65475
62800 65775 59925 58800 65500
62900 65750 59925 58800 65525
63000 65725 59950 58800 65525
63100 65725 59950 58800 65525
63200 65725 59950 58800 65525
63300 65725 59950 58825 65500
63400 65725 59950 58825 65500
63500 65725 59950 58825 65500
63600 65725 59950 58825 65500
63700 65725 59950 58825 65500
63800 65725 59950 58825 65500
63900 65725 59950 58825 65500
64000 65725 59950 58825 65500
64100 65725 59950 58825 65500
64200 65725 59950 58825 65500
64300 65725 59925 58825 65525
64400 65725 59925 58850 65500
64500 65725 59925 58850 65500
64600 65725 59925 58850 65500
64700 65725 59925 58850 65500
64800 65725 59925 58850 65500
64900 65725 59925 58850 65500
65000 65725 59925 58850 65500
65100 65725 59925 58850 65500
65200 65725 59925 58850 65500
65300 65725 59925 58850 65500
65400 65725 59900 58850 65525
65500 65725 59900 58850 65525
65600 65725 59900 58850 65525
65700 65725 59900 58850 65525
65800 65725 59875 58850 65550
65900 65725 59875 58850 65550
66000 65725 59875 58850 65550
66100 65725 59875 58850 65550
66200 65725 59875 58850 65550
66300 65725 59875 58850 65550
66400 65700 59875 58850 65575
66500 65700 59875 58850 65575
66600 65675 59900 58850 65575
66700 65675 59900 58850 65575
66800 65675 59900 58850 65575
66900 65675 59900 58850 65575
67000 65675 59900 58850 65575
67100 65675 59900 58850 65575
67200 65675 59900 58850 65575
67300 65700 59900 58850 65550
67400 65725 59875 58850 65550
67500 65725 59875 58850 65550
67600 65725 59875 58850 65550
67700 65725 59875 58850 65550
67800 65725 59875 58850 65550
67900 65725 59875 58850 65550
68000 65725 59875 58850 65550
68100 65725 59875 58850 65550
68200 65725 59875 58850 65550
68300 65725 59875 58850 65550
68400 65725 59875 58850 65550
68500 65725 59875 58850 65550
68600 65725 59875 58850 65550
68700 65725 59875 58850 65550
68800 65725 59875 58850 65550
68900 65725 59875 58850 65550
69000 65725 59875 58825 65575
69100 65725 59875 58825 65575
69200 65725 59875 58825 65575
69300 65725 59875 58825 65575
69400 65725 59875 58825 65575
69500 65725 59875 58825 65575
69600 65725 59875 58825 65575
69700 65725 59875 58825 65575
69800 65725 59875 58825 65575
69900 65725 59875 58825 65575
70000 65725 59875 58825 65575
70100 65725 59875 58850 65550
70200 65725 59875 58850 65550
70300 65725 59875 58850 65550
70400 65725 59850 58850 65575
70500 65725 59850 58850 65575
70600 65725 59850 58850 65575
70700 65725 59850 58850 65575
70800 65725 59850 58850 65575
70900 65725 59850 58850 65575
71000 65725 59850 58850 65575
71100 65725 59850 58850 65575
71200 65725 59850 58850 65575
71300 65725 59850 58850 65575
71400 65725 59850 58875 65550
71500 65725 59850 58875 65550
71600 65725 59850 58875 65550
71700 65725 59850 58875 65550
71800 65725 59850 58875 65550
71900 65725 59850 58875 65550
72000 65725 59850 58875 65550
72100 65725 59850 58875 65550
72200 65725 59850 58875 65550
72300 65725 59850 58875 65550
72400 65750 59825 58875 65550
72500 65750 59825 58875 65550
72600 65750 59850 58850 65550
72700 65750 59850 58850 65550
72800 65750 59850 58850 65550
72900 65750 59850 58850 65550
73000 65750 59850 58850 65550
73100 65750 59850 58850 65550
73200 65750 59850 58850 65550
73300 65750 59850 58850 65550
73400 65750 59850 58850 65550
73500 65725 59875 58850 65550
73600 65725 59875 58850 65550
73700 65725 59875 58850 65550
73800 65725 59875 58850 65550
73900 65725 59875 58850 65550
74000 65725 59875 58850 65550
74100 65725 59875 58850 65550
74200 65725 59875 58850 65550
74300 65725 59875 58850 65550
74400 65725 59875 58850 65550
74500 65725 59875 58850 65550
74600 65725 59850 58850 65575
74700 65725 59850 58850 65575
74800 65725 59850 58850 65575
74900 65725 59850 58875 65550
75000 65725 59850 58875 65550
75100 65725 59850 58875 65550
75200 65725 59850 58875 65550
75300 65725 59850 58875 65550
75400 65725 59850 58875 65550
75500 65725 59850 58875 65550
75600 65725 59850 58875 65550
75700 65725 59850 58875 65550
75800 65725 59850 58850 65575
75900 65725 59850 58850 65575
76000 65725 59850 58850 65575
76100 65725 59850 58850 65575
76200 65725 59850 58850 65575
76300 65725 59850 58850 65575
76400 65725 59850 58850 65575
76500 65725 59850 58850 65575
76600 65725 59825 58875 65575
76700 65725 59825 58875 65575
76800 65725 59825 58875 65575
76900 65725 59825 58875 65575
77000 65725 59825 58875 65575
77100 65725 59825 58850 65600
77200 65725 59825 58850 65600
77300 65725 59825 58850 65600
77400 65725 59825 58850 65600
77500 65725 59825 58850 65600
77600 65725 59825 58850 65600
77700 65725 59825 58850 65600
77800 65750 59825 58850 65575
77900 65750 59825 58850 65575
78000 65750 59825 58850 65575
78100 65750 59825 58850 65575
78200 65750 59800 58850 65600
78300 65750 59800 58850 65600
78400 65750 59800 58850 65600
78500 65750 59800 58850 65600
78600 65750 59800 58850 65600
78700 65750 59800 58850 65600
78800 65750 59800 58850 65600
78900 65750 59800 58850 65600
79000 65750 59800 58850 65600
79100 65750 59800 58850 65600
79200 65750 59800 58850 65600
79300 65750 59800 58850 65600
79400 65750 59800 58850 65600
79500 65750 59800 58850 65600
79600 65750 59800 58875 65575
79700 65750 59800 58875 65575
79800 65750 59800 58875 65575
79900 65750 59800 58875 65575
80000 65750 59800 58875 65575
80100 65750 59800 58875 65575
80200 65750 59800 58875 65575
80300 65750 59775 58900 65575
80400 65750 59775 58900 65575
80500 65750 59775 58900 65575
80600 65725 59800 58900 65575
80700 65725 59800 58900 65575
80800 65725 59800 58900 65575
80900 65725 59800 58900 65575
81000 65700 59800 58900 65600
81100 65700 59800 58900 65600
81200 65700 59800 58900 65600
81300 65700 59775 58900 65625
81400 65700 59775 58900 65625
81500 65700 59775 58900 65625
81600 65700 59775 58900 65625
81700 65700 59775 58900 65625
81800 65700 59775 58900 65625
81900 65700 59775 58900 65625
82000 65700 59775 58900 65625
82100 65700 59775 58900 65625
82200 65700 59775 58900 65625
82300 65700 59775 58900 65625
82400 65700 59775 58900 65625
82500 65700 59775 58900 65625
82600 65700 59775 58900 65625
82700 65700 59775 58900 65625
82800 65700 59775 58900 65625
82900 65700 59775 58900 65625
83000 65700 59775 58900 65625
83100 65700 59775 58900 65625
83200 65700 59775 58900 65625
83300 65700 59775 58900 65625
83400 65700 59775 58900 65625
83500 65700 59775 58900 65625
83600 65700 59775 58900 65625
83700 65700 59775 58900 65625
83800 65700 59775 58900 65625
83900 65700 59750 58900 65650
84000 65725 59750 58900 65625
84100 65725 59750 58900 65625
84200 65725 59750 58900 65625
84300 65725 59750 58900 65625
84400 65725 59750 58900 65625
84500 65725 59750 58900 65625
84600 65725 59750 58900 65625
84700 65725 59750 58900 65625
84800 65725 59750 58900 65625
84900 65725 59750 58900 65625
85000 65725 59750 58900 65625
85100 65725 59750 58900 65625
85200 65725 59750 58900 65625
85300 65725 59750 58900 65625
85400 65725 59750 58900 65625
85500 65725 59750 58900 65625
85600 65725 59750 58875 65650
85700 65725 59750 58875 65650
85800 65725 59750 58875 65650
85900 65725 59750 58875 65650
86000 65725 59750 58875 65650
86100 65700 59750 58875 65675
86200 65700 59725 58875 65700
86300 65700 59725 58875 65700
86400 65675 59750 58875 65700
86500 65675 59750 58875 65700
86600 65700 59725 58875 65700
86700 65700 59725 58875 65700
86800 65700 59725 58875 65700
86900 65700 59725 58875 65700
87000 65700 59725 58875 65700
87100 65700 59725 58875 65700
87200 65700 59725 58875 65700
87300 65700 59725 58875 65700
87400 65700 59725 58875 65700
87500 65700 59750 58850 65700
87600 65700 59750 58850 65700
87700 65725 59750 58875 65650
87800 65725 59750 58875 65650
87900 65725 59750 58900 65625
88000 65725 59750 58900 65625
88100 65725 59725 58900 65650
88200 65700 59750 58900 65650
88300 65700 59750 58900 65650
88400 65700 59750 58900 65650
88500 65700 59750 58900 65650
88600 65700 59750 58900 65650
88700 65700 59750 58900 65650
88800 65700 59750 58925 65625
88900 65700 59750 58925 65625
89000 65700 59750 58925 65625
89100 65700 59750 58925 65625
89200 65700 59750 58925 65625
89300 65700 59750 58925 65625
89400 65725 59725 58925 65625
89500 65725 59725 58925 65625
89600 65725 59725 58925 65625
89700 65725 59725 58925 65625
89800 65725 59725 58925 65625
89900 65725 59700 58925 65650
90000 65725 59700 58925 65650
90100 65725 59700 58900 65675
90200 65725 59700 58900 65675
90300 65725 59700 58900 65675
90400 65725 59700 58900 65675
90500 65725 59700 58900 65675
90600 65725 59700 58900 65675
90700 65725 59700 58900 65675
90800 65725 59700 58900 65675
90900 65725 59700 58900 65675
91000 65725 59700 58900 65675
91100 65725 59700 58900 65675
91200 65725 59700 58900 65675
91300 65725 59700 58900 65675
91400 65725 59675 58900 65700
91500 65725 59675 58900 65700
91600 65725 59675 58900 65700
91700 65725 59675 58900 65700
91800 65725 59675 58900 65700
91900 65725 59675 58900 65700
92000 65725 59675 58900 65700
92100 65725 59675 58900 65700
92200 65725 59675 58900 65700
92300 65725 59675 58900 65700
92400 65725 59675 58900 65700
92500 65725 59675 58900 65700
92600 65725 59675 58900 65700
92700 65725 59675 58900 65700
92800 65725 59675 58900 65700
92900 65725 59650 58900 65725
93000 65725 59650 58900 65725
93100 65725 59650 58900 65725
93200 65725 59650 58900 65725
93300 65725 59650 58900 65725
93400 65725 59650 58900 65725
93500 65725 59650 58900 65725
93600 65725 59650 58900 65725
93700 65725 59650 58900 65725
93800 65725 59650 58900 65725
93900 65725 59650 58900 65725
94000 65725 59650 58900 65725
94100 65725 59650 58900 65725
94200 65725 59625 58900 65750
94300 65725 59625 58900 65750
94400 65725 59625 58900 65750
94500 65725 59625 58900 65750
94600 65725 59625 58900 65750
94700 65725 59625 58900 65750
94800 65725 59625 58900 65750
94900 65725 59625 58900 65750
95000 65725 59625 58900 65750
95100 65725 59625 58900 65750
95200 65725 59625 58900 65750
95300 65725 59625 58900 65750
95400 65750 59600 58900 65750
95500 65750 59575 58900 65775
95600 65750 59575 58900 65775
95700 65750 59575 58900 65775
95800 65750 59575 58900 65775
95900 65750 59575 58900 65775
96000 65750 59575 58900 65775
96100 65750 59575 58900 65775
96200 65750 59575 58900 65775
96300 65750 59575 58900 65775
96400 65725 59575 58900 65800
96500 65725 59550 58925 65800
96600 65725 59550 58925 65800
96700 65725 59550 58925 65800
96800 65700 59550 58975 65775
96900 65700 59550 58975 65775
97000 65700 59550 58975 65775
97100 65700 59550 58975 65775
97200 65700 59575 58950 65775
97300 65700 59575 58950 65775
97400 65700 59575 58950 65775
97500 65700 59575 58950 65775
97600 65700 59575 58950 65775
97700 65700 59575 58950 65775
97800 65700 59575 58950 65775
97900 65700 59575 58925 65800
98000 65700 59575 58925 65800
98100 65700 59575 58925 65800
98200 65700 59575 58925 65800
98300 65700 59575 58925 65800
98400 65675 59600 58925 65800
98500 65675 59600 58925 65800
98600 65675 59600 58925 65800
98700 65675 59600 58925 65800
98800 65675 59600 58925 65800
98900 65675 59600 58925 65800
99000 65675 59600 58925 65800
99100 65675 59600 58925 65800
99200 65675 59600 58925 65800
99300 65675 59600 58925 65800
99400 65675 59600 58925 65800
99500 65675 59600 58925 65800
99600 65675 59600 58925 65800
99700 65675 59600 58925 65800
99800 65675 59600 58925 65800
99900 65675 59600 58925 65800
100000 65675 59600 58925 65800
