0 67050 62325 58475 62150
100 67050 62350 58450 62150
200 67050 62325 58450 62175
300 67075 62300 58500 62125
400 67075 62300 58500 62125
500 67075 62325 58575 62025
600 67075 62350 58600 61975
700 67075 62375 58625 61925
800 67050 62375 58600 61975
900 67000 62425 58600 61975
1000 67000 62375 58650 61975
1100 67025 62400 58675 61900
1200 67025 62400 58700 61875
1300 67025 62375 58675 61925
1400 67000 62375 58700 61925
1500 67000 62375 58725 61900
1600 67000 62350 58725 61925
1700 67000 62375 58750 61875
1800 67000 62400 58775 61825
1900 67000 62400 58825 61775
2000 67025 62425 58775 61775
2100 67000 62450 58775 61775
2200 67000 62450 58725 61825
2300 67025 62400 58775 61800
2400 67025 62375 58800 61800
2500 67000 62375 58825 61800
2600 67025 62375 58825 61775
2700 67025 62425 58825 61725
2800 67025 62425 58900 61650
2900 67025 62400 58975 61600
3000 67025 62375 59025 61575
3100 67000 62350 59050 61600
3200 67025 62350 59025 61600
3300 67050 62300 59000 61650
3400 67075 62300 58975 61650
3500 67075 62300 59025 61600
3600 67075 62275 59050 61600
3700 67075 62300 59050 61575
3800 67025 62325 59125 61525
3900 67025 62325 59150 61500
4000 67000 62375 59175 61450
4100 67025 62325 59200 61450
4200 67025 62325 59225 61425
4300 67025 62275 59225 61475
4400 67025 62275 59225 61475
4500 67025 62250 59275 61450
4600 67050 62300 59225 61425
4700 67025 62300 59225 61450
4800 67050 62350 59250 61350
4900 67050 62375 59275 61300
5000 67050 62375 59300 61275
5100 67075 62325 59325 61275
5200 67075 62325 59325 61275
5300 67050 62325 59375 61250
5400 67025 62300 59375 61300
5500 67050 62325 59375 61250
5600 67025 62325 59450 61200
5700 67025 62300 59475 61200
5800 67000 62300 59500 61200
5900 67000 62275 59500 61225
6000 66975 62300 59525 61200
6100 66975 62300 59525 61200
6200 67000 62250 59500 61250
6300 67000 62250 59500 61250
6400 67000 62275 59500 61225
6500 67000 62300 59525 61175
6600 67000 62300 59525 61175
6700 67025 62275 59550 61150
6800 67025 62275 59550 61150
6900 67000 62250 59575 61175
7000 67000 62250 59600 61150
7100 67025 62225 59575 61175
7200 67000 62275 59650 61075
7300 67025 62250 59650 61075
7400 67025 62250 59700 61025
7500 67025 62250 59775 60950
7600 67025 62250 59750 60975
7700 67025 62250 59725 61000
7800 67050 62275 59700 60975
7900 67025 62275 59725 60975
8000 67050 62250 59725 60975
8100 67025 62275 59725 60975
8200 67050 62300 59725 60925
8300 67050 62275 59750 60925
8400 67075 62275 59750 60900
8500 67100 62300 59725 60875
8600 67100 62300 59775 60825
8700 67100 62300 59800 60800
8800 67100 62325 59800 60775
8900 67100 62350 59825 60725
9000 67100 62325 59850 60725
9100 67100 62325 59850 60725
9200 67075 62300 59850 60775
9300 67050 62350 59850 60750
9400 67025 62350 59825 60800
9500 67050 62350 59850 60750
9600 67075 62325 59850 60750
9700 67100 62325 59825 60750
9800 67100 62350 59850 60700
9900 67075 62350 59900 60675
10000 67075 62350 59975 60600
10100 67075 62350 59975 60600
10200 67075 62375 59975 60575
10300 67075 62375 59975 60575
10400 67075 62375 59975 60575
10500 67075 62375 59975 60575
10600 67100 62350 59975 60575
10700 67100 62350 59975 60575
10800 67075 62375 59925 60625
10900 67075 62400 59900 60625
11000 67050 62425 59925 60600
11100 67025 62425 59925 60625
11200 67000 62450 59925 60625
11300 67000 62400 59925 60675
11400 67050 62400 59900 60650
11500 67050 62425 59900 60625
11600 67050 62425 59900 60625
11700 67025 62475 59900 60600
11800 67000 62475 59925 60600
11900 67000 62450 59975 60575
12000 67025 62450 59950 60575
12100 67050 62450 59925 60575
12200 67050 62450 59950 60550
12300 67050 62450 59950 60550
12400 67050 62425 59950 60575
12500 67100 62400 59950 60550
12600 67125 62425 59950 60500
12700 67150 62400 59975 60475
12800 67150 62400 59950 60500
12900 67175 62400 59925 60500
13000 67200 62400 59925 60475
13100 67250 62425 59900 60425
13200 67250 62425 60000 60325
13300 67250 62400 60000 60350
13400 67225 62400 60000 60375
13500 67225 62425 60000 60350
13600 67250 62425 59975 60350
13700 67250 62425 59975 60350
13800 67250 62450 59975 60325
13900 67250 62450 59975 60325
14000 67225 62450 59975 60350
14100 67225 62450 59975 60350
14200 67225 62450 59975 60350
14300 67225 62475 60000 60300
14400 67250 62475 60000 60275
14500 67250 62475 60000 60275
14600 67250 62475 60000 60275
14700 67275 62475 59975 60275
14800 67275 62475 60025 60225
14900 67275 62450 60050 60225
15000 67275 62350 60050 60325
15100 67275 62400 60050 60275
15200 67275 62400 60050 60275
15300 67250 62375 60075 60300
15400 67250 62375 60075 60300
15500 67275 62375 60050 60300
15600 67300 62375 60050 60275
15700 67300 62375 60075 60250
15800 67325 62350 60050 60275
15900 67325 62325 60075 60275
16000 67350 62325 60075 60250
16100 67350 62325 60075 60250
16200 67350 62350 60075 60225
16300 67350 62350 60100 60200
16400 67350 62350 60125 60175
16500 67350 62350 60150 60150
16600 67350 62325 60150 60175
16700 67350 62325 60150 60175
16800 67375 62325 60125 60175
16900 67400 62300 60150 60150
17000 67400 62250 60175 60175
17100 67400 62250 60200 60150
17200 67375 62250 60225 60150
17300 67350 62300 60200 60150
17400 67350 62300 60200 60150
17500 67350 62325 60225 60100
17600 67350 62325 60200 60125
17700 67350 62300 60225 60125
17800 67350 62300 60250 60100
17900 67350 62325 60275 60050
18000 67350 62275 60250 60125
18100 67325 62300 60250 60125
18200 67350 62300 60250 60100
18300 67350 62300 60250 60100
18400 67350 62300 60300 60050
18500 67325 62300 60325 60050
18600 67325 62300 60325 60050
18700 67325 62300 60300 60075
18800 67325 62300 60300 60075
18900 67275 62275 60325 60125
19000 67250 62275 60325 60150
19100 67250 62275 60300 60175
19200 67250 62300 60300 60150
19300 67225 62325 60300 60150
19400 67250 62300 60300 60150
19500 67250 62275 60325 60150
19600 67275 62275 60325 60125
19700 67275 62275 60325 60125
19800 67300 62300 60350 60050
19900 67300 62300 60350 60050
20000 67300 62300 60350 60050
20100 67275 62300 60350 60075
20200 67275 62325 60350 60050
20300 67275 62325 60375 60025
20400 67275 62325 60375 60025
20500 67275 62300 60425 60000
20600 67300 62325 60400 59975
20700 67325 62350 60400 59925
20800 67325 62325 60425 59925
20900 67325 62350 60425 59900
21000 67325 62350 60425 59900
21100 67325 62300 60450 59925
21200 67300 62300 60475 59925
21300 67300 62300 60475 59925
21400 67300 62300 60475 59925
21500 67325 62300 60450 59925
21600 67325 62300 60425 59950
21700 67325 62275 60450 59950
21800 67325 62275 60450 59950
21900 67325 62275 60425 59975
22000 67325 62275 60425 59975
22100 67325 62250 60425 60000
22200 67325 62250 60425 60000
22300 67350 62250 60425 59975
22400 67375 62250 60450 59925
22500 67350 62300 60450 59900
22600 67350 62275 60475 59900
22700 67350 62275 60475 59900
22800 67375 62275 60475 59875
22900 67375 62275 60475 59875
23000 67375 62275 60500 59850
23100 67375 62275 60525 59825
23200 67375 62300 60525 59800
23300 67375 62300 60525 59800
23400 67350 62300 60525 59825
23500 67350 62300 60525 59825
23600 67325 62300 60550 59825
23700 67325 62250 60575 59850
23800 67325 62225 60575 59875
23900 67325 62225 60600 59850
24000 67350 62200 60625 59825
24100 67350 62200 60625 59825
24200 67325 62250 60650 59775
24300 67325 62250 60650 59775
24400 67325 62250 60650 59775
24500 67275 62275 60650 59800
24600 67275 62275 60650 59800
24700 67275 62250 60650 59825
24800 67275 62250 60650 59825
24900 67275 62275 60675 59775
25000 67300 62275 60650 59775
25100 67300 62275 60650 59775
25200 67300 62275 60650 59775
25300 67300 62275 60650 59775
25400 67300 62225 60700 59775
25500 67275 62225 60700 59800
25600 67275 62225 60700 59800
25700 67275 62250 60675 59800
25800 67300 62250 60650 59800
25900 67300 62225 60675 59800
26000 67275 62250 60650 59825
26100 67275 62250 60650 59825
26200 67300 62225 60675 59800
26300 67300 62225 60675 59800
26400 67300 62225 60700 59775
26500 67300 62225 60700 59775
26600 67300 62225 60700 59775
26700 67275 62200 60725 59800
26800 67275 62200 60725 59800
26900 67275 62225 60775 59725
27000 67275 62225 60775 59725
27100 67225 62250 60775 59750
27200 67200 62300 60725 59775
27300 67200 62300 60725 59775
27400 67200 62300 60725 59775
27500 67150 62325 60725 59800
27600 67150 62325 60725 59800
27700 67150 62350 60750 59750
27800 67200 62325 60750 59725
27900 67200 62325 60775 59700
28000 67200 62325 60775 59700
28100 67200 62300 60750 59750
28200 67200 62275 60750 59775
28300 67200 62275 60750 59775
28400 67200 62275 60750 59775
28500 67200 62275 60750 59775
28600 67200 62275 60775 59750
28700 67200 62250 60800 59750
28800 67175 62275 60800 59750
28900 67175 62300 60825 59700
29000 67175 62300 60850 59675
29100 67175 62300 60850 59675
29200 67175 62300 60850 59675
29300 67200 62300 60800 59700
29400 67200 62300 60800 59700
29500 67200 62300 60800 59700
29600 67200 62325 60800 59675
29700 67175 62325 60800 59700
29800 67175 62325 60800 59700
29900 67150 62325 60825 59700
30000 67150 62325 60825 59700
30100 67150 62300 60850 59700
30200 67175 62325 60875 59625
30300 67175 62325 60900 59600
30400 67175 62325 60900 59600
30500 67175 62325 60900 59600
30600 67175 62350 60875 59600
30700 67150 62375 60850 59625
30800 67150 62375 60850 59625
30900 67150 62400 60875 59575
31000 67150 62400 60875 59575
31100 67150 62425 60875 59550
31200 67150 62375 60875 59600
31300 67150 62400 60875 59575
31400 67175 62400 60875 59550
31500 67225 62375 60850 59550
31600 67225 62375 60875 59525
31700 67225 62375 60900 59500
31800 67225 62375 60900 59500
31900 67225 62350 60925 59500
32000 67225 62350 60925 59500
32100 67225 62350 60925 59500
32200 67225 62350 60950 59475
32300 67225 62350 60925 59500
32400 67200 62375 60925 59500
32500 67200 62350 60950 59500
32600 67200 62350 60950 59500
32700 67225 62325 60975 59475
32800 67225 62325 60950 59500
32900 67225 62325 60925 59525
33000 67225 62325 60950 59500
33100 67225 62325 60950 59500
33200 67200 62350 60950 59500
33300 67200 62350 60975 59475
33400 67200 62350 60975 59475
33500 67200 62350 60975 59475
33600 67200 62325 61000 59475
33700 67225 62325 60975 59475
33800 67225 62325 60975 59475
33900 67225 62325 60975 59475
34000 67225 62325 61000 59450
34100 67225 62325 61000 59450
34200 67225 62325 61000 59450
34300 67250 62325 61025 59400
34400 67250 62325 61025 59400
34500 67250 62325 61025 59400
34600 67225 62325 61025 59425
34700 67225 62300 61050 59425
34800 67225 62275 61075 59425
34900 67225 62275 61100 59400
35000 67225 62275 61100 59400
35100 67225 62275 61075 59425
35200 67200 62275 61075 59450
35300 67200 62275 61075 59450
35400 67200 62275 61075 59450
35500 67200 62300 61075 59425
35600 67200 62300 61075 59425
35700 67200 62300 61100 59400
35800 67200 62300 61100 59400
35900 67225 62300 61050 59425
36000 67225 62300 61025 59450
36100 67225 62300 61050 59425
36200 67225 62300 61050 59425
36300 67225 62300 61050 59425
36400 67225 62300 61050 59425
36500 67200 62325 61050 59425
36600 67200 62325 61075 59400
36700 67200 62325 61075 59400
36800 67200 62300 61075 59425
36900 67200 62300 61075 59425
37000 67225 62300 61075 59400
37100 67175 62350 61075 59400
37200 67150 62325 61100 59425
37300 67150 62325 61100 59425
37400 67150 62325 61100 59425
37500 67125 62325 61100 59450
37600 67125 62325 61100 59450
37700 67125 62325 61100 59450
37800 67125 62325 61100 59450
37900 67150 62325 61100 59425
38000 67150 62325 61100 59425
38100 67125 62300 61100 59475
38200 67125 62300 61100 59475
38300 67150 62300 61100 59450
38400 67150 62300 61100 59450
38500 67150 62300 61125 59425
38600 67125 62325 61100 59450
38700 67125 62350 61100 59425
38800 67125 62350 61100 59425
38900 67125 62325 61100 59450
39000 67125 62325 61100 59450
39100 67125 62325 61100 59450
39200 67125 62325 61100 59450
39300 67125 62300 61100 59475
39400 67125 62275 61100 59500
39500 67125 62275 61100 59500
39600 67125 62275 61100 59500
39700 67125 62275 61100 59500
39800 67125 62300 61100 59475
39900 67125 62300 61100 59475
40000 67125 62300 61100 59475
40100 67125 62300 61125 59450
40200 67125 62300 61125 59450
40300 67100 62325 61150 59425
40400 67125 62325 61150 59400
40500 67125 62325 61150 59400
40600 67100 62350 61175 59375
40700 67150 62350 61150 59350
40800 67150 62350 61150 59350
40900 67150 62350 61150 59350
41000 67150 62350 61150 59350
41100 67175 62325 61150 59350
41200 67175 62325 61150 59350
41300 67175 62325 61150 59350
41400 67175 62300 61150 59375
41500 67175 62300 61150 59375
41600 67175 62275 61175 59375
41700 67175 62275 61175 59375
41800 67175 62275 61175 59375
41900 67150 62250 61200 59400
42000 67175 62250 61200 59375
42100 67175 62250 61200 59375
42200 67175 62250 61225 59350
42300 67175 62275 61225 59325
42400 67200 62275 61225 59300
42500 67200 62275 61225 59300
42600 67200 62275 61225 59300
42700 67200 62250 61250 59300
42800 67200 62250 61250 59300
42900 67200 62250 61250 59300
43000 67200 62250 61250 59300
43100 67200 62250 61275 59275
43200 67225 62250 61250 59275
43300 67225 62225 61225 59325
43400 67225 62225 61225 59325
43500 67225 62225 61225 59325
43600 67200 62250 61225 59325
43700 67200 62225 61225 59350
43800 67200 62225 61250 59325
43900 67200 62225 61250 59325
44000 67200 62225 61250 59325
44100 67200 62225 61250 59325
44200 67200 62250 61250 59300
44300 67200 62250 61250 59300
44400 67200 62250 61250 59300
44500 67200 62250 61250 59300
44600 67200 62250 61250 59300
44700 67175 62250 61250 59325
44800 67175 62250 61250 59325
44900 67175 62225 61250 59350
45000 67175 62275 61225 59325
45100 67175 62275 61200 59350
45200 67175 62250 61250 59325
45300 67200 62250 61250 59300
45400 67200 62250 61250 59300
45500 67175 62250 61275 59300
45600 67175 62250 61275 59300
45700 67175 62250 61275 59300
45800 67200 62250 61250 59300
45900 67175 62275 61250 59300
46000 67175 62300 61250 59275
46100 67175 62300 61250 59275
46200 67175 62300 61250 59275
46300 67175 62300 61275 59250
46400 67175 62275 61275 59275
46500 67175 62275 61275 59275
46600 67200 62275 61275 59250
46700 67200 62275 61275 59250
46800 67175 62300 61275 59250
46900 67200 62275 61275 59250
47000 67200 62275 61250 59275
47100 67175 62275 61250 59300
47200 67175 62275 61250 59300
47300 67175 62275 61250 59300
47400 67175 62275 61250 59300
47500 67150 62300 61250 59300
47600 67125 62325 61250 59300
47700 67125 62300 61250 59325
47800 67125 62275 61275 59325
47900 67100 62300 61300 59300
48000 67100 62325 61325 59250
48100 67100 62325 61325 59250
48200 67125 62300 61325 59250
48300 67125 62275 61325 59275
48400 67125 62300 61350 59225
48500 67150 62325 61300 59225
48600 67150 62325 61300 59225
48700 67125 62375 61300 59200
48800 67100 62400 61300 59200
48900 67100 62400 61300 59200
49000 67050 62425 61300 59225
49100 67050 62425 61275 59250
49200 67050 62450 61275 59225
49300 67050 62450 61275 59225
49400 67050 62450 61275 59225
49500 67050 62450 61275 59225
49600 67050 62425 61275 59250
49700 67050 62400 61300 59250
49800 67050 62400 61300 59250
49900 67050 62400 61300 59250
50000 67050 62400 61300 59250
50100 67050 62375 61300 59275
50200 67050 62375 61300 59275
50300 67050 62375 61300 59275
50400 67050 62375 61300 59275
50500 67050 62375 61325 59250
50600 67050 62375 61325 59250
50700 67075 62375 61350 59200
50800 67075 62375 61350 59200
50900 67075 62375 61325 59225
51000 67075 62375 61325 59225
51100 67075 62375 61325 59225
51200 67100 62350 61325 59225
51300 67100 62350 61325 59225
51400 67100 62350 61325 59225
51500 67100 62350 61325 59225
51600 67125 62350 61325 59200
51700 67100 62350 61325 59225
51800 67100 62350 61325 59225
51900 67100 62375 61300 59225
52000 67125 62350 61300 59225
52100 67100 62350 61300 59250
52200 67100 62350 61300 59250
52300 67100 62350 61300 59250
52400 67100 62350 61300 59250
52500 67100 62350 61300 59250
52600 67100 62350 61300 59250
52700 67100 62375 61300 59225
52800 67100 62375 61325 59200
52900 67100 62375 61325 59200
53000 67125 62375 61300 59200
53100 67125 62375 61300 59200
53200 67125 62375 61300 59200
53300 67125 62350 61350 59175
53400 67125 62350 61350 59175
53500 67125 62350 61375 59150
53600 67125 62350 61375 59150
53700 67100 62375 61375 59150
53800 67100 62375 61375 59150
53900 67100 62375 61375 59150
54000 67125 62375 61350 59150
54100 67150 62375 61350 59125
54200 67150 62375 61350 59125
54300 67175 62350 61350 59125
54400 67175 62350 61350 59125
54500 67175 62350 61350 59125
54600 67175 62325 61350 59150
54700 67175 62325 61350 59150
54800 67175 62325 61350 59150
54900 67175 62325 61350 59150
55000 67150 62350 61350 59150
55100 67150 62375 61350 59125
55200 67125 62375 61350 59150
55300 67125 62375 61350 59150
55400 67125 62375 61350 59150
55500 67125 62375 61375 59125
55600 67125 62375 61375 59125
55700 67150 62375 61375 59100
55800 67125 62350 61400 59125
55900 67125 62300 61425 59150
56000 67125 62300 61425 59150
56100 67125 62300 61400 59175
56200 67125 62300 61400 59175
56300 67125 62300 61400 59175
56400 67125 62300 61400 59175
56500 67125 62300 61400 59175
56600 67125 62300 61400 59175
56700 67125 62300 61425 59150
56800 67150 62300 61400 59150
56900 67150 62275 61425 59150
57000 67150 62275 61425 59150
57100 67175 62275 61425 59125
57200 67175 62250 61450 59125
57300 67175 62250 61450 59125
57400 67175 62250 61450 59125
57500 67200 62250 61450 59100
57600 67200 62250 61450 59100
57700 67200 62250 61450 59100
57800 67200 62225 61475 59100
57900 67225 62200 61475 59100
58000 67200 62200 61475 59125
58100 67200 62225 61450 59125
58200 67175 62250 61425 59150
58300 67200 62225 61425 59150
58400 67175 62225 61450 59150
58500 67175 62225 61450 59150
58600 67175 62225 61450 59150
58700 67175 62225 61450 59150
58800 67175 62225 61450 59150
58900 67175 62225 61450 59150
59000 67175 62225 61450 59150
59100 67200 62225 61450 59125
59200 67200 62225 61450 59125
59300 67200 62225 61450 59125
59400 67200 62225 61450 59125
59500 67200 62225 61450 59125
59600 67250 62225 61425 59100
59700 67250 62250 61425 59075
59800 67250 62250 61425 59075
59900 67250 62250 61425 59075
60000 67250 62275 61400 59075
60100 67250 62275 61400 59075
60200 67250 62275 61400 59075
60300 67250 62250 61400 59100
60400 67250 62250 61400 59100
60500 67225 62250 61425 59100
60600 67225 62250 61425 59100
60700 67225 62250 61425 59100
60800 67225 62250 61400 59125
60900 67225 62250 61400 59125
61000 67225 62250 61400 59125
61100 67200 62275 61400 59125
61200 67200 62275 61400 59125
61300 67200 62275 61400 59125
61400 67200 62275 61400 59125
61500 67200 62275 61425 59100
61600 67200 62275 61425 59100
61700 67225 62275 61425 59075
61800 67225 62275 61450 59050
61900 67225 62275 61450 59050
62000 67225 62275 61450 59050
62100 67225 62275 61450 59050
62200 67225 62275 61450 59050
62300 67200 62275 61450 59075
62400 67225 62275 61425 59075
62500 67225 62275 61425 59075
62600 67225 62275 61425 59075
62700 67225 62275 61425 59075
62800 67225 62275 61425 59075
62900 67225 62275 61425 59075
63000 67225 62250 61450 59075
63100 67200 62250 61450 59100
63200 67200 62250 61450 59100
63300 67200 62250 61425 59125
63400 67250 62225 61425 59100
63500 67225 62225 61425 59125
63600 67225 62225 61425 59125
63700 67200 62225 61425 59150
63800 67200 62250 61425 59125
63900 67200 62250 61425 59125
64000 67200 62250 61425 59125
64100 67200 62225 61450 59125
64200 67200 62225 61450 59125
64300 67200 62225 61450 59125
64400 67200 62225 61450 59125
64500 67200 62225 61450 59125
64600 67200 62225 61450 59125
64700 67200 62225 61450 59125
64800 67200 62225 61425 59150
64900 67200 62225 61425 59150
65000 67225 62225 61400 59150
65100 67225 62225 61425 59125
65200 67225 62225 61425 59125
65300 67225 62225 61425 59125
65400 67225 62225 61425 59125
65500 67225 62225 61425 59125
65600 67225 62225 61425 59125
65700 67225 62225 61450 59100
65800 67225 62200 61450 59125
65900 67225 62200 61450 59125
66000 67225 62175 61475 59125
66100 67225 62175 61475 59125
66200 67225 62175 61475 59125
66300 67200 62200 61475 59125
66400 67200 62200 61475 59125
66500 67200 62225 61450 59125
66600 67225 62200 61450 59125
66700 67225 62200 61450 59125
66800 67225 62200 61450 59125
66900 67225 62200 61450 59125
67000 67225 62200 61450 59125
67100 67225 62200 61450 59125
67200 67225 62200 61450 59125
67300 67225 62200 61450 59125
67400 67225 62200 61450 59125
67500 67250 62225 61425 59100
67600 67250 62250 61425 59075
67700 67225 62250 61425 59100
67800 67225 62250 61425 59100
67900 67225 62250 61425 59100
68000 67225 62250 61425 59100
68100 67225 62250 61425 59100
68200 67225 62250 61425 59100
68300 67225 62275 61400 59100
68400 67225 62275 61375 59125
68500 67200 62275 61375 59150
68600 67225 62275 61375 59125
68700 67225 62250 61425 59100
68800 67225 62250 61425 59100
68900 67225 62275 61400 59100
69000 67225 62275 61400 59100
69100 67225 62275 61400 59100
69200 67225 62275 61400 59100
69300 67225 62275 61400 59100
69400 67225 62275 61400 59100
69500 67225 62275 61400 59100
69600 67275 62250 61400 59075
69700 67300 62250 61375 59075
69800 67300 62250 61375 59075
69900 67300 62250 61375 59075
70000 67300 62250 61375 59075
70100 67300 62250 61375 59075
70200 67300 62250 61375 59075
70300 67300 62250 61375 59075
70400 67275 62275 61375 59075
70500 67250 62275 61375 59100
70600 67250 62275 61375 59100
70700 67250 62275 61375 59100
70800 67250 62250 61400 59100
70900 67250 62250 61400 59100
71000 67250 62275 61400 59075
71100 67250 62250 61450 59050
71200 67250 62250 61450 59050
71300 67250 62250 61450 59050
71400 67250 62250 61450 59050
71500 67275 62250 61450 59025
71600 67275 62250 61450 59025
71700 67300 62250 61425 59025
71800 67300 62250 61425 59025
71900 67275 62250 61425 59050
72000 67275 62250 61425 59050
72100 67250 62250 61425 59075
72200 67250 62250 61425 59075
72300 67250 62250 61425 59075
72400 67250 62250 61425 59075
72500 67250 62250 61425 59075
72600 67250 62250 61425 59075
72700 67250 62250 61425 59075
72800 67250 62250 61425 59075
72900 67250 62250 61425 59075
73000 67250 62250 61425 59075
73100 67275 62250 61425 59050
73200 67275 62225 61425 59075
73300 67275 62225 61425 59075
73400 67300 62225 61400 59075
73500 67275 62250 61400 59075
73600 67275 62250 61400 59075
73700 67300 62225 61400 59075
73800 67300 62225 61400 59075
73900 67300 62225 61400 59075
74000 67300 62225 61400 59075
74100 67300 62225 61400 59075
74200 67300 62225 61425 59050
74300 67300 62225 61425 59050
74400 67300 62225 61425 59050
74500 67300 62200 61450 59050
74600 67300 62200 61450 59050
74700 67300 62200 61450 59050
74800 67300 62200 61450 59050
74900 67325 62200 61425 59050
75000 67325 62200 61425 59050
75100 67325 62200 61425 59050
75200 67325 62175 61450 59050
75300 67325 62175 61450 59050
75400 67325 62175 61450 59050
75500 67325 62175 61450 59050
75600 67325 62175 61450 59050
75700 67300 62200 61450 59050
75800 67275 62200 61450 59075
75900 67275 62200 61450 59075
76000 67250 62225 61450 59075
76100 67250 62200 61425 59125
76200 67275 62200 61400 59125
76300 67275 62200 61400 59125
76400 67275 62200 61400 59125
76500 67300 62200 61400 59100
76600 67300 62200 61400 59100
76700 67300 62200 61400 59100
76800 67300 62200 61400 59100
76900 67300 62200 61400 59100
77000 67300 62225 61400 59075
77100 67275 62225 61400 59100
77200 67275 62250 61375 59100
77300 67300 62250 61375 59075
77400 67300 62250 61375 59075
77500 67300 62250 61375 59075
77600 67300 62250 61375 59075
77700 67300 62250 61375 59075
77800 67275 62250 61375 59100
77900 67250 62275 61375 59100
78000 67250 62275 61375 59100
78100 67275 62275 61350 59100
78200 67275 62275 61350 59100
78300 67275 62275 61350 59100
78400 67275 62275 61350 59100
78500 67275 62275 61350 59100
78600 67275 62275 61350 59100
78700 67300 62275 61350 59075
78800 67325 62275 61325 59075
78900 67325 62275 61325 59075
79000 67325 62300 61325 59050
79100 67325 62300 61325 59050
79200 67325 62300 61325 59050
79300 67350 62300 61300 59050
79400 67350 62325 61300 59025
79500 67325 62325 61300 59050
79600 67325 62350 61275 59050
79700 67350 62350 61250 59050
79800 67350 62350 61250 59050
79900 67350 62350 61250 59050
80000 67400 62325 61225 59050
80100 67400 62300 61250 59050
80200 67450 62300 61200 59050
80300 67500 62325 61175 59000
80400 67500 62325 61175 59000
80500 67500 62325 61175 59000
80600 67500 62300 61175 59025
80700 67500 62300 61175 59025
80800 67500 62300 61175 59025
80900 67500 62300 61175 59025
81000 67500 62300 61175 59025
81100 67500 62300 61175 59025
81200 67500 62300 61175 59025
81300 67500 62300 61175 59025
81400 67500 62325 61175 59000
81500 67500 62325 61175 59000
81600 67500 62325 61175 59000
81700 67500 62325 61175 59000
81800 67500 62325 61175 59000
81900 67500 62325 61175 59000
82000 67500 62325 61200 58975
82100 67500 62325 61200 58975
82200 67500 62325 61200 58975
82300 67500 62325 61200 58975
82400 67500 62325 61200 58975
82500 67500 62325 61200 58975
82600 67500 62300 61225 58975
82700 67500 62300 61225 58975
82800 67500 62300 61225 58975
82900 67475 62300 61225 59000
83000 67475 62300 61225 59000
83100 67475 62300 61225 59000
83200 67475 62325 61225 58975
83300 67475 62325 61225 58975
83400 67450 62325 61225 59000
83500 67450 62325 61225 59000
83600 67450 62325 61225 59000
83700 67450 62325 61225 59000
83800 67475 62300 61225 59000
83900 67475 62300 61225 59000
84000 67475 62300 61225 59000
84100 67475 62300 61225 59000
84200 67475 62300 61225 59000
84300 67475 62300 61225 59000
84400 67475 62300 61225 59000
84500 67475 62300 61225 59000
84600 67475 62300 61225 59000
84700 67475 62300 61225 59000
84800 67475 62300 61225 59000
84900 67475 62300 61225 59000
85000 67500 62300 61225 58975
85100 67500 62300 61225 58975
85200 67500 62300 61225 58975
85300 67500 62300 61225 58975
85400 67500 62325 61200 58975
85500 67500 62325 61175 59000
85600 67525 62325 61175 58975
85700 67500 62325 61175 59000
85800 67500 62350 61175 58975
85900 67500 62350 61175 58975
86000 67500 62350 61175 58975
86100 67500 62350 61175 58975
86200 67500 62350 61175 58975
86300 67500 62350 61175 58975
86400 67500 62350 61175 58975
86500 67475 62350 61175 59000
86600 67475 62350 61175 59000
86700 67475 62325 61200 59000
86800 67475 62325 61225 58975
86900 67450 62325 61225 59000
87000 67450 62325 61225 59000
87100 67450 62325 61225 59000
87200 67450 62325 61225 59000
87300 67450 62325 61225 59000
87400 67450 62325 61225 59000
87500 67450 62325 61225 59000
87600 67450 62325 61225 59000
87700 67450 62350 61225 58975
87800 67450 62350 61225 58975
87900 67450 62350 61225 58975
88000 67450 62325 61225 59000
88100 67450 62325 61225 59000
88200 67450 62325 61225 59000
88300 67450 62350 61225 58975
88400 67450 62350 61225 58975
88500 67450 62350 61225 58975
88600 67450 62350 61225 58975
88700 67450 62350 61225 58975
88800 67450 62350 61225 58975
88900 67450 62400 61200 58950
89000 67450 62400 61200 58950
89100 67450 62400 61200 58950
89200 67450 62400 61200 58950
89300 67450 62425 61200 58925
89400 67450 62425 61200 58925
89500 67450 62425 61200 58925
89600 67425 62450 61200 58925
89700 67425 62450 61200 58925
89800 67450 62475 61200 58875
89900 67450 62500 61200 58850
90000 67450 62500 61200 58850
90100 67450 62500 61200 58850
90200 67450 62500 61200 58850
90300 67450 62500 61200 58850
90400 67450 62500 61200 58850
90500 67475 62500 61200 58825
90600 67475 62500 61200 58825
90700 67500 62500 61200 58800
90800 67500 62500 61200 58800
90900 67500 62475 61200 58825
91000 67500 62475 61200 58825
91100 67500 62475 61200 58825
91200 67500 62475 61200 58825
91300 67500 62475 61200 58825
91400 67500 62450 61225 58825
91500 67500 62450 61225 58825
91600 67500 62450 61225 58825
91700 67500 62450 61225 58825
91800 67500 62475 61200 58825
91900 67500 62475 61200 58825
92000 67500 62500 61175 58825
92100 67500 62500 61175 58825
92200 67500 62500 61175 58825
92300 67500 62500 61175 58825
92400 67500 62500 61175 58825
92500 67500 62500 61175 58825
92600 67500 62500 61175 58825
92700 67500 62500 61175 58825
92800 67500 62500 61175 58825
92900 67500 62500 61175 58825
93000 67500 62500 61200 58800
93100 67500 62500 61200 58800
93200 67500 62500 61200 58800
93300 67500 62475 61200 58825
93400 67500 62475 61200 58825
93500 67500 62475 61200 58825
93600 67500 62475 61200 58825
93700 67500 62475 61200 58825
93800 67500 62475 61200 58825
93900 67500 62475 61200 58825
94000 67500 62475 61200 58825
94100 67500 62475 61200 58825
94200 67500 62475 61200 58825
94300 67500 62475 61200 58825
94400 67500 62475 61200 58825
94500 67500 62475 61200 58825
94600 67500 62475 61200 58825
94700 67500 62475 61200 58825
94800 67500 62475 61200 58825
94900 67500 62475 61200 58825
95000 67500 62475 61200 58825
95100 67525 62475 61200 58800
95200 67525 62475 61200 58800
95300 67525 62475 61200 58800
95400 67525 62450 61200 58825
95500 67525 62450 61200 58825
95600 67500 62450 61200 58850
95700 67500 62450 61200 58850
95800 67475 62450 61200 58875
95900 67500 62425 61200 58875
96000 67500 62425 61200 58875
96100 67500 62425 61200 58875
96200 67500 62425 61200 58875
96300 67500 62425 61200 58875
96400 67500 62425 61200 58875
96500 67500 62425 61175 58900
96600 67500 62425 61175 58900
96700 67500 62425 61175 58900
96800 67500 62425 61175 58900
96900 67500 62425 61175 58900
97000 67500 62450 61150 58900
97100 67500 62425 61150 58925
97200 67500 62425 61150 58925
97300 67500 62425 61150 58925
97400 67500 62425 61150 58925
97500 67525 62400 61150 58925
97600 67525 62400 61150 58925
97700 67525 62400 61150 58925
97800 67525 62400 61150 58925
97900 67525 62400 61150 58925
98000 67525 62400 61150 58925
98100 67550 62400 61150 58900
98200 67525 62400 61150 58925
98300 67525 62400 61150 58925
98400 67525 62400 61150 58925
98500 67525 62375 61150 58950
98600 67525 62375 61150 58950
98700 67525 62375 61150 58950
98800 67525 62375 61150 58950
98900 67525 62375 61150 58950
99000 67525 62375 61150 58950
99100 67525 62375 61150 58950
99200 67525 62350 61175 58950
99300 67525 62350 61175 58950
99400 67525 62350 61175 58950
99500 67525 62350 61175 58950
99600 67525 62350 61150 58975
99700 67525 62350 61150 58975
99800 67525 62325 61150 59000
99900 67525 62325 61150 59000
100000 67525 62325 61150 59000
