# gr0gr1_gb gr0gr2_gb gr0gr3_gb gr1gr2_gb gr1gr3_gb gr2gr3_gb total (total2 if different)
1105 1455 1090 1090 1430 1050 6645 7220
1100 1470 1075 1090 1450 1065 6655 7250
1110 1470 1065 1080 1450 1055 6630 7230
1105 1470 1080 1070 1445 1050 6660 7220
1105 1470 1070 1090 1435 1045 6670 7215
1100 1475 1080 1090 1445 1040 6685 7230
1095 1490 1070 1080 1455 1035 6630 7225
1110 1490 1070 1095 1460 1055 6650 7280
1095 1495 1060 1060 1465 1045 6600 7220
1080 1490 1055 1020 1470 1030 6565 7145
1095 1490 1055 1040 1465 1050 6610 7195
1105 1490 1055 1040 1465 1040 6605 7195
1105 1505 1045 1045 1480 1030 6570 7210
1085 1505 1040 1025 1480 1020 6595 7155
1105 1515 1045 1050 1490 1030 6630 7235
1100 1515 1040 1055 1490 1015 6625 7215
1105 1520 1060 1065 1500 1040 6620 7290
1105 1525 1060 1070 1500 1045 6630 7305
1095 1530 1060 1070 1505 1030 6630 7290
1085 1530 1055 1055 1505 1020 6615 7250
1085 1535 1050 1075 1510 1025 6645 7280
1085 1535 1055 1055 1510 1030 6650 7270
1080 1535 1050 1060 1510 1030 6650 7265
1085 1535 1055 1060 1510 1030 6660 7275
1075 1530 1055 1070 1510 1040 6660 7280
1075 1530 1055 1055 1510 1035 6645 7260
1075 1530 1060 1055 1510 1025 6630 7255
1080 1530 1060 1055 1510 1025 6620 7260
1080 1530 1060 1050 1510 1025 6620 7255
1085 1530 1070 1050 1505 1025 6630 7265
1080 1530 1075 1055 1505 1030 6650 7275
1080 1530 1070 1055 1505 1035 6650 7275
1080 1540 1070 1055 1505 1020 6645 7270
1080 1540 1060 1060 1510 1030 6630 7280
1085 1545 1070 1060 1515 1030 6620 7305
1085 1545 1065 1065 1515 1030 6620 7305
1075 1545 1065 1050 1515 1030 6620 7280
1075 1545 1065 1050 1515 1030 6620 7280
1075 1545 1065 1040 1515 1015 6615 7255
1065 1545 1065 1035 1515 1010 6620 7235
1060 1545 1060 1035 1515 1010 6620 7225
1065 1545 1055 1030 1515 1010 6615 7220
1075 1545 1055 1025 1515 1005 6630 7220
1070 1545 1055 1030 1515 1005 6625 7220
1070 1545 1050 1030 1510 1000 6620 7205
1075 1540 1050 1020 1510 1000 6630 7195
1075 1540 1050 1020 1510 1005 6625 7200
1075 1540 1055 1025 1510 1005 6630 7210
1075 1540 1055 1025 1510 1005 6635 7210
1075 1540 1055 1025 1510 1005 6630 7210
1070 1540 1055 1025 1510 1005 6620 7205
1070 1540 1055 1025 1510 1005 6620 7205
1065 1540 1050 1025 1510 1005 6615 7195
1065 1540 1055 1025 1510 1010 6620 7205
1065 1540 1055 1025 1510 1010 6620 7205
1065 1540 1055 1025 1510 1010 6620 7205
1065 1540 1050 1025 1510 1005 6625 7195
1065 1540 1050 1025 1510 1005 6625 7195
1065 1540 1050 1025 1510 1005 6625 7195
1065 1540 1050 1030 1510 1005 6625 7200
1065 1540 1050 1030 1510 1005 6630 7200
1065 1540 1050 1030 1510 1005 6630 7200
1065 1540 1050 1030 1510 1005 6630 7200
1065 1540 1050 1030 1510 1005 6630 7200
1065 1540 1050 1030 1510 1005 6630 7200
1070 1540 1045 1035 1510 1005 6625 7205
1070 1540 1045 1035 1515 1010 6625 7215
1070 1540 1045 1035 1515 1010 6625 7215
1070 1540 1045 1035 1515 1010 6625 7215
1070 1540 1040 1035 1515 1010 6625 7210
1070 1540 1040 1035 1515 1010 6625 7210
1070 1540 1040 1035 1515 1010 6630 7210
1070 1540 1040 1035 1515 1010 6630 7210
1070 1540 1040 1035 1515 1010 6630 7210
1070 1545 1040 1040 1515 1010 6630 7220
1070 1545 1040 1040 1515 1010 6630 7220
1070 1545 1040 1040 1515 1010 6630 7220
1070 1545 1040 1040 1515 1010 6620 7220
1075 1545 1040 1045 1515 1010 6620 7230
1075 1545 1045 1045 1515 1010 6625 7235
1075 1545 1045 1045 1515 1010 6625 7235
1075 1545 1045 1045 1515 1010 6625 7235
1075 1545 1045 1045 1515 1010 6625 7235
1075 1545 1045 1045 1515 1010 6625 7235
1075 1545 1045 1045 1515 1010 6625 7235
1075 1545 1045 1045 1515 1010 6630 7235
1075 1545 1045 1045 1515 1010 6635 7235
1075 1545 1045 1045 1515 1010 6635 7235
1075 1545 1045 1045 1515 1010 6630 7235
1075 1545 1045 1045 1515 1010 6630 7235
1075 1545 1045 1045 1515 1010 6630 7235
1075 1545 1045 1045 1515 1010 6630 7235
1075 1545 1045 1045 1515 1010 6630 7235
1075 1545 1045 1045 1515 1010 6630 7235
1075 1545 1045 1050 1515 1010 6635 7240
1075 1545 1045 1050 1515 1010 6640 7240
