# Step active_etas junction_position
500 (5.17544,150.702) 0 2 3 (120.549,208.11) (7.05882,488.824) (7.05882,488.824) 63.2266 0 296.773
---- (7.05882,488.824) 0 2 3 (5.17544,150.702) (363.926,385.744) (120.549,208.11) 74.208 51.8758 233.916
---- (120.549,208.11) 0 1 3 (125,393.171) (125,393.171) (125,393.171) nan nan nan
---- (125,393.171) 0 1 3 (239.531,156.172) (238.926,489.256) (364.496,216.849) 104.352 76.5058 179.142
---- (239.531,156.172) 0 1 2 (238.926,489.256) (120.549,208.11) (5.17544,150.702) 66.3137 24.9192 268.767
---- (238.926,489.256) 0 1 2 (7.05882,488.824) (364.496,216.849) (364.496,216.849) 114.641 0 245.359
---- (364.496,216.849) 1 2 3 (363.926,385.744) (239.531,156.172) (363.926,385.744) 115.706 115.706 128.589
---- (363.926,385.744) 1 2 3 (239.531,156.172) (238.926,489.256) (5.17544,150.702) 101.177 72.8597 185.963
600 (5.44643,150.491) 0 2 3 (120.549,208.11) (7.30263,485.658) (7.30263,485.658) 63.0908 8.53774e-07 296.909
---- (7.30263,485.658) 0 2 3 (5.44643,150.491) (364.727,386.367) (120.549,208.11) 74.7923 52.2783 232.929
---- (120.549,208.11) 0 1 3 (125.25,393.625) (125.25,393.625) (125.25,393.625) 0 0 360
---- (125.25,393.625) 0 1 3 (239.516,155.565) (239.146,485.772) (364.478,217.435) 103.334 75.3459 181.32
---- (239.516,155.565) 0 1 2 (239.146,485.772) (120.549,208.11) (5.44643,150.491) 66.1059 25.0717 268.822
---- (239.146,485.772) 0 1 2 (7.30263,485.658) (364.478,217.435) (364.478,217.435) 115.007 nan nan
---- (364.478,217.435) 1 2 3 (364.727,386.367) (239.516,155.565) (364.727,386.367) 116.425 116.425 127.15
---- (364.727,386.367) 1 2 3 (239.516,155.565) (239.146,485.772) (5.44643,150.491) 99.8841 71.6498 188.466
700 (5.36364,150.045) 0 2 3 (120.893,208.393) (7.5974,485.065) (7.5974,485.065) 62.8222 nan nan
---- (7.5974,485.065) 0 2 3 (5.36364,150.045) (364.764,386.339) (120.893,208.393) 74.9304 52.2796 232.79
---- (120.893,208.393) 0 1 3 (239.508,155.246) (124.77,396.609) (124.77,396.609) 112.955 1.20742e-06 247.045
---- (124.77,396.609) 0 1 3 (7.5974,485.065) (239.18,485.779) (364.469,217.743) 105.018 74.663 180.319
---- (239.508,155.246) 0 1 2 (239.18,485.779) (120.893,208.393) (5.36364,150.045) 65.8079 25.4077 268.784
---- (239.18,485.779) 0 1 2 (124.77,396.609) (364.469,217.743) (364.469,217.743) 77.1207 0 282.879
---- (364.469,217.743) 1 2 3 (364.764,386.339) (239.508,155.246) (364.764,386.339) 116.671 116.671 126.657
---- (364.764,386.339) 1 2 3 (239.508,155.246) (239.18,485.779) (5.36364,150.045) 99.9147 71.6966 188.389
800 (5.3211,149.817) 0 2 3 (120.33,209.67) (7.04819,484.277) (7.04819,484.277) 62.2104 0 297.79
---- (7.04819,484.277) 0 2 3 (5.3211,149.817) (363.689,390.041) (120.33,209.67) 75.4947 52.7816 231.724
---- (120.33,209.67) 0 1 3 (238.941,155.085) (124.762,397.619) (363.941,219.915) 113.361 86.241 160.398
---- (124.762,397.619) 0 1 3 (7.04819,484.277) (238.689,484.959) (5.3211,149.817) 106.165 153.209 100.626
---- (238.941,155.085) 0 1 2 (238.689,484.959) (120.33,209.67) (5.3211,149.817) 65.244 26.004 268.752
---- (238.689,484.959) 0 1 2 (124.762,397.619) (363.941,219.915) (363.941,219.915) 77.8191 1.20742e-06 282.181
---- (363.941,219.915) 1 2 3 (363.689,390.041) (238.941,155.085) (363.689,390.041) 117.328 117.328 125.343
---- (363.689,390.041) 1 2 3 (238.941,155.085) (238.689,484.959) (124.762,397.619) 99.2454 35.3944 225.36
900 (5.3211,149.817) 0 2 3 (120.169,209.607) (7.04819,484.277) (7.04819,484.277) 62.2024 0 297.798
---- (7.04819,484.277) 0 2 3 (5.3211,149.817) (363.76,390) (120.169,209.607) 75.4914 52.8117 231.697
---- (120.169,209.607) 0 1 3 (238.719,155.207) (124.762,397.619) (363.719,219.793) 113.25 86.2054 160.545
---- (124.762,397.619) 0 1 3 (7.04819,484.277) (238.76,485) (5.3211,149.817) 106.17 153.205 100.626
---- (238.719,155.207) 0 1 2 (238.76,485) (120.169,209.607) (5.3211,149.817) 65.3579 25.9723 268.67
---- (238.76,485) 0 1 2 (124.762,397.619) (363.719,219.793) (363.719,219.793) 77.7581 0 282.242
---- (363.719,219.793) 1 2 3 (363.76,390) (238.719,155.207) (363.76,390) 117.339 117.339 125.322
---- (363.76,390) 1 2 3 (238.719,155.207) (238.76,485) (124.762,397.619) 99.1969 35.4089 225.394
1000 (5.3211,149.817) 0 2 3 (119.828,209.77) (6.66667,483.966) (6.66667,483.966) 62.1335 nan nan
---- (6.66667,483.966) 0 2 3 (5.3211,149.817) (363.811,390.82) (119.828,209.77) 75.6132 52.9565 231.43
---- (119.828,209.77) 0 1 3 (125,398.171) (125,398.171) (363.77,220.205) 0 85.978 274.022
---- (125,398.171) 0 1 3 (238.678,154.711) (238.811,484.18) (5.3211,149.817) 102.05 152.808 105.142
---- (238.678,154.711) 0 1 2 (238.811,484.18) (119.828,209.77) (5.3211,149.817) 65.1665 26.0582 268.775
---- (238.811,484.18) 0 1 2 (6.66667,483.966) (363.77,220.205) (363.77,220.205) 115.279 1.20742e-06 244.721
---- (363.77,220.205) 1 2 3 (363.811,390.82) (238.678,154.711) (363.811,390.82) 117.649 117.649 124.703
---- (363.811,390.82) 1 2 3 (238.678,154.711) (238.811,484.18) (125,398.171) 98.8327 34.9924 226.175
1100 (5.3211,149.817) 0 2 3 (119.828,209.77) (6.64773,483.75) (6.64773,483.75) 62.1366 8.53774e-07 297.863
---- (6.64773,483.75) 0 2 3 (5.3211,149.817) (364.48,390.88) (119.828,209.77) 75.6784 53.0054 231.316
---- (119.828,209.77) 0 1 3 (124.875,398.625) (124.875,398.625) (363.678,220.289) 0 85.999 274.001
---- (124.875,398.625) 0 1 3 (238.678,154.711) (238.875,481.208) (5.3211,149.817) 100.908 151.585 107.507
---- (238.678,154.711) 0 1 2 (238.875,481.208) (119.828,209.77) (5.3211,149.817) 65.1779 26.0582 268.764
---- (238.875,481.208) 0 1 2 (6.64773,483.75) (363.678,220.289) (363.678,220.289) 116.19 nan nan
---- (363.678,220.289) 1 2 3 (364.48,390.88) (238.678,154.711) (364.48,390.88) 117.952 117.952 124.096
---- (364.48,390.88) 1 2 3 (238.678,154.711) (238.875,481.208) (124.875,398.625) 97.6784 33.8703 228.451
1200 (5.25424,146.653) 0 2 3 (120.167,210.278) (6.83544,480.696) (6.83544,480.696) 60.7562 0 299.244
---- (6.83544,480.696) 0 2 3 (5.25424,146.653) (364.646,391.102) (120.167,210.278) 76.2137 53.2041 230.582
---- (120.167,210.278) 0 1 3 (125.123,398.827) (125.123,398.827) (363.678,220.289) 1.20742e-06 86.1398 273.86
---- (125.123,398.827) 0 1 3 (238.678,154.711) (238.992,480.685) (5.25424,146.653) 100.766 151.135 108.099
---- (238.678,154.711) 0 1 2 (238.992,480.685) (120.167,210.278) (5.25424,146.653) 64.9345 27.0979 267.968
---- (238.992,480.685) 0 1 2 (6.83544,480.696) (363.678,220.289) (363.678,220.289) 115.589 0 244.411
---- (363.678,220.289) 1 2 3 (364.646,391.102) (238.678,154.711) (364.646,391.102) 118.007 118.007 123.985
---- (364.646,391.102) 1 2 3 (238.678,154.711) (238.992,480.685) (125.123,398.827) 97.4343 33.6393 228.926
1300 (5.16807,146.681) 0 2 3 (120.598,210.489) (6.7284,480.432) (6.7284,480.432) 60.7987 nan nan
---- (6.7284,480.432) 0 2 3 (5.16807,146.681) (364.764,391.339) (120.598,210.489) 76.2942 53.155 230.551
---- (120.598,210.489) 0 1 3 (238.87,153.652) (124.77,401.609) (363.571,220.546) 114.417 86.3792 159.204
---- (124.77,401.609) 0 1 3 (6.7284,480.432) (239.18,480.779) (5.16807,146.681) 111.584 149.816 98.5991
---- (238.87,153.652) 0 1 2 (239.18,480.779) (120.598,210.489) (5.16807,146.681) 64.3872 27.3759 268.237
---- (239.18,480.779) 0 1 2 (124.77,401.609) (363.571,220.546) (363.571,220.546) 80.8654 0 279.135
---- (363.571,220.546) 1 2 3 (364.764,391.339) (238.87,153.652) (364.764,391.339) 118.611 118.611 122.779
---- (364.764,391.339) 1 2 3 (238.87,153.652) (239.18,480.779) (124.77,401.609) 97.5497 33.0078 229.442
1400 (5.26087,146.13) 0 2 3 (120.421,210.947) (6.38554,480) (6.38554,480) 60.4344 nan nan
---- (6.38554,480) 0 2 3 (5.26087,146.13) (363.729,394.364) (120.421,210.947) 76.7165 53.5543 229.729
---- (120.421,210.947) 0 1 3 (238.87,153.652) (124.405,402.44) (363.87,221.348) 114.622 86.362 159.016
---- (124.405,402.44) 0 1 3 (6.38554,480) (238.729,480.636) (5.26087,146.13) 112.317 149.302 98.381
---- (238.87,153.652) 0 1 2 (238.729,480.636) (120.421,210.947) (5.26087,146.13) 64.1616 27.6579 268.18
---- (238.729,480.636) 0 1 2 (124.405,402.44) (363.87,221.348) (363.87,221.348) 81.3922 nan nan
---- (363.87,221.348) 1 2 3 (363.729,394.364) (238.87,153.652) (363.729,394.364) 118.392 118.392 123.216
---- (363.729,394.364) 1 2 3 (238.87,153.652) (238.729,480.636) (124.405,402.44) 97.1961 32.6795 230.124
1500 (5.26087,146.13) 0 2 3 (121.28,212.866) (6.42857,479.762) (6.42857,479.762) 59.8916 8.53774e-07 300.108
---- (6.42857,479.762) 0 2 3 (5.26087,146.13) (363.833,394.625) (121.28,212.866) 76.8019 53.318 229.88
---- (121.28,212.866) 0 1 3 (238.87,153.652) (124.762,402.619) (363.87,221.348) 115.677 86.9464 157.376
---- (124.762,402.619) 0 1 3 (6.42857,479.762) (238.833,480.375) (5.26087,146.13) 112.619 149.261 98.1194
---- (238.87,153.652) 0 1 2 (238.833,480.375) (121.28,212.866) (5.26087,146.13) 63.2654 28.5724 268.162
---- (238.833,480.375) 0 1 2 (124.762,402.619) (363.87,221.348) (363.87,221.348) 81.4873 0 278.513
---- (363.87,221.348) 1 2 3 (363.833,394.625) (238.87,153.652) (363.833,394.625) 118.426 118.426 123.147
---- (363.833,394.625) 1 2 3 (238.87,153.652) (238.833,480.375) (124.762,402.619) 97.0398 32.535 230.425
1600 (5.26316,145.921) 0 2 3 (121.084,212.952) (6.42857,479.762) (6.42857,479.762) 59.7402 8.53774e-07 300.26
---- (6.42857,479.762) 0 2 3 (5.26316,145.921) (363.76,395) (121.084,212.952) 76.8556 53.4011 229.743
---- (121.084,212.952) 0 1 3 (239.683,151.071) (124.762,402.619) (363.87,221.348) 116.443 86.9086 156.648
---- (124.762,402.619) 0 1 3 (6.42857,479.762) (238.76,480) (5.26316,145.921) 112.731 149.131 98.1377
---- (239.683,151.071) 0 1 2 (238.76,480) (121.084,212.952) (5.26316,145.921) 62.2854 28.8126 268.902
---- (238.76,480) 0 1 2 (124.762,402.619) (363.87,221.348) (363.87,221.348) 81.6447 nan nan
---- (363.87,221.348) 1 2 3 (363.76,395) (239.683,151.071) (363.76,395) 119.469 119.469 121.062
---- (363.76,395) 1 2 3 (239.683,151.071) (238.76,480) (124.762,402.619) 97.2549 32.3898 230.355
1700 (5.17699,145.664) 0 2 3 (120.723,213.012) (6.19318,479.261) (6.19318,479.261) 59.5888 nan nan
---- (6.19318,479.261) 0 2 3 (5.17699,145.664) (364.24,395.32) (120.723,213.012) 76.9803 53.5303 229.489
---- (120.723,213.012) 0 1 3 (124.881,402.798) (124.881,402.798) (363.974,221.41) 0 86.7676 273.232
---- (124.881,402.798) 0 1 3 (239.646,151.102) (239.24,479.68) (5.17699,145.664) 99.4011 148.876 111.723
---- (239.646,151.102) 0 1 2 (239.24,479.68) (120.723,213.012) (5.17699,145.664) 62.4283 28.8297 268.742
---- (239.24,479.68) 0 1 2 (6.19318,479.261) (363.974,221.41) (363.974,221.41) 115.676 0 244.324
---- (363.974,221.41) 1 2 3 (364.24,395.32) (239.646,151.102) (364.24,395.32) 119.576 119.576 120.849
---- (364.24,395.32) 1 2 3 (239.646,151.102) (239.24,479.68) (124.881,402.798) 96.985 32.2253 230.79
1800 (5.17699,145.664) 0 2 3 (120.723,213.012) (6.19318,479.261) (6.19318,479.261) 59.5888 nan nan
---- (6.19318,479.261) 0 2 3 (5.17699,145.664) (363.792,395.5) (120.723,213.012) 76.9916 53.5417 229.467
---- (120.723,213.012) 0 1 3 (239.646,151.102) (124.512,402.988) (364.328,221.471) 116.358 86.8687 156.773
---- (124.512,402.988) 0 1 3 (6.19318,479.261) (238.811,479.18) (5.17699,145.664) 113.505 148.567 97.9279
---- (239.646,151.102) 0 1 2 (238.811,479.18) (120.723,213.012) (5.17699,145.664) 62.3534 28.8297 268.817
---- (238.811,479.18) 0 1 2 (124.512,402.988) (364.328,221.471) (364.328,221.471) 82.2805 1.20742e-06 277.719
---- (364.328,221.471) 1 2 3 (363.792,395.5) (239.646,151.102) (363.792,395.5) 119.263 119.263 121.474
---- (363.792,395.5) 1 2 3 (239.646,151.102) (238.811,479.18) (124.512,402.988) 96.8752 32.0119 231.113
1900 (5.17699,145.664) 0 2 3 (120.723,213.012) (6.29213,478.989) (6.29213,478.989) 59.5717 0 300.428
---- (6.29213,478.989) 0 2 3 (5.17699,145.664) (364.365,395.952) (120.723,213.012) 77.1357 53.6652 229.199
---- (120.723,213.012) 0 1 3 (239.531,151.172) (124.5,403.625) (364.292,221.458) 116.362 86.8787 156.759
---- (124.5,403.625) 0 1 3 (6.29213,478.989) (238.992,476.597) (5.17699,145.664) 114.969 147.335 97.6962
---- (239.531,151.172) 0 1 2 (238.992,476.597) (120.723,213.012) (5.17699,145.664) 62.4078 28.8435 268.749
---- (238.992,476.597) 0 1 2 (124.5,403.625) (364.292,221.458) (364.292,221.458) 83.6444 0 276.356
---- (364.292,221.458) 1 2 3 (364.365,395.952) (239.531,151.172) (364.365,395.952) 119.42 119.42 121.16
---- (364.365,395.952) 1 2 3 (239.531,151.172) (238.992,476.597) (124.5,403.625) 95.7296 30.9183 233.352
2000 (5.17699,145.664) 0 2 3 (120.549,213.11) (6.30682,478.977) (6.30682,478.977) 59.4953 nan nan
---- (6.30682,478.977) 0 2 3 (5.17699,145.664) (364.365,395.952) (120.549,213.11) 77.1394 53.6923 229.168
---- (120.549,213.11) 0 1 3 (124.81,403.671) (124.81,403.671) (364.292,221.458) nan 86.7573 nan
---- (124.81,403.671) 0 1 3 (239.531,151.172) (239.11,476.653) (5.17699,145.664) 98.1243 147.435 114.441
---- (239.531,151.172) 0 1 2 (239.11,476.653) (120.549,213.11) (5.17699,145.664) 62.4261 28.8462 268.728
---- (239.11,476.653) 0 1 2 (6.30682,478.977) (364.292,221.458) (364.292,221.458) 116.702 0 243.298
---- (364.292,221.458) 1 2 3 (364.365,395.952) (239.531,151.172) (364.365,395.952) 119.42 119.42 121.16
---- (364.365,395.952) 1 2 3 (239.531,151.172) (239.11,476.653) (124.81,403.671) 95.7724 30.9477 233.28
2100 (5.17544,145.702) 0 2 3 (120.549,213.11) (6.26374,478.571) (6.26374,478.571) 59.5167 0 300.483
---- (6.26374,478.571) 0 2 3 (5.17544,145.702) (364.646,396.102) (120.549,213.11) 77.2283 53.7484 229.023
---- (120.549,213.11) 0 1 3 (124.939,403.72) (124.939,403.72) (364.292,221.458) 0 86.7189 273.281
---- (124.939,403.72) 0 1 3 (239.531,151.172) (239.057,476.025) (5.17544,145.702) 97.9523 147.257 114.79
---- (239.531,151.172) 0 1 2 (239.057,476.025) (120.549,213.11) (5.17544,145.702) 62.4166 28.8369 268.746
---- (239.057,476.025) 0 1 2 (6.26374,478.571) (364.292,221.458) (364.292,221.458) 116.822 1.20742e-06 243.178
---- (364.292,221.458) 1 2 3 (364.646,396.102) (239.531,151.172) (364.646,396.102) 119.512 119.512 120.976
---- (364.646,396.102) 1 2 3 (239.531,151.172) (239.057,476.025) (124.939,403.72) 95.4133 30.6519 233.935
2200 (5.17544,145.702) 0 2 3 (120.549,213.11) (6.41975,475.802) (6.41975,475.802) 59.488 nan nan
---- (6.41975,475.802) 0 2 3 (5.17544,145.702) (364.646,396.102) (120.549,213.11) 77.6728 53.9739 228.353
---- (120.549,213.11) 0 1 3 (124.939,403.72) (124.939,403.72) (364.174,221.405) 0 86.7304 273.27
---- (124.939,403.72) 0 1 3 (239.531,151.172) (239.057,476.025) (5.17544,145.702) 97.9523 147.257 114.79
---- (239.531,151.172) 0 1 2 (239.057,476.025) (120.549,213.11) (364.174,221.405) 62.4166 123.1 174.483
---- (239.057,476.025) 0 1 2 (6.41975,475.802) (364.174,221.405) (239.531,151.172) 116.114 26.0852 217.801
---- (364.174,221.405) 1 2 3 (364.646,396.102) (5.17544,145.702) (364.646,396.102) 102.063 102.063 155.875
---- (364.646,396.102) 1 2 3 (239.531,151.172) (239.057,476.025) (124.939,403.72) 95.4133 30.6519 233.935
2300 (5.17544,145.702) 0 2 3 (120.549,213.11) (5.83333,475.774) (5.83333,475.774) 59.5898 0 300.41
---- (5.83333,475.774) 0 2 3 (5.17544,145.702) (364.646,396.102) (120.549,213.11) 77.5952 53.8883 228.516
---- (120.549,213.11) 0 1 3 (239.531,151.172) (121.023,405.511) (364.174,221.405) 117.359 87.9087 154.733
---- (121.023,405.511) 0 1 3 (5.83333,475.774) (239.091,476.033) (5.17544,145.702) 117.768 144.881 97.3503
---- (239.531,151.172) 0 1 2 (239.091,476.033) (120.549,213.11) (364.174,221.405) 62.4225 123.1 174.478
---- (239.091,476.033) 0 1 2 (121.023,405.511) (364.174,221.405) (239.531,151.172) 85.3122 26.0843 248.603
---- (364.174,221.405) 1 2 3 (364.646,396.102) (5.17544,145.702) (364.646,396.102) 102.063 102.063 155.875
---- (364.646,396.102) 1 2 3 (239.531,151.172) (239.091,476.033) (121.023,405.511) 95.423 30.2699 234.307
2400 (5.17544,145.702) 0 2 3 (120.549,213.11) (5.96386,475.723) (5.96386,475.723) 59.5671 0 300.433
---- (5.96386,475.723) 0 2 3 (5.17544,145.702) (364.683,396.071) (120.549,213.11) 77.6178 53.908 228.474
---- (120.549,213.11) 0 1 3 (239.365,150.952) (121.059,406.059) (364.174,221.405) 117.464 87.8984 154.637
---- (121.059,406.059) 0 1 3 (5.96386,475.723) (239.091,476.033) (5.17544,145.702) 118.153 144.655 97.1919
---- (239.365,150.952) 0 1 2 (239.091,476.033) (120.549,213.11) (364.174,221.405) 62.3359 122.94 174.724
---- (239.091,476.033) 0 1 2 (121.059,406.059) (364.174,221.405) (239.365,150.952) 85.5008 26.1136 248.386
---- (364.174,221.405) 1 2 3 (364.683,396.071) (5.17544,145.702) (364.683,396.071) 102.075 102.075 155.851
---- (364.683,396.071) 1 2 3 (239.365,150.952) (239.091,476.033) (121.059,406.059) 95.4056 30.1365 234.458
2500 (5.17544,145.702) 0 2 3 (120.549,213.11) (5.64706,475.294) (5.64706,475.294) 59.622 8.53774e-07 300.378
---- (5.64706,475.294) 0 2 3 (5.17544,145.702) (364.609,396.445) (120.549,213.11) 77.6933 53.946 228.361
---- (120.549,213.11) 0 1 3 (239.365,150.952) (120.893,406.607) (364.174,221.405) 117.514 87.948 154.538
---- (120.893,406.607) 0 1 3 (5.64706,475.294) (239.024,475.691) (5.17544,145.702) 118.886 144.238 96.8768
---- (239.365,150.952) 0 1 2 (239.024,475.691) (120.549,213.11) (364.174,221.405) 62.3241 122.94 174.736
---- (239.024,475.691) 0 1 2 (120.893,406.607) (364.174,221.405) (239.365,150.952) 85.8852 26.1444 247.97
---- (364.174,221.405) 1 2 3 (364.609,396.445) (5.17544,145.702) (364.609,396.445) 102.05 102.05 155.899
---- (364.609,396.445) 1 2 3 (239.365,150.952) (239.024,475.691) (120.893,406.607) 95.2229 29.8649 234.912
2600 (5.04348,145.739) 0 2 3 (120.893,213.393) (5.81395,475) (5.81395,475) 59.5819 8.53774e-07 300.418
---- (5.81395,475) 0 2 3 (5.04348,145.739) (363.571,399.454) (120.893,213.393) 78.2103 54.3319 227.458
---- (120.893,213.393) 0 1 3 (239.365,150.952) (120.893,406.607) (364.174,221.405) 117.791 88.1137 154.095
---- (120.893,406.607) 0 1 3 (5.81395,475) (238.571,475.546) (5.04348,145.739) 118.914 144.308 96.7779
---- (239.365,150.952) 0 1 2 (238.571,475.546) (120.893,213.393) (364.174,221.405) 62.0686 122.765 175.167
---- (238.571,475.546) 0 1 2 (120.893,406.607) (364.174,221.405) (239.365,150.952) 85.9367 26.1595 247.904
---- (364.174,221.405) 1 2 3 (363.571,399.454) (5.04348,145.739) (363.571,399.454) 101.704 101.704 156.592
---- (363.571,399.454) 1 2 3 (239.365,150.952) (238.571,475.546) (120.893,406.607) 94.7737 29.6421 235.584
2700 (5.04348,145.739) 0 2 3 (120.893,213.393) (5.81395,475) (5.81395,475) 59.5819 8.53774e-07 300.418
---- (5.81395,475) 0 2 3 (5.04348,145.739) (363.571,399.454) (120.893,213.393) 78.2103 54.3319 227.458
---- (120.893,213.393) 0 1 3 (239.365,150.952) (120.549,406.89) (364.174,221.405) 117.893 88.2156 153.891
---- (120.549,406.89) 0 1 3 (5.81395,475) (238.571,475.546) (5.04348,145.739) 119.118 144.047 96.8351
---- (239.365,150.952) 0 1 2 (238.571,475.546) (120.893,213.393) (364.174,221.405) 62.0686 122.765 175.167
---- (238.571,475.546) 0 1 2 (120.549,406.89) (364.174,221.405) (239.365,150.952) 86.1122 26.1595 247.728
---- (364.174,221.405) 1 2 3 (363.571,399.454) (5.04348,145.739) (363.571,399.454) 101.704 101.704 156.592
---- (363.571,399.454) 1 2 3 (239.365,150.952) (238.571,475.546) (120.549,406.89) 94.7737 29.5778 235.649
2800 (5.04348,145.739) 0 2 3 (120.893,213.393) (5.81395,475) (5.81395,475) 59.5819 8.53774e-07 300.418
---- (5.81395,475) 0 2 3 (5.04348,145.739) (363.571,399.454) (120.893,213.393) 78.2103 54.3319 227.458
---- (120.893,213.393) 0 1 3 (239.365,150.952) (120.549,406.89) (364.174,221.405) 117.893 88.2156 153.891
---- (120.549,406.89) 0 1 3 (5.81395,475) (238.678,475.289) (5.04348,145.739) 119.234 143.931 96.8351
---- (239.365,150.952) 0 1 2 (238.678,475.289) (120.893,213.393) (364.174,221.405) 62.0872 122.765 175.148
---- (238.678,475.289) 0 1 2 (120.549,406.89) (364.174,221.405) (239.365,150.952) 86.2316 26.1819 247.586
---- (364.174,221.405) 1 2 3 (363.571,399.454) (5.04348,145.739) (363.571,399.454) 101.704 101.704 156.592
---- (363.571,399.454) 1 2 3 (239.365,150.952) (238.678,475.289) (120.549,406.89) 94.7093 29.5134 235.777
2900 (5.04348,145.739) 0 2 3 (120.893,213.393) (5.81395,475) (5.81395,475) 59.5819 8.53774e-07 300.418
---- (5.81395,475) 0 2 3 (5.04348,145.739) (363.678,399.711) (120.893,213.393) 78.2532 54.3748 227.372
---- (120.893,213.393) 0 1 3 (238.843,150.537) (121.037,407.012) (364.174,221.405) 118.011 88.0712 153.918
---- (121.037,407.012) 0 1 3 (5.81395,475) (238.833,475.375) (5.04348,145.739) 119.328 144.068 96.604
---- (238.843,150.537) 0 1 2 (238.833,475.375) (120.893,213.393) (364.174,221.405) 61.9451 122.461 175.594
---- (238.833,475.375) 0 1 2 (121.037,407.012) (364.174,221.405) (238.843,150.537) 86.1389 26.2657 247.595
---- (364.174,221.405) 1 2 3 (363.678,399.711) (5.04348,145.739) (363.678,399.711) 101.738 101.738 156.523
---- (363.678,399.711) 1 2 3 (238.843,150.537) (238.833,475.375) (121.037,407.012) 94.6081 29.4951 235.897
3000 (5.04348,145.739) 0 2 3 (120.893,213.393) (5.86207,474.77) (5.86207,474.77) 59.5734 8.53774e-07 300.427
---- (5.86207,474.77) 0 2 3 (5.04348,145.739) (363.833,399.625) (120.893,213.393) 78.2872 54.3906 227.322
---- (120.893,213.393) 0 1 3 (238.843,150.537) (121.037,407.012) (363.992,221.597) 118.011 88.0247 153.965
---- (121.037,407.012) 0 1 3 (5.86207,474.77) (238.833,475.375) (5.04348,145.739) 119.403 144.068 96.5296
---- (238.843,150.537) 0 1 2 (238.833,475.375) (120.893,213.393) (363.992,221.597) 61.9451 122.359 175.696
---- (238.833,475.375) 0 1 2 (121.037,407.012) (363.992,221.597) (238.843,150.537) 86.123 26.2499 247.627
---- (363.992,221.597) 1 2 3 (363.833,399.625) (5.04348,145.739) (363.833,399.625) 101.882 101.882 156.236
---- (363.833,399.625) 1 2 3 (238.843,150.537) (238.833,475.375) (121.037,407.012) 94.5687 29.4732 235.958
3100 (5.04348,145.739) 0 2 3 (121.034,213.966) (5.86207,474.77) (5.86207,474.77) 59.3932 8.53774e-07 300.607
---- (5.86207,474.77) 0 2 3 (5.04348,145.739) (363.833,399.625) (121.034,213.966) 78.2872 54.3182 227.395
---- (121.034,213.966) 0 1 3 (238.843,150.537) (121.037,407.012) (363.992,221.597) 118.297 88.2003 153.502
---- (121.037,407.012) 0 1 3 (5.86207,474.77) (238.833,475.375) (5.04348,145.739) 119.403 144.068 96.5296
---- (238.843,150.537) 0 1 2 (238.833,475.375) (121.034,213.966) (363.992,221.597) 61.7002 122.114 176.186
---- (238.833,475.375) 0 1 2 (121.037,407.012) (363.992,221.597) (238.843,150.537) 86.123 26.2499 247.627
---- (363.992,221.597) 1 2 3 (363.833,399.625) (5.04348,145.739) (363.833,399.625) 101.882 101.882 156.236
---- (363.833,399.625) 1 2 3 (238.843,150.537) (238.833,475.375) (121.037,407.012) 94.5687 29.4732 235.958
3200 (5.04348,145.739) 0 2 3 (121.034,213.966) (5.86207,474.77) (5.86207,474.77) 59.3932 8.53774e-07 300.607
---- (5.86207,474.77) 0 2 3 (5.04348,145.739) (363.833,399.625) (121.034,213.966) 78.2872 54.3182 227.395
---- (121.034,213.966) 0 1 3 (238.843,150.537) (121.037,407.012) (363.992,221.597) 118.297 88.2003 153.502
---- (121.037,407.012) 0 1 3 (5.86207,474.77) (238.833,475.375) (5.04348,145.739) 119.403 144.068 96.5296
---- (238.843,150.537) 0 1 2 (238.833,475.375) (121.034,213.966) (363.992,221.597) 61.7002 122.114 176.186
---- (238.833,475.375) 0 1 2 (121.037,407.012) (363.992,221.597) (238.843,150.537) 86.123 26.2499 247.627
---- (363.992,221.597) 1 2 3 (363.833,399.625) (5.04348,145.739) (363.833,399.625) 101.882 101.882 156.236
---- (363.833,399.625) 1 2 3 (238.843,150.537) (238.833,475.375) (121.037,407.012) 94.5687 29.4732 235.958
3300 (5.04348,145.739) 0 2 3 (121.034,213.966) (5.86207,474.77) (5.86207,474.77) 59.3932 8.53774e-07 300.607
---- (5.86207,474.77) 0 2 3 (5.04348,145.739) (363.833,399.625) (121.034,213.966) 78.2872 54.3182 227.395
---- (121.034,213.966) 0 1 3 (238.843,150.537) (121.037,407.012) (363.992,221.597) 118.297 88.2003 153.502
---- (121.037,407.012) 0 1 3 (5.86207,474.77) (238.833,475.375) (5.04348,145.739) 119.403 144.068 96.5296
---- (238.843,150.537) 0 1 2 (238.833,475.375) (121.034,213.966) (363.992,221.597) 61.7002 122.114 176.186
---- (238.833,475.375) 0 1 2 (121.037,407.012) (363.992,221.597) (238.843,150.537) 86.123 26.2499 247.627
---- (363.992,221.597) 1 2 3 (363.833,399.625) (5.04348,145.739) (363.833,399.625) 101.882 101.882 156.236
---- (363.833,399.625) 1 2 3 (238.843,150.537) (238.833,475.375) (121.037,407.012) 94.5687 29.4732 235.958
3400 (5.04348,145.739) 0 2 3 (120.93,214.07) (5.79545,474.602) (5.79545,474.602) 59.344 nan nan
---- (5.79545,474.602) 0 2 3 (5.04348,145.739) (363.833,399.625) (120.93,214.07) 78.3035 54.3309 227.366
---- (120.93,214.07) 0 1 3 (238.843,150.537) (121.084,407.048) (363.992,221.597) 118.27 88.1805 153.549
---- (121.084,407.048) 0 1 3 (5.79545,474.602) (238.833,475.375) (5.04348,145.739) 119.506 144.07 96.4236
---- (238.843,150.537) 0 1 2 (238.833,475.375) (120.93,214.07) (363.992,221.597) 61.6821 122.096 176.222
---- (238.833,475.375) 0 1 2 (121.084,407.048) (363.992,221.597) (238.843,150.537) 86.126 26.2499 247.624
---- (363.992,221.597) 1 2 3 (363.833,399.625) (5.04348,145.739) (363.833,399.625) 101.882 101.882 156.236
---- (363.833,399.625) 1 2 3 (238.843,150.537) (238.833,475.375) (121.084,407.048) 94.5687 29.4643 235.967
3500 (5.04348,145.739) 0 2 3 (120.899,214.607) (5.79545,474.602) (5.79545,474.602) 59.1406 nan nan
---- (5.79545,474.602) 0 2 3 (5.04348,145.739) (363.833,399.625) (120.899,214.607) 78.3035 54.2929 227.404
---- (120.899,214.607) 0 1 3 (238.992,150.126) (121.084,407.048) (363.992,221.597) 118.58 88.2978 153.122
---- (121.084,407.048) 0 1 3 (5.79545,474.602) (238.908,475.42) (5.04348,145.739) 119.505 144.071 96.4236
---- (238.992,150.126) 0 1 2 (238.908,475.42) (120.899,214.607) (363.992,221.597) 61.3499 121.605 177.045
---- (238.908,475.42) 0 1 2 (121.084,407.048) (363.992,221.597) (238.992,150.126) 86.1078 26.2192 247.673
---- (363.992,221.597) 1 2 3 (363.833,399.625) (5.04348,145.739) (363.833,399.625) 101.882 101.882 156.236
---- (363.833,399.625) 1 2 3 (238.992,150.126) (238.908,475.42) (121.084,407.048) 94.6641 29.4946 235.841
3600 (5.04348,145.739) 0 2 3 (120.899,214.607) (5.79545,474.602) (5.79545,474.602) 59.1406 nan nan
---- (5.79545,474.602) 0 2 3 (5.04348,145.739) (363.833,399.625) (120.899,214.607) 78.3035 54.2929 227.404
---- (120.899,214.607) 0 1 3 (238.992,150.126) (121.28,407.134) (363.992,221.597) 118.522 88.2394 153.239
---- (121.28,407.134) 0 1 3 (5.79545,474.602) (238.908,475.42) (5.04348,145.739) 119.569 144.11 96.3204
---- (238.992,150.126) 0 1 2 (238.908,475.42) (120.899,214.607) (363.992,221.597) 61.3499 121.605 177.045
---- (238.908,475.42) 0 1 2 (121.28,407.134) (363.992,221.597) (238.992,150.126) 86.0976 26.2192 247.683
---- (363.992,221.597) 1 2 3 (363.833,399.625) (5.04348,145.739) (363.833,399.625) 101.882 101.882 156.236
---- (363.833,399.625) 1 2 3 (238.992,150.126) (238.908,475.42) (121.28,407.134) 94.6641 29.4729 235.863
3700 (5.04348,145.739) 0 2 3 (120.899,214.607) (5.79545,474.602) (5.79545,474.602) 59.1406 nan nan
---- (5.79545,474.602) 0 2 3 (5.04348,145.739) (363.908,399.58) (120.899,214.607) 78.299 54.2884 227.413
---- (120.899,214.607) 0 1 3 (238.992,150.126) (121.28,407.134) (363.992,221.597) 118.522 88.2394 153.239
---- (121.28,407.134) 0 1 3 (5.79545,474.602) (239.39,475.081) (5.04348,145.739) 119.795 143.885 96.3204
---- (238.992,150.126) 0 1 2 (239.39,475.081) (120.899,214.607) (363.992,221.597) 61.435 121.605 176.96
---- (239.39,475.081) 0 1 2 (121.28,407.134) (363.992,221.597) (238.992,150.126) 86.2653 26.2469 247.488
---- (363.992,221.597) 1 2 3 (363.908,399.58) (5.04348,145.739) (363.908,399.58) 101.906 101.906 156.188
---- (363.908,399.58) 1 2 3 (238.992,150.126) (239.39,475.081) (121.28,407.134) 94.6309 29.4473 235.922
3800 (5.04348,145.739) 0 2 3 (120.795,214.545) (5.79545,474.602) (5.79545,474.602) 59.1405 nan nan
---- (5.79545,474.602) 0 2 3 (5.04348,145.739) (364.39,399.919) (120.795,214.545) 78.3663 54.3798 227.254
---- (120.795,214.545) 0 1 3 (238.992,150.126) (121.28,407.134) (363.992,221.597) 118.447 88.1949 153.358
---- (121.28,407.134) 0 1 3 (5.79545,474.602) (239.39,475.081) (5.04348,145.739) 119.795 143.885 96.3204
---- (238.992,150.126) 0 1 2 (239.39,475.081) (120.795,214.545) (363.992,221.597) 61.479 121.649 176.872
---- (239.39,475.081) 0 1 2 (121.28,407.134) (363.992,221.597) (238.992,150.126) 86.2653 26.2469 247.488
---- (363.992,221.597) 1 2 3 (364.39,399.919) (5.04348,145.739) (364.39,399.919) 102.061 102.061 155.878
---- (364.39,399.919) 1 2 3 (238.992,150.126) (239.39,475.081) (121.28,407.134) 94.3614 29.3185 236.32
3900 (5.04348,145.739) 0 2 3 (120.795,214.545) (5.27473,474.451) (5.27473,474.451) 59.2312 nan nan
---- (5.27473,474.451) 0 2 3 (5.04348,145.739) (364.39,399.919) (120.795,214.545) 78.3154 54.3113 227.373
---- (120.795,214.545) 0 1 3 (238.992,150.126) (121.131,406.964) (363.992,221.597) 118.491 88.2393 153.269
---- (121.131,406.964) 0 1 3 (5.27473,474.451) (239.39,475.081) (5.04348,145.739) 119.837 143.902 96.2606
---- (238.992,150.126) 0 1 2 (239.39,475.081) (120.795,214.545) (363.992,221.597) 61.479 121.649 176.872
---- (239.39,475.081) 0 1 2 (121.131,406.964) (363.992,221.597) (238.992,150.126) 86.2348 26.2469 247.518
---- (363.992,221.597) 1 2 3 (364.39,399.919) (5.04348,145.739) (364.39,399.919) 102.061 102.061 155.878
---- (364.39,399.919) 1 2 3 (238.992,150.126) (239.39,475.081) (121.131,406.964) 94.3614 29.3595 236.279
4000 (5.04348,145.739) 0 2 3 (120.795,214.545) (5.27473,474.451) (5.27473,474.451) 59.2312 nan nan
---- (5.27473,474.451) 0 2 3 (5.04348,145.739) (364.39,399.919) (120.795,214.545) 78.3154 54.3113 227.373
---- (120.795,214.545) 0 1 3 (238.992,150.126) (121.131,406.964) (363.992,221.597) 118.491 88.2393 153.269
---- (121.131,406.964) 0 1 3 (5.27473,474.451) (239.39,475.081) (5.04348,145.739) 119.837 143.902 96.2606
---- (238.992,150.126) 0 1 2 (239.39,475.081) (120.795,214.545) (363.992,221.597) 61.479 121.649 176.872
---- (239.39,475.081) 0 1 2 (121.131,406.964) (363.992,221.597) (238.992,150.126) 86.2348 26.2469 247.518
---- (363.992,221.597) 1 2 3 (364.39,399.919) (5.04348,145.739) (364.39,399.919) 102.061 102.061 155.878
---- (364.39,399.919) 1 2 3 (238.992,150.126) (239.39,475.081) (121.131,406.964) 94.3614 29.3595 236.279
4100 (5.04348,145.739) 0 2 3 (120.795,214.545) (5.27473,474.451) (5.27473,474.451) 59.2312 nan nan
---- (5.27473,474.451) 0 2 3 (5.04348,145.739) (364.39,399.919) (120.795,214.545) 78.3154 54.3113 227.373
---- (120.795,214.545) 0 1 3 (238.992,150.126) (121.131,406.964) (363.992,221.597) 118.491 88.2393 153.269
---- (121.131,406.964) 0 1 3 (5.27473,474.451) (238.95,474.916) (5.04348,145.739) 119.805 143.934 96.2606
---- (238.992,150.126) 0 1 2 (238.95,474.916) (120.795,214.545) (363.992,221.597) 61.4013 121.649 176.949
---- (238.95,474.916) 0 1 2 (121.131,406.964) (363.992,221.597) (238.992,150.126) 86.2975 26.2642 247.438
---- (363.992,221.597) 1 2 3 (364.39,399.919) (5.04348,145.739) (364.39,399.919) 102.061 102.061 155.878
---- (364.39,399.919) 1 2 3 (238.992,150.126) (238.95,474.916) (121.131,406.964) 94.2168 29.2149 236.568
4200 (5.04348,145.739) 0 2 3 (120.795,214.545) (5.27473,474.451) (5.27473,474.451) 59.2312 nan nan
---- (5.27473,474.451) 0 2 3 (5.04348,145.739) (364.39,399.919) (120.795,214.545) 78.3154 54.3113 227.373
---- (120.795,214.545) 0 1 3 (238.992,150.126) (121.131,406.964) (363.992,221.597) 118.491 88.2393 153.269
---- (121.131,406.964) 0 1 3 (5.27473,474.451) (238.95,474.916) (5.04348,145.739) 119.805 143.934 96.2606
---- (238.992,150.126) 0 1 2 (238.95,474.916) (120.795,214.545) (363.992,221.597) 61.4013 121.649 176.949
---- (238.95,474.916) 0 1 2 (121.131,406.964) (363.992,221.597) (238.992,150.126) 86.2975 26.2642 247.438
---- (363.992,221.597) 1 2 3 (364.39,399.919) (5.04348,145.739) (364.39,399.919) 102.061 102.061 155.878
---- (364.39,399.919) 1 2 3 (238.992,150.126) (238.95,474.916) (121.131,406.964) 94.2168 29.2149 236.568
4300 (5.04348,145.739) 0 2 3 (120.795,214.545) (5.27473,474.451) (5.27473,474.451) 59.2312 nan nan
---- (5.27473,474.451) 0 2 3 (5.04348,145.739) (363.95,400.084) (120.795,214.545) 78.3267 54.3226 227.351
---- (120.795,214.545) 0 1 3 (238.992,150.126) (121.131,406.964) (363.992,221.597) 118.491 88.2393 153.269
---- (121.131,406.964) 0 1 3 (5.27473,474.451) (238.95,474.916) (5.04348,145.739) 119.805 143.934 96.2606
---- (238.992,150.126) 0 1 2 (238.95,474.916) (120.795,214.545) (363.992,221.597) 61.4013 121.649 176.949
---- (238.95,474.916) 0 1 2 (121.131,406.964) (363.992,221.597) (238.992,150.126) 86.2975 26.2642 247.438
---- (363.992,221.597) 1 2 3 (363.95,400.084) (5.04348,145.739) (363.95,400.084) 101.919 101.919 156.161
---- (363.95,400.084) 1 2 3 (238.992,150.126) (238.95,474.916) (121.131,406.964) 94.3459 29.284 236.37
4400 (5.04348,145.739) 0 2 3 (120.795,214.545) (5.27473,474.451) (5.27473,474.451) 59.2312 nan nan
---- (5.27473,474.451) 0 2 3 (5.04348,145.739) (363.95,400.084) (120.795,214.545) 78.3267 54.3226 227.351
---- (120.795,214.545) 0 1 3 (238.992,150.126) (120.671,407.134) (363.992,221.597) 118.628 88.3763 152.995
---- (120.671,407.134) 0 1 3 (5.27473,474.451) (238.941,474.915) (5.04348,145.739) 119.926 143.679 96.3952
---- (238.992,150.126) 0 1 2 (238.941,474.915) (120.795,214.545) (363.992,221.597) 61.3997 121.649 176.951
---- (238.941,474.915) 0 1 2 (120.671,407.134) (363.992,221.597) (238.992,150.126) 86.456 26.2643 247.28
---- (363.992,221.597) 1 2 3 (363.95,400.084) (5.04348,145.739) (363.95,400.084) 101.919 101.919 156.161
---- (363.95,400.084) 1 2 3 (238.992,150.126) (238.941,474.915) (120.671,407.134) 94.3438 29.2451 236.411
4500 (5.04348,145.739) 0 2 3 (120.795,214.545) (5.27473,474.451) (5.27473,474.451) 59.2312 nan nan
---- (5.27473,474.451) 0 2 3 (5.04348,145.739) (363.95,400.084) (120.795,214.545) 78.3267 54.3226 227.351
---- (120.795,214.545) 0 1 3 (238.992,150.126) (120.167,409.722) (363.992,221.597) 118.776 88.5238 152.7
---- (120.167,409.722) 0 1 3 (5.27473,474.451) (238.941,474.915) (5.04348,145.739) 121.842 142.324 95.8342
---- (238.992,150.126) 0 1 2 (238.941,474.915) (120.795,214.545) (363.992,221.597) 61.3997 121.649 176.951
---- (238.941,474.915) 0 1 2 (120.167,409.722) (363.992,221.597) (238.992,150.126) 87.5117 26.2643 246.224
---- (363.992,221.597) 1 2 3 (363.95,400.084) (5.04348,145.739) (363.95,400.084) 101.919 101.919 156.161
---- (363.95,400.084) 1 2 3 (238.992,150.126) (238.941,474.915) (120.167,409.722) 94.3438 28.641 237.015
4600 (5.04348,145.739) 0 2 3 (120.795,214.545) (5.27473,474.451) (5.27473,474.451) 59.2312 nan nan
---- (5.27473,474.451) 0 2 3 (5.04348,145.739) (363.95,400.084) (120.795,214.545) 78.3267 54.3226 227.351
---- (120.795,214.545) 0 1 3 (238.992,150.126) (120.167,409.722) (363.992,221.597) 118.776 88.5238 152.7
---- (120.167,409.722) 0 1 3 (5.27473,474.451) (238.941,474.915) (5.04348,145.739) 121.842 142.324 95.8342
---- (238.992,150.126) 0 1 2 (238.941,474.915) (120.795,214.545) (363.992,221.597) 61.3997 121.649 176.951
---- (238.941,474.915) 0 1 2 (120.167,409.722) (363.992,221.597) (238.992,150.126) 87.5117 26.2643 246.224
---- (363.992,221.597) 1 2 3 (363.95,400.084) (5.04348,145.739) (363.95,400.084) 101.919 101.919 156.161
---- (363.95,400.084) 1 2 3 (238.992,150.126) (238.941,474.915) (120.167,409.722) 94.3438 28.641 237.015
4700 (5.04348,145.739) 0 2 3 (120.795,214.545) (5.27473,474.451) (5.27473,474.451) 59.2312 nan nan
---- (5.27473,474.451) 0 2 3 (5.04348,145.739) (363.941,400.085) (120.795,214.545) 78.3266 54.3224 227.351
---- (120.795,214.545) 0 1 3 (239,150.125) (120.167,409.722) (363.992,221.597) 118.775 88.5238 152.702
---- (120.167,409.722) 0 1 3 (5.27473,474.451) (238.792,474.5) (5.04348,145.739) 121.966 142.2 95.8342
---- (239,150.125) 0 1 2 (238.792,474.5) (120.795,214.545) (363.992,221.597) 61.3732 121.649 176.978
---- (238.792,474.5) 0 1 2 (120.167,409.722) (363.992,221.597) (239,150.125) 87.7 26.3009 245.999
---- (363.992,221.597) 1 2 3 (363.941,400.085) (5.04348,145.739) (363.941,400.085) 101.917 101.917 156.167
---- (363.941,400.085) 1 2 3 (239,150.125) (238.792,474.5) (120.167,409.722) 94.1784 28.4723 237.349
4800 (5.04348,145.739) 0 2 3 (120.795,214.545) (5.27473,474.451) (5.27473,474.451) 59.2312 nan nan
---- (5.27473,474.451) 0 2 3 (5.04348,145.739) (363.941,400.085) (120.795,214.545) 78.3266 54.3224 227.351
---- (120.795,214.545) 0 1 3 (239,150.125) (120.167,409.722) (363.992,221.597) 118.775 88.5238 152.702
---- (120.167,409.722) 0 1 3 (5.27473,474.451) (238.792,474.5) (5.04348,145.739) 121.966 142.2 95.8342
---- (239,150.125) 0 1 2 (238.792,474.5) (120.795,214.545) (363.992,221.597) 61.3732 121.649 176.978
---- (238.792,474.5) 0 1 2 (120.167,409.722) (363.992,221.597) (239,150.125) 87.7 26.3009 245.999
---- (363.992,221.597) 1 2 3 (363.941,400.085) (5.04348,145.739) (363.941,400.085) 101.917 101.917 156.167
---- (363.941,400.085) 1 2 3 (239,150.125) (238.792,474.5) (120.167,409.722) 94.1784 28.4723 237.349
4900 (5.04348,145.739) 0 2 3 (120.747,214.54) (5.44444,474.444) (5.44444,474.444) 59.193 0 300.807
---- (5.44444,474.444) 0 2 3 (5.04348,145.739) (363.941,400.085) (120.747,214.54) 78.3517 54.358 227.29
---- (120.747,214.54) 0 1 3 (239,150.125) (120.167,409.722) (363.992,221.597) 118.749 88.5087 152.743
---- (120.167,409.722) 0 1 3 (5.44444,474.444) (238.792,474.5) (5.04348,145.739) 121.932 142.2 95.8681
---- (239,150.125) 0 1 2 (238.792,474.5) (120.747,214.54) (363.992,221.597) 61.385 121.66 176.955
---- (238.792,474.5) 0 1 2 (120.167,409.722) (363.992,221.597) (239,150.125) 87.7 26.3009 245.999
---- (363.992,221.597) 1 2 3 (363.941,400.085) (5.04348,145.739) (363.941,400.085) 101.917 101.917 156.167
---- (363.941,400.085) 1 2 3 (239,150.125) (238.792,474.5) (120.167,409.722) 94.1784 28.4723 237.349
5000 (5.04348,145.739) 0 2 3 (120.747,214.54) (5.44444,474.444) (5.44444,474.444) 59.193 0 300.807
---- (5.44444,474.444) 0 2 3 (5.04348,145.739) (363.941,400.085) (120.747,214.54) 78.3517 54.358 227.29
---- (120.747,214.54) 0 1 3 (238.95,150.084) (120.167,409.722) (363.992,221.597) 118.774 88.5087 152.717
---- (120.167,409.722) 0 1 3 (5.44444,474.444) (238.792,474.5) (5.04348,145.739) 121.932 142.2 95.8681
---- (238.95,150.084) 0 1 2 (238.792,474.5) (120.747,214.54) (363.992,221.597) 61.3683 121.631 177.001
---- (238.792,474.5) 0 1 2 (120.167,409.722) (363.992,221.597) (238.95,150.084) 87.7 26.3098 245.99
---- (363.992,221.597) 1 2 3 (363.941,400.085) (5.04348,145.739) (363.941,400.085) 101.917 101.917 156.167
---- (363.941,400.085) 1 2 3 (238.95,150.084) (238.792,474.5) (120.167,409.722) 94.1729 28.4723 237.355
5100 (5.04348,145.739) 0 2 3 (120.511,214.602) (5.44444,474.444) (5.44444,474.444) 59.119 0 300.881
---- (5.44444,474.444) 0 2 3 (5.04348,145.739) (363.941,400.085) (120.511,214.602) 78.3517 54.3964 227.252
---- (120.511,214.602) 0 1 3 (238.95,150.084) (120.167,409.722) (363.992,221.597) 118.68 88.4558 152.864
---- (120.167,409.722) 0 1 3 (5.44444,474.444) (238.792,474.5) (5.04348,145.739) 121.932 142.2 95.8681
---- (238.95,150.084) 0 1 2 (238.792,474.5) (120.511,214.602) (363.992,221.597) 61.3931 121.655 176.951
---- (238.792,474.5) 0 1 2 (120.167,409.722) (363.992,221.597) (238.95,150.084) 87.7 26.3098 245.99
---- (363.992,221.597) 1 2 3 (363.941,400.085) (5.04348,145.739) (363.941,400.085) 101.917 101.917 156.167
---- (363.941,400.085) 1 2 3 (238.95,150.084) (238.792,474.5) (120.167,409.722) 94.1729 28.4723 237.355
5200 (5.04348,145.739) 0 2 3 (120.511,214.602) (5.65934,474.121) (5.65934,474.121) 59.0814 nan nan
---- (5.65934,474.121) 0 2 3 (5.04348,145.739) (363.792,400.5) (120.511,214.602) 78.491 54.5114 226.998
---- (120.511,214.602) 0 1 3 (238.95,150.084) (120.167,409.722) (363.992,221.597) 118.68 88.4558 152.864
---- (120.167,409.722) 0 1 3 (5.65934,474.121) (238.792,474.5) (5.04348,145.739) 122.009 142.2 95.7913
---- (238.95,150.084) 0 1 2 (238.792,474.5) (120.511,214.602) (363.992,221.597) 61.3931 121.655 176.951
---- (238.792,474.5) 0 1 2 (120.167,409.722) (363.992,221.597) (238.95,150.084) 87.7 26.3098 245.99
---- (363.992,221.597) 1 2 3 (363.792,400.5) (5.04348,145.739) (363.792,400.5) 101.869 101.869 156.262
---- (363.792,400.5) 1 2 3 (238.95,150.084) (238.792,474.5) (120.167,409.722) 94.1275 28.4577 237.415
5300 (5.04348,145.739) 0 2 3 (120.511,214.602) (5.65934,474.121) (5.65934,474.121) 59.0814 nan nan
---- (5.65934,474.121) 0 2 3 (5.04348,145.739) (363.792,400.5) (120.511,214.602) 78.491 54.5114 226.998
---- (120.511,214.602) 0 1 3 (238.95,150.084) (120.167,409.722) (363.992,221.597) 118.68 88.4558 152.864
---- (120.167,409.722) 0 1 3 (5.65934,474.121) (238.792,474.5) (5.04348,145.739) 122.009 142.2 95.7913
---- (238.95,150.084) 0 1 2 (238.792,474.5) (120.511,214.602) (363.992,221.597) 61.3931 121.655 176.951
---- (238.792,474.5) 0 1 2 (120.167,409.722) (363.992,221.597) (238.95,150.084) 87.7 26.3098 245.99
---- (363.992,221.597) 1 2 3 (363.792,400.5) (5.04348,145.739) (363.792,400.5) 101.869 101.869 156.262
---- (363.792,400.5) 1 2 3 (238.95,150.084) (238.792,474.5) (120.167,409.722) 94.1275 28.4577 237.415
5400 (5.04348,145.739) 0 2 3 (120.511,214.602) (5.65934,474.121) (5.65934,474.121) 59.0814 nan nan
---- (5.65934,474.121) 0 2 3 (5.04348,145.739) (363.792,400.5) (120.511,214.602) 78.491 54.5114 226.998
---- (120.511,214.602) 0 1 3 (238.95,150.084) (120.167,409.722) (363.992,221.597) 118.68 88.4558 152.864
---- (120.167,409.722) 0 1 3 (5.65934,474.121) (238.792,474.5) (5.04348,145.739) 122.009 142.2 95.7913
---- (238.95,150.084) 0 1 2 (238.792,474.5) (120.511,214.602) (363.992,221.597) 61.3931 121.655 176.951
---- (238.792,474.5) 0 1 2 (120.167,409.722) (363.992,221.597) (238.95,150.084) 87.7 26.3098 245.99
---- (363.992,221.597) 1 2 3 (363.792,400.5) (5.04348,145.739) (363.792,400.5) 101.869 101.869 156.262
---- (363.792,400.5) 1 2 3 (238.95,150.084) (238.792,474.5) (120.167,409.722) 94.1275 28.4577 237.415
5500 (5.04348,145.739) 0 2 3 (120.511,214.602) (5.65934,474.121) (5.65934,474.121) 59.0814 nan nan
---- (5.65934,474.121) 0 2 3 (5.04348,145.739) (363.792,400.5) (120.511,214.602) 78.491 54.5114 226.998
---- (120.511,214.602) 0 1 3 (238.95,150.084) (120.167,409.722) (363.992,221.597) 118.68 88.4558 152.864
---- (120.167,409.722) 0 1 3 (5.65934,474.121) (238.792,474.5) (5.04348,145.739) 122.009 142.2 95.7913
---- (238.95,150.084) 0 1 2 (238.792,474.5) (120.511,214.602) (363.992,221.597) 61.3931 121.655 176.951
---- (238.792,474.5) 0 1 2 (120.167,409.722) (363.992,221.597) (238.95,150.084) 87.7 26.3098 245.99
---- (363.992,221.597) 1 2 3 (363.792,400.5) (5.04348,145.739) (363.792,400.5) 101.869 101.869 156.262
---- (363.792,400.5) 1 2 3 (238.95,150.084) (238.792,474.5) (120.167,409.722) 94.1275 28.4577 237.415
5600 (5.04348,145.739) 0 2 3 (120.511,214.602) (5.65934,474.121) (5.65934,474.121) 59.0814 nan nan
---- (5.65934,474.121) 0 2 3 (5.04348,145.739) (363.792,400.5) (120.511,214.602) 78.491 54.5114 226.998
---- (120.511,214.602) 0 1 3 (238.95,150.084) (120.167,409.722) (363.992,221.597) 118.68 88.4558 152.864
---- (120.167,409.722) 0 1 3 (5.65934,474.121) (238.792,474.5) (5.04348,145.739) 122.009 142.2 95.7913
---- (238.95,150.084) 0 1 2 (238.792,474.5) (120.511,214.602) (363.992,221.597) 61.3931 121.655 176.951
---- (238.792,474.5) 0 1 2 (120.167,409.722) (363.992,221.597) (238.95,150.084) 87.7 26.3098 245.99
---- (363.992,221.597) 1 2 3 (363.792,400.5) (5.04348,145.739) (363.792,400.5) 101.869 101.869 156.262
---- (363.792,400.5) 1 2 3 (238.95,150.084) (238.792,474.5) (120.167,409.722) 94.1275 28.4577 237.415
5700 (5.04348,145.739) 0 2 3 (120.511,214.602) (5.65934,474.121) (5.65934,474.121) 59.0814 nan nan
---- (5.65934,474.121) 0 2 3 (5.04348,145.739) (363.792,400.5) (120.511,214.602) 78.491 54.5114 226.998
---- (120.511,214.602) 0 1 3 (238.95,150.084) (119.828,410.23) (363.992,221.597) 118.779 88.5548 152.666
---- (119.828,410.23) 0 1 3 (5.65934,474.121) (238.792,474.5) (5.04348,145.739) 122.388 141.84 95.7724
---- (238.95,150.084) 0 1 2 (238.792,474.5) (120.511,214.602) (363.992,221.597) 61.3931 121.655 176.951
---- (238.792,474.5) 0 1 2 (119.828,410.23) (363.992,221.597) (238.95,150.084) 87.9577 26.3098 245.732
---- (363.992,221.597) 1 2 3 (363.792,400.5) (5.04348,145.739) (363.792,400.5) 101.869 101.869 156.262
---- (363.792,400.5) 1 2 3 (238.95,150.084) (238.792,474.5) (119.828,410.23) 94.1275 28.3416 237.531
5800 (5.04348,145.739) 0 2 3 (120.511,214.602) (5.65934,474.121) (5.65934,474.121) 59.0814 nan nan
---- (5.65934,474.121) 0 2 3 (5.04348,145.739) (363.792,400.5) (120.511,214.602) 78.491 54.5114 226.998
---- (120.511,214.602) 0 1 3 (238.95,150.084) (119.828,410.23) (363.992,221.597) 118.779 88.5548 152.666
---- (119.828,410.23) 0 1 3 (5.65934,474.121) (238.792,474.5) (5.04348,145.739) 122.388 141.84 95.7724
---- (238.95,150.084) 0 1 2 (238.792,474.5) (120.511,214.602) (363.992,221.597) 61.3931 121.655 176.951
---- (238.792,474.5) 0 1 2 (119.828,410.23) (363.992,221.597) (238.95,150.084) 87.9577 26.3098 245.732
---- (363.992,221.597) 1 2 3 (363.792,400.5) (5.04348,145.739) (363.792,400.5) 101.869 101.869 156.262
---- (363.792,400.5) 1 2 3 (238.95,150.084) (238.792,474.5) (119.828,410.23) 94.1275 28.3416 237.531
5900 (5.04348,145.739) 0 2 3 (120.511,214.602) (5.65934,474.121) (5.65934,474.121) 59.0814 nan nan
---- (5.65934,474.121) 0 2 3 (5.04348,145.739) (363.792,400.5) (120.511,214.602) 78.491 54.5114 226.998
---- (120.511,214.602) 0 1 3 (238.95,150.084) (119.828,410.23) (363.992,221.597) 118.779 88.5548 152.666
---- (119.828,410.23) 0 1 3 (5.65934,474.121) (238.792,474.5) (5.04348,145.739) 122.388 141.84 95.7724
---- (238.95,150.084) 0 1 2 (238.792,474.5) (120.511,214.602) (363.992,221.597) 61.3931 121.655 176.951
---- (238.792,474.5) 0 1 2 (119.828,410.23) (363.992,221.597) (238.95,150.084) 87.9577 26.3098 245.732
---- (363.992,221.597) 1 2 3 (363.792,400.5) (5.04348,145.739) (363.792,400.5) 101.869 101.869 156.262
---- (363.792,400.5) 1 2 3 (238.95,150.084) (238.792,474.5) (119.828,410.23) 94.1275 28.3416 237.531
6000 (5.04348,145.739) 0 2 3 (120.511,214.602) (5.65934,474.121) (5.65934,474.121) 59.0814 nan nan
---- (5.65934,474.121) 0 2 3 (5.04348,145.739) (363.792,400.5) (120.511,214.602) 78.491 54.5114 226.998
---- (120.511,214.602) 0 1 3 (238.95,150.084) (119.828,410.23) (363.992,221.597) 118.779 88.5548 152.666
---- (119.828,410.23) 0 1 3 (5.65934,474.121) (238.792,474.5) (5.04348,145.739) 122.388 141.84 95.7724
---- (238.95,150.084) 0 1 2 (238.792,474.5) (120.511,214.602) (363.992,221.597) 61.3931 121.655 176.951
---- (238.792,474.5) 0 1 2 (119.828,410.23) (363.992,221.597) (238.95,150.084) 87.9577 26.3098 245.732
---- (363.992,221.597) 1 2 3 (363.792,400.5) (5.04348,145.739) (363.792,400.5) 101.869 101.869 156.262
---- (363.792,400.5) 1 2 3 (238.95,150.084) (238.792,474.5) (119.828,410.23) 94.1275 28.3416 237.531
6100 (5.04348,145.739) 0 2 3 (120.511,214.602) (5.66667,474.111) (5.66667,474.111) 59.0801 0 300.92
---- (5.66667,474.111) 0 2 3 (5.04348,145.739) (363.792,400.5) (120.511,214.602) 78.4936 54.5133 226.993
---- (120.511,214.602) 0 1 3 (238.95,150.084) (119.828,410.23) (363.992,221.597) 118.779 88.5548 152.666
---- (119.828,410.23) 0 1 3 (5.66667,474.111) (238.792,474.5) (5.04348,145.739) 122.39 141.84 95.7702
---- (238.95,150.084) 0 1 2 (238.792,474.5) (120.511,214.602) (363.992,221.597) 61.3931 121.655 176.951
---- (238.792,474.5) 0 1 2 (119.828,410.23) (363.992,221.597) (238.95,150.084) 87.9577 26.3098 245.732
---- (363.992,221.597) 1 2 3 (363.792,400.5) (5.04348,145.739) (363.792,400.5) 101.869 101.869 156.262
---- (363.792,400.5) 1 2 3 (238.95,150.084) (238.792,474.5) (119.828,410.23) 94.1275 28.3416 237.531
6200 (5.04348,145.739) 0 2 3 (120.511,214.602) (5.66667,474.111) (5.66667,474.111) 59.0801 0 300.92
---- (5.66667,474.111) 0 2 3 (5.04348,145.739) (363.792,400.5) (120.511,214.602) 78.4936 54.5133 226.993
---- (120.511,214.602) 0 1 3 (238.95,150.084) (119.828,410.23) (363.992,221.597) 118.779 88.5548 152.666
---- (119.828,410.23) 0 1 3 (5.66667,474.111) (238.792,474.5) (5.04348,145.739) 122.39 141.84 95.7702
---- (238.95,150.084) 0 1 2 (238.792,474.5) (120.511,214.602) (363.992,221.597) 61.3931 121.655 176.951
---- (238.792,474.5) 0 1 2 (119.828,410.23) (363.992,221.597) (238.95,150.084) 87.9577 26.3098 245.732
---- (363.992,221.597) 1 2 3 (363.792,400.5) (5.04348,145.739) (363.792,400.5) 101.869 101.869 156.262
---- (363.792,400.5) 1 2 3 (238.95,150.084) (238.792,474.5) (119.828,410.23) 94.1275 28.3416 237.531
6300 (5.04348,145.739) 0 2 3 (120.511,214.602) (5.66667,474.111) (5.66667,474.111) 59.0801 0 300.92
---- (5.66667,474.111) 0 2 3 (5.04348,145.739) (363.792,400.5) (120.511,214.602) 78.4936 54.5133 226.993
---- (120.511,214.602) 0 1 3 (238.95,150.084) (119.828,410.23) (363.992,221.597) 118.779 88.5548 152.666
---- (119.828,410.23) 0 1 3 (5.66667,474.111) (238.792,474.5) (5.04348,145.739) 122.39 141.84 95.7702
---- (238.95,150.084) 0 1 2 (238.792,474.5) (120.511,214.602) (363.992,221.597) 61.3931 121.655 176.951
---- (238.792,474.5) 0 1 2 (119.828,410.23) (363.992,221.597) (238.95,150.084) 87.9577 26.3098 245.732
---- (363.992,221.597) 1 2 3 (363.792,400.5) (5.04348,145.739) (363.792,400.5) 101.869 101.869 156.262
---- (363.792,400.5) 1 2 3 (238.95,150.084) (238.792,474.5) (119.828,410.23) 94.1275 28.3416 237.531
6400 (5.04348,145.739) 0 2 3 (120.511,214.602) (5.66667,474.111) (5.66667,474.111) 59.0801 0 300.92
---- (5.66667,474.111) 0 2 3 (5.04348,145.739) (363.792,400.5) (120.511,214.602) 78.4936 54.5133 226.993
---- (120.511,214.602) 0 1 3 (238.95,150.084) (119.828,410.23) (363.992,221.597) 118.779 88.5548 152.666
---- (119.828,410.23) 0 1 3 (5.66667,474.111) (238.792,474.5) (5.04348,145.739) 122.39 141.84 95.7702
---- (238.95,150.084) 0 1 2 (238.792,474.5) (120.511,214.602) (363.992,221.597) 61.3931 121.655 176.951
---- (238.792,474.5) 0 1 2 (119.828,410.23) (363.992,221.597) (238.95,150.084) 87.9577 26.3098 245.732
---- (363.992,221.597) 1 2 3 (363.792,400.5) (5.04348,145.739) (363.792,400.5) 101.869 101.869 156.262
---- (363.792,400.5) 1 2 3 (238.95,150.084) (238.792,474.5) (119.828,410.23) 94.1275 28.3416 237.531
6500 (5.04348,145.739) 0 2 3 (120.511,214.602) (5.66667,474.111) (5.66667,474.111) 59.0801 0 300.92
---- (5.66667,474.111) 0 2 3 (5.04348,145.739) (363.792,400.5) (120.511,214.602) 78.4936 54.5133 226.993
---- (120.511,214.602) 0 1 3 (238.95,150.084) (119.828,410.23) (363.992,221.597) 118.779 88.5548 152.666
---- (119.828,410.23) 0 1 3 (5.66667,474.111) (238.792,474.5) (5.04348,145.739) 122.39 141.84 95.7702
---- (238.95,150.084) 0 1 2 (238.792,474.5) (120.511,214.602) (363.992,221.597) 61.3931 121.655 176.951
---- (238.792,474.5) 0 1 2 (119.828,410.23) (363.992,221.597) (238.95,150.084) 87.9577 26.3098 245.732
---- (363.992,221.597) 1 2 3 (363.792,400.5) (5.04348,145.739) (363.792,400.5) 101.869 101.869 156.262
---- (363.792,400.5) 1 2 3 (238.95,150.084) (238.792,474.5) (119.828,410.23) 94.1275 28.3416 237.531
6600 (5.04348,145.739) 0 2 3 (120.511,214.602) (5.66667,474.111) (5.66667,474.111) 59.0801 0 300.92
---- (5.66667,474.111) 0 2 3 (5.04348,145.739) (363.792,400.5) (120.511,214.602) 78.4936 54.5133 226.993
---- (120.511,214.602) 0 1 3 (238.95,150.084) (119.828,410.23) (363.992,221.597) 118.779 88.5548 152.666
---- (119.828,410.23) 0 1 3 (5.66667,474.111) (238.792,474.5) (5.04348,145.739) 122.39 141.84 95.7702
---- (238.95,150.084) 0 1 2 (238.792,474.5) (120.511,214.602) (363.992,221.597) 61.3931 121.655 176.951
---- (238.792,474.5) 0 1 2 (119.828,410.23) (363.992,221.597) (238.95,150.084) 87.9577 26.3098 245.732
---- (363.992,221.597) 1 2 3 (363.792,400.5) (5.04348,145.739) (363.792,400.5) 101.869 101.869 156.262
---- (363.792,400.5) 1 2 3 (238.95,150.084) (238.792,474.5) (119.828,410.23) 94.1275 28.3416 237.531
6700 (5.04348,145.739) 0 2 3 (120.511,214.602) (5.66667,474.111) (5.66667,474.111) 59.0801 0 300.92
---- (5.66667,474.111) 0 2 3 (5.04348,145.739) (363.792,400.5) (120.511,214.602) 78.4936 54.5133 226.993
---- (120.511,214.602) 0 1 3 (238.95,150.084) (119.828,410.23) (363.992,221.597) 118.779 88.5548 152.666
---- (119.828,410.23) 0 1 3 (5.66667,474.111) (238.792,474.5) (5.04348,145.739) 122.39 141.84 95.7702
---- (238.95,150.084) 0 1 2 (238.792,474.5) (120.511,214.602) (363.992,221.597) 61.3931 121.655 176.951
---- (238.792,474.5) 0 1 2 (119.828,410.23) (363.992,221.597) (238.95,150.084) 87.9577 26.3098 245.732
---- (363.992,221.597) 1 2 3 (363.792,400.5) (5.04348,145.739) (363.792,400.5) 101.869 101.869 156.262
---- (363.792,400.5) 1 2 3 (238.95,150.084) (238.792,474.5) (119.828,410.23) 94.1275 28.3416 237.531
6800 (5.04348,145.739) 0 2 3 (120.511,214.602) (5.66667,474.111) (5.66667,474.111) 59.0801 0 300.92
---- (5.66667,474.111) 0 2 3 (5.04348,145.739) (363.792,400.5) (120.511,214.602) 78.4936 54.5133 226.993
---- (120.511,214.602) 0 1 3 (238.95,150.084) (119.828,410.23) (363.992,221.597) 118.779 88.5548 152.666
---- (119.828,410.23) 0 1 3 (5.66667,474.111) (238.792,474.5) (5.04348,145.739) 122.39 141.84 95.7702
---- (238.95,150.084) 0 1 2 (238.792,474.5) (120.511,214.602) (363.992,221.597) 61.3931 121.655 176.951
---- (238.792,474.5) 0 1 2 (119.828,410.23) (363.992,221.597) (238.95,150.084) 87.9577 26.3098 245.732
---- (363.992,221.597) 1 2 3 (363.792,400.5) (5.04348,145.739) (363.792,400.5) 101.869 101.869 156.262
---- (363.792,400.5) 1 2 3 (238.95,150.084) (238.792,474.5) (119.828,410.23) 94.1275 28.3416 237.531
6900 (5.04348,145.739) 0 2 3 (120.511,214.602) (5.66667,474.111) (5.66667,474.111) 59.0801 0 300.92
---- (5.66667,474.111) 0 2 3 (5.04348,145.739) (363.792,400.5) (120.511,214.602) 78.4936 54.5133 226.993
---- (120.511,214.602) 0 1 3 (238.95,150.084) (119.828,410.23) (363.992,221.597) 118.779 88.5548 152.666
---- (119.828,410.23) 0 1 3 (5.66667,474.111) (238.792,474.5) (5.04348,145.739) 122.39 141.84 95.7702
---- (238.95,150.084) 0 1 2 (238.792,474.5) (120.511,214.602) (363.992,221.597) 61.3931 121.655 176.951
---- (238.792,474.5) 0 1 2 (119.828,410.23) (363.992,221.597) (238.95,150.084) 87.9577 26.3098 245.732
---- (363.992,221.597) 1 2 3 (363.792,400.5) (5.04348,145.739) (363.792,400.5) 101.869 101.869 156.262
---- (363.792,400.5) 1 2 3 (238.95,150.084) (238.792,474.5) (119.828,410.23) 94.1275 28.3416 237.531
7000 (5.04348,145.739) 0 2 3 (120.511,214.602) (5.66667,474.111) (5.66667,474.111) 59.0801 0 300.92
---- (5.66667,474.111) 0 2 3 (5.04348,145.739) (363.792,400.5) (120.511,214.602) 78.4936 54.5133 226.993
---- (120.511,214.602) 0 1 3 (239.132,150) (119.828,410.23) (363.992,221.597) 118.773 88.5548 152.672
---- (119.828,410.23) 0 1 3 (5.66667,474.111) (238.792,474.5) (5.04348,145.739) 122.39 141.84 95.7702
---- (239.132,150) 0 1 2 (238.792,474.5) (120.511,214.602) (363.992,221.597) 61.3667 121.596 177.037
---- (238.792,474.5) 0 1 2 (119.828,410.23) (363.992,221.597) (239.132,150) 87.9577 26.2776 245.765
---- (363.992,221.597) 1 2 3 (363.792,400.5) (5.04348,145.739) (363.792,400.5) 101.869 101.869 156.262
---- (363.792,400.5) 1 2 3 (239.132,150) (238.792,474.5) (119.828,410.23) 94.1686 28.3416 237.49
7100 (5.04348,145.739) 0 2 3 (120.511,214.602) (5.66667,474.111) (5.66667,474.111) 59.0801 0 300.92
---- (5.66667,474.111) 0 2 3 (5.04348,145.739) (363.843,400.537) (120.511,214.602) 78.5009 54.5206 226.978
---- (120.511,214.602) 0 1 3 (239.132,150) (119.828,410.23) (363.992,221.597) 118.773 88.5548 152.672
---- (119.828,410.23) 0 1 3 (5.66667,474.111) (238.792,474.5) (5.04348,145.739) 122.39 141.84 95.7702
---- (239.132,150) 0 1 2 (238.792,474.5) (120.511,214.602) (363.992,221.597) 61.3667 121.596 177.037
---- (238.792,474.5) 0 1 2 (119.828,410.23) (363.992,221.597) (239.132,150) 87.9577 26.2776 245.765
---- (363.992,221.597) 1 2 3 (363.843,400.537) (5.04348,145.739) (363.843,400.537) 101.885 101.885 156.229
---- (363.843,400.537) 1 2 3 (239.132,150) (238.792,474.5) (119.828,410.23) 94.1397 28.3279 237.532
7200 (5.04348,145.739) 0 2 3 (120.511,214.602) (5.66667,474.111) (5.66667,474.111) 59.0801 0 300.92
---- (5.66667,474.111) 0 2 3 (5.04348,145.739) (363.843,400.537) (120.511,214.602) 78.5009 54.5206 226.978
---- (120.511,214.602) 0 1 3 (239.132,150) (119.828,410.23) (363.992,221.597) 118.773 88.5548 152.672
---- (119.828,410.23) 0 1 3 (5.66667,474.111) (238.792,474.5) (5.04348,145.739) 122.39 141.84 95.7702
---- (239.132,150) 0 1 2 (238.792,474.5) (120.511,214.602) (363.992,221.597) 61.3667 121.596 177.037
---- (238.792,474.5) 0 1 2 (119.828,410.23) (363.992,221.597) (239.132,150) 87.9577 26.2776 245.765
---- (363.992,221.597) 1 2 3 (363.843,400.537) (5.04348,145.739) (363.843,400.537) 101.885 101.885 156.229
---- (363.843,400.537) 1 2 3 (239.132,150) (238.792,474.5) (119.828,410.23) 94.1397 28.3279 237.532
7300 (5.04348,145.739) 0 2 3 (120.511,214.602) (5.66667,474.111) (5.66667,474.111) 59.0801 0 300.92
---- (5.66667,474.111) 0 2 3 (5.04348,145.739) (363.843,400.537) (120.511,214.602) 78.5009 54.5206 226.978
---- (120.511,214.602) 0 1 3 (239.132,150) (119.828,410.23) (363.992,221.597) 118.773 88.5548 152.672
---- (119.828,410.23) 0 1 3 (5.66667,474.111) (238.792,474.5) (5.04348,145.739) 122.39 141.84 95.7702
---- (239.132,150) 0 1 2 (238.792,474.5) (120.511,214.602) (363.992,221.597) 61.3667 121.596 177.037
---- (238.792,474.5) 0 1 2 (119.828,410.23) (363.992,221.597) (239.132,150) 87.9577 26.2776 245.765
---- (363.992,221.597) 1 2 3 (363.843,400.537) (5.04348,145.739) (363.843,400.537) 101.885 101.885 156.229
---- (363.843,400.537) 1 2 3 (239.132,150) (238.792,474.5) (119.828,410.23) 94.1397 28.3279 237.532
7400 (5.04348,145.739) 0 2 3 (120.511,214.602) (5.66667,474.111) (5.66667,474.111) 59.0801 0 300.92
---- (5.66667,474.111) 0 2 3 (5.04348,145.739) (363.843,400.537) (120.511,214.602) 78.5009 54.5206 226.978
---- (120.511,214.602) 0 1 3 (239.132,150) (119.828,410.23) (363.992,221.597) 118.773 88.5548 152.672
---- (119.828,410.23) 0 1 3 (5.66667,474.111) (238.792,474.5) (5.04348,145.739) 122.39 141.84 95.7702
---- (239.132,150) 0 1 2 (238.792,474.5) (120.511,214.602) (363.992,221.597) 61.3667 121.596 177.037
---- (238.792,474.5) 0 1 2 (119.828,410.23) (363.992,221.597) (239.132,150) 87.9577 26.2776 245.765
---- (363.992,221.597) 1 2 3 (363.843,400.537) (5.04348,145.739) (363.843,400.537) 101.885 101.885 156.229
---- (363.843,400.537) 1 2 3 (239.132,150) (238.792,474.5) (119.828,410.23) 94.1397 28.3279 237.532
7500 (5.04348,145.739) 0 2 3 (120.511,214.602) (5.66667,474.111) (5.66667,474.111) 59.0801 0 300.92
---- (5.66667,474.111) 0 2 3 (5.04348,145.739) (363.843,400.537) (120.511,214.602) 78.5009 54.5206 226.978
---- (120.511,214.602) 0 1 3 (239.132,150) (119.828,410.23) (363.992,221.597) 118.773 88.5548 152.672
---- (119.828,410.23) 0 1 3 (5.66667,474.111) (238.792,474.5) (5.04348,145.739) 122.39 141.84 95.7702
---- (239.132,150) 0 1 2 (238.792,474.5) (120.511,214.602) (363.992,221.597) 61.3667 121.596 177.037
---- (238.792,474.5) 0 1 2 (119.828,410.23) (363.992,221.597) (239.132,150) 87.9577 26.2776 245.765
---- (363.992,221.597) 1 2 3 (363.843,400.537) (5.04348,145.739) (363.843,400.537) 101.885 101.885 156.229
---- (363.843,400.537) 1 2 3 (239.132,150) (238.792,474.5) (119.828,410.23) 94.1397 28.3279 237.532
7600 (5.04348,145.739) 0 2 3 (120.511,214.602) (5.66667,474.111) (5.66667,474.111) 59.0801 0 300.92
---- (5.66667,474.111) 0 2 3 (5.04348,145.739) (363.843,400.537) (120.511,214.602) 78.5009 54.5206 226.978
---- (120.511,214.602) 0 1 3 (239.132,150) (119.828,410.23) (363.992,221.597) 118.773 88.5548 152.672
---- (119.828,410.23) 0 1 3 (5.66667,474.111) (238.792,474.5) (5.04348,145.739) 122.39 141.84 95.7702
---- (239.132,150) 0 1 2 (238.792,474.5) (120.511,214.602) (363.992,221.597) 61.3667 121.596 177.037
---- (238.792,474.5) 0 1 2 (119.828,410.23) (363.992,221.597) (239.132,150) 87.9577 26.2776 245.765
---- (363.992,221.597) 1 2 3 (363.843,400.537) (5.04348,145.739) (363.843,400.537) 101.885 101.885 156.229
---- (363.843,400.537) 1 2 3 (239.132,150) (238.792,474.5) (119.828,410.23) 94.1397 28.3279 237.532
7700 (5.04348,145.739) 0 2 3 (120.511,214.602) (5.66667,474.111) (5.66667,474.111) 59.0801 0 300.92
---- (5.66667,474.111) 0 2 3 (5.04348,145.739) (363.843,400.537) (120.511,214.602) 78.5009 54.5206 226.978
---- (120.511,214.602) 0 1 3 (239.132,150) (119.828,410.23) (363.992,221.597) 118.773 88.5548 152.672
---- (119.828,410.23) 0 1 3 (5.66667,474.111) (238.792,474.5) (5.04348,145.739) 122.39 141.84 95.7702
---- (239.132,150) 0 1 2 (238.792,474.5) (120.511,214.602) (363.992,221.597) 61.3667 121.596 177.037
---- (238.792,474.5) 0 1 2 (119.828,410.23) (363.992,221.597) (239.132,150) 87.9577 26.2776 245.765
---- (363.992,221.597) 1 2 3 (363.843,400.537) (5.04348,145.739) (363.843,400.537) 101.885 101.885 156.229
---- (363.843,400.537) 1 2 3 (239.132,150) (238.792,474.5) (119.828,410.23) 94.1397 28.3279 237.532
7800 (5.04348,145.739) 0 2 3 (120.511,214.602) (5.66667,474.111) (5.66667,474.111) 59.0801 0 300.92
---- (5.66667,474.111) 0 2 3 (5.04348,145.739) (363.843,400.537) (120.511,214.602) 78.5009 54.5206 226.978
---- (120.511,214.602) 0 1 3 (239.132,150) (119.828,410.23) (363.992,221.597) 118.773 88.5548 152.672
---- (119.828,410.23) 0 1 3 (5.66667,474.111) (238.792,474.5) (5.04348,145.739) 122.39 141.84 95.7702
---- (239.132,150) 0 1 2 (238.792,474.5) (120.511,214.602) (363.992,221.597) 61.3667 121.596 177.037
---- (238.792,474.5) 0 1 2 (119.828,410.23) (363.992,221.597) (239.132,150) 87.9577 26.2776 245.765
---- (363.992,221.597) 1 2 3 (363.843,400.537) (5.04348,145.739) (363.843,400.537) 101.885 101.885 156.229
---- (363.843,400.537) 1 2 3 (239.132,150) (238.792,474.5) (119.828,410.23) 94.1397 28.3279 237.532
7900 (5.04348,145.739) 0 2 3 (120.511,214.602) (5.66667,474.111) (5.66667,474.111) 59.0801 0 300.92
---- (5.66667,474.111) 0 2 3 (5.04348,145.739) (363.843,400.537) (120.511,214.602) 78.5009 54.5206 226.978
---- (120.511,214.602) 0 1 3 (239.132,150) (119.828,410.23) (363.992,221.597) 118.773 88.5548 152.672
---- (119.828,410.23) 0 1 3 (5.66667,474.111) (238.421,471.93) (5.04348,145.739) 123.284 140.946 95.7702
---- (239.132,150) 0 1 2 (238.421,471.93) (120.511,214.602) (363.992,221.597) 61.3002 121.596 177.104
---- (238.421,471.93) 0 1 2 (119.828,410.23) (363.992,221.597) (239.132,150) 89.1526 26.5124 244.335
---- (363.992,221.597) 1 2 3 (363.843,400.537) (5.04348,145.739) (363.843,400.537) 101.885 101.885 156.229
---- (363.843,400.537) 1 2 3 (239.132,150) (238.421,471.93) (119.828,410.23) 93.1865 27.3747 239.439
8000 (5.04348,145.739) 0 2 3 (120.511,214.602) (5.66667,474.111) (5.66667,474.111) 59.0801 0 300.92
---- (5.66667,474.111) 0 2 3 (5.04348,145.739) (363.843,400.537) (120.511,214.602) 78.5009 54.5206 226.978
---- (120.511,214.602) 0 1 3 (239.132,150) (119.828,410.23) (363.992,221.597) 118.773 88.5548 152.672
---- (119.828,410.23) 0 1 3 (5.66667,474.111) (238.421,471.93) (5.04348,145.739) 123.284 140.946 95.7702
---- (239.132,150) 0 1 2 (238.421,471.93) (120.511,214.602) (363.992,221.597) 61.3002 121.596 177.104
---- (238.421,471.93) 0 1 2 (119.828,410.23) (363.992,221.597) (239.132,150) 89.1526 26.5124 244.335
---- (363.992,221.597) 1 2 3 (363.843,400.537) (5.04348,145.739) (363.843,400.537) 101.885 101.885 156.229
---- (363.843,400.537) 1 2 3 (239.132,150) (238.421,471.93) (119.828,410.23) 93.1865 27.3747 239.439
8100 (5.04348,145.739) 0 2 3 (120.511,214.602) (5.66667,474.111) (5.66667,474.111) 59.0801 0 300.92
---- (5.66667,474.111) 0 2 3 (5.04348,145.739) (363.843,400.537) (120.511,214.602) 78.5009 54.5206 226.978
---- (120.511,214.602) 0 1 3 (239.132,150) (119.828,410.23) (363.992,221.597) 118.773 88.5548 152.672
---- (119.828,410.23) 0 1 3 (5.66667,474.111) (238.421,471.93) (5.04348,145.739) 123.284 140.946 95.7702
---- (239.132,150) 0 1 2 (238.421,471.93) (120.511,214.602) (363.992,221.597) 61.3002 121.596 177.104
---- (238.421,471.93) 0 1 2 (119.828,410.23) (363.992,221.597) (239.132,150) 89.1526 26.5124 244.335
---- (363.992,221.597) 1 2 3 (363.843,400.537) (5.04348,145.739) (363.843,400.537) 101.885 101.885 156.229
---- (363.843,400.537) 1 2 3 (239.132,150) (238.421,471.93) (119.828,410.23) 93.1865 27.3747 239.439
8200 (5.04348,145.739) 0 2 3 (120.511,214.602) (5.66667,474.111) (5.66667,474.111) 59.0801 0 300.92
---- (5.66667,474.111) 0 2 3 (5.04348,145.739) (363.843,400.537) (120.511,214.602) 78.5009 54.5206 226.978
---- (120.511,214.602) 0 1 3 (239.132,150) (119.828,410.23) (363.992,221.597) 118.773 88.5548 152.672
---- (119.828,410.23) 0 1 3 (5.66667,474.111) (238.421,471.93) (5.04348,145.739) 123.284 140.946 95.7702
---- (239.132,150) 0 1 2 (238.421,471.93) (120.511,214.602) (363.992,221.597) 61.3002 121.596 177.104
---- (238.421,471.93) 0 1 2 (119.828,410.23) (363.992,221.597) (239.132,150) 89.1526 26.5124 244.335
---- (363.992,221.597) 1 2 3 (363.843,400.537) (5.04348,145.739) (363.843,400.537) 101.885 101.885 156.229
---- (363.843,400.537) 1 2 3 (239.132,150) (238.421,471.93) (119.828,410.23) 93.1865 27.3747 239.439
8300 (5.04348,145.739) 0 2 3 (120.511,214.602) (5.66667,474.111) (5.66667,474.111) 59.0801 0 300.92
---- (5.66667,474.111) 0 2 3 (5.04348,145.739) (363.843,400.537) (120.511,214.602) 78.5009 54.5206 226.978
---- (120.511,214.602) 0 1 3 (239.39,149.919) (119.828,410.23) (363.992,221.597) 118.751 88.5548 152.694
---- (119.828,410.23) 0 1 3 (5.66667,474.111) (238.421,471.93) (5.04348,145.739) 123.284 140.946 95.7702
---- (239.39,149.919) 0 1 2 (238.421,471.93) (120.511,214.602) (363.992,221.597) 61.2764 121.539 177.185
---- (238.421,471.93) 0 1 2 (119.828,410.23) (363.992,221.597) (239.39,149.919) 89.1526 26.4665 244.381
---- (363.992,221.597) 1 2 3 (363.843,400.537) (5.04348,145.739) (363.843,400.537) 101.885 101.885 156.229
---- (363.843,400.537) 1 2 3 (239.39,149.919) (238.421,471.93) (119.828,410.23) 93.2412 27.3747 239.384
8400 (5.04348,145.739) 0 2 3 (120.511,214.602) (5.66667,474.111) (5.66667,474.111) 59.0801 0 300.92
---- (5.66667,474.111) 0 2 3 (5.04348,145.739) (363.843,400.537) (120.511,214.602) 78.5009 54.5206 226.978
---- (120.511,214.602) 0 1 3 (239.39,149.919) (119.828,410.23) (363.992,221.597) 118.751 88.5548 152.694
---- (119.828,410.23) 0 1 3 (5.66667,474.111) (238.421,471.93) (5.04348,145.739) 123.284 140.946 95.7702
---- (239.39,149.919) 0 1 2 (238.421,471.93) (120.511,214.602) (363.992,221.597) 61.2764 121.539 177.185
---- (238.421,471.93) 0 1 2 (119.828,410.23) (363.992,221.597) (239.39,149.919) 89.1526 26.4665 244.381
---- (363.992,221.597) 1 2 3 (363.843,400.537) (5.04348,145.739) (363.843,400.537) 101.885 101.885 156.229
---- (363.843,400.537) 1 2 3 (239.39,149.919) (238.421,471.93) (119.828,410.23) 93.2412 27.3747 239.384
8500 (5.04348,145.739) 0 2 3 (120.511,214.602) (5.66667,474.111) (5.66667,474.111) 59.0801 0 300.92
---- (5.66667,474.111) 0 2 3 (5.04348,145.739) (363.843,400.537) (120.511,214.602) 78.5009 54.5206 226.978
---- (120.511,214.602) 0 1 3 (239.39,149.919) (119.828,410.23) (363.992,221.597) 118.751 88.5548 152.694
---- (119.828,410.23) 0 1 3 (5.66667,474.111) (238.421,471.93) (5.04348,145.739) 123.284 140.946 95.7702
---- (239.39,149.919) 0 1 2 (238.421,471.93) (120.511,214.602) (363.992,221.597) 61.2764 121.539 177.185
---- (238.421,471.93) 0 1 2 (119.828,410.23) (363.992,221.597) (239.39,149.919) 89.1526 26.4665 244.381
---- (363.992,221.597) 1 2 3 (363.843,400.537) (5.04348,145.739) (363.843,400.537) 101.885 101.885 156.229
---- (363.843,400.537) 1 2 3 (239.39,149.919) (238.421,471.93) (119.828,410.23) 93.2412 27.3747 239.384
8600 (5.04348,145.739) 0 2 3 (120.511,214.602) (5.66667,474.111) (5.66667,474.111) 59.0801 0 300.92
---- (5.66667,474.111) 0 2 3 (5.04348,145.739) (363.843,400.537) (120.511,214.602) 78.5009 54.5206 226.978
---- (120.511,214.602) 0 1 3 (239.39,149.919) (119.828,410.23) (363.992,221.597) 118.751 88.5548 152.694
---- (119.828,410.23) 0 1 3 (5.66667,474.111) (238.421,471.93) (5.04348,145.739) 123.284 140.946 95.7702
---- (239.39,149.919) 0 1 2 (238.421,471.93) (120.511,214.602) (363.992,221.597) 61.2764 121.539 177.185
---- (238.421,471.93) 0 1 2 (119.828,410.23) (363.992,221.597) (239.39,149.919) 89.1526 26.4665 244.381
---- (363.992,221.597) 1 2 3 (363.843,400.537) (5.04348,145.739) (363.843,400.537) 101.885 101.885 156.229
---- (363.843,400.537) 1 2 3 (239.39,149.919) (238.421,471.93) (119.828,410.23) 93.2412 27.3747 239.384
8700 (5.04348,145.739) 0 2 3 (120.511,214.602) (5.66667,474.111) (5.66667,474.111) 59.0801 0 300.92
---- (5.66667,474.111) 0 2 3 (5.04348,145.739) (363.843,400.537) (120.511,214.602) 78.5009 54.5206 226.978
---- (120.511,214.602) 0 1 3 (239.39,149.919) (119.828,410.23) (363.992,221.597) 118.751 88.5548 152.694
---- (119.828,410.23) 0 1 3 (5.66667,474.111) (238.421,471.93) (5.04348,145.739) 123.284 140.946 95.7702
---- (239.39,149.919) 0 1 2 (238.421,471.93) (120.511,214.602) (363.992,221.597) 61.2764 121.539 177.185
---- (238.421,471.93) 0 1 2 (119.828,410.23) (363.992,221.597) (239.39,149.919) 89.1526 26.4665 244.381
---- (363.992,221.597) 1 2 3 (363.843,400.537) (5.04348,145.739) (363.843,400.537) 101.885 101.885 156.229
---- (363.843,400.537) 1 2 3 (239.39,149.919) (238.421,471.93) (119.828,410.23) 93.2412 27.3747 239.384
8800 (5.04348,145.739) 0 2 3 (120.511,214.602) (5.66667,474.111) (5.66667,474.111) 59.0801 0 300.92
---- (5.66667,474.111) 0 2 3 (5.04348,145.739) (363.843,400.537) (120.511,214.602) 78.5009 54.5206 226.978
---- (120.511,214.602) 0 1 3 (239.39,149.919) (119.828,410.23) (363.992,221.597) 118.751 88.5548 152.694
---- (119.828,410.23) 0 1 3 (5.66667,474.111) (238.421,471.93) (5.04348,145.739) 123.284 140.946 95.7702
---- (239.39,149.919) 0 1 2 (238.421,471.93) (120.511,214.602) (363.992,221.597) 61.2764 121.539 177.185
---- (238.421,471.93) 0 1 2 (119.828,410.23) (363.992,221.597) (239.39,149.919) 89.1526 26.4665 244.381
---- (363.992,221.597) 1 2 3 (363.843,400.537) (5.04348,145.739) (363.843,400.537) 101.885 101.885 156.229
---- (363.843,400.537) 1 2 3 (239.39,149.919) (238.421,471.93) (119.828,410.23) 93.2412 27.3747 239.384
8900 (5.04348,145.739) 0 2 3 (120.511,214.602) (5.66667,474.111) (5.66667,474.111) 59.0801 0 300.92
---- (5.66667,474.111) 0 2 3 (5.04348,145.739) (363.843,400.537) (120.511,214.602) 78.5009 54.5206 226.978
---- (120.511,214.602) 0 1 3 (239.39,149.919) (119.828,410.23) (363.992,221.597) 118.751 88.5548 152.694
---- (119.828,410.23) 0 1 3 (5.66667,474.111) (238.421,471.93) (5.04348,145.739) 123.284 140.946 95.7702
---- (239.39,149.919) 0 1 2 (238.421,471.93) (120.511,214.602) (363.992,221.597) 61.2764 121.539 177.185
---- (238.421,471.93) 0 1 2 (119.828,410.23) (363.992,221.597) (239.39,149.919) 89.1526 26.4665 244.381
---- (363.992,221.597) 1 2 3 (363.843,400.537) (5.04348,145.739) (363.843,400.537) 101.885 101.885 156.229
---- (363.843,400.537) 1 2 3 (239.39,149.919) (238.421,471.93) (119.828,410.23) 93.2412 27.3747 239.384
9000 (5.04348,145.739) 0 2 3 (120.511,214.602) (5.66667,474.111) (5.66667,474.111) 59.0801 0 300.92
---- (5.66667,474.111) 0 2 3 (5.04348,145.739) (363.843,400.537) (120.511,214.602) 78.5009 54.5206 226.978
---- (120.511,214.602) 0 1 3 (239.39,149.919) (119.828,410.23) (363.992,221.597) 118.751 88.5548 152.694
---- (119.828,410.23) 0 1 3 (5.66667,474.111) (238.421,471.93) (5.04348,145.739) 123.284 140.946 95.7702
---- (239.39,149.919) 0 1 2 (238.421,471.93) (120.511,214.602) (363.992,221.597) 61.2764 121.539 177.185
---- (238.421,471.93) 0 1 2 (119.828,410.23) (363.992,221.597) (239.39,149.919) 89.1526 26.4665 244.381
---- (363.992,221.597) 1 2 3 (363.843,400.537) (5.04348,145.739) (363.843,400.537) 101.885 101.885 156.229
---- (363.843,400.537) 1 2 3 (239.39,149.919) (238.421,471.93) (119.828,410.23) 93.2412 27.3747 239.384
9100 (5.04348,145.739) 0 2 3 (120.511,214.602) (5.66667,474.111) (5.66667,474.111) 59.0801 0 300.92
---- (5.66667,474.111) 0 2 3 (5.04348,145.739) (363.843,400.537) (120.511,214.602) 78.5009 54.5206 226.978
---- (120.511,214.602) 0 1 3 (239.39,149.919) (119.828,410.23) (363.992,221.597) 118.751 88.5548 152.694
---- (119.828,410.23) 0 1 3 (5.66667,474.111) (238.421,471.93) (5.04348,145.739) 123.284 140.946 95.7702
---- (239.39,149.919) 0 1 2 (238.421,471.93) (120.511,214.602) (363.992,221.597) 61.2764 121.539 177.185
---- (238.421,471.93) 0 1 2 (119.828,410.23) (363.992,221.597) (239.39,149.919) 89.1526 26.4665 244.381
---- (363.992,221.597) 1 2 3 (363.843,400.537) (5.04348,145.739) (363.843,400.537) 101.885 101.885 156.229
---- (363.843,400.537) 1 2 3 (239.39,149.919) (238.421,471.93) (119.828,410.23) 93.2412 27.3747 239.384
9200 (5.04348,145.739) 0 2 3 (120.511,214.602) (5.66667,474.111) (5.66667,474.111) 59.0801 0 300.92
---- (5.66667,474.111) 0 2 3 (5.04348,145.739) (363.843,400.537) (120.511,214.602) 78.5009 54.5206 226.978
---- (120.511,214.602) 0 1 3 (239.39,149.919) (119.828,410.23) (363.992,221.597) 118.751 88.5548 152.694
---- (119.828,410.23) 0 1 3 (5.66667,474.111) (238.421,471.93) (5.04348,145.739) 123.284 140.946 95.7702
---- (239.39,149.919) 0 1 2 (238.421,471.93) (120.511,214.602) (363.992,221.597) 61.2764 121.539 177.185
---- (238.421,471.93) 0 1 2 (119.828,410.23) (363.992,221.597) (239.39,149.919) 89.1526 26.4665 244.381
---- (363.992,221.597) 1 2 3 (363.843,400.537) (5.04348,145.739) (363.843,400.537) 101.885 101.885 156.229
---- (363.843,400.537) 1 2 3 (239.39,149.919) (238.421,471.93) (119.828,410.23) 93.2412 27.3747 239.384
9300 (5.04348,145.739) 0 2 3 (120.511,214.602) (5.66667,474.111) (5.66667,474.111) 59.0801 0 300.92
---- (5.66667,474.111) 0 2 3 (5.04348,145.739) (363.843,400.537) (120.511,214.602) 78.5009 54.5206 226.978
---- (120.511,214.602) 0 1 3 (239.39,149.919) (119.828,410.23) (363.992,221.597) 118.751 88.5548 152.694
---- (119.828,410.23) 0 1 3 (5.66667,474.111) (238.421,471.93) (5.04348,145.739) 123.284 140.946 95.7702
---- (239.39,149.919) 0 1 2 (238.421,471.93) (120.511,214.602) (363.992,221.597) 61.2764 121.539 177.185
---- (238.421,471.93) 0 1 2 (119.828,410.23) (363.992,221.597) (239.39,149.919) 89.1526 26.4665 244.381
---- (363.992,221.597) 1 2 3 (363.843,400.537) (5.04348,145.739) (363.843,400.537) 101.885 101.885 156.229
---- (363.843,400.537) 1 2 3 (239.39,149.919) (238.421,471.93) (119.828,410.23) 93.2412 27.3747 239.384
9400 (5.04348,145.739) 0 2 3 (120.511,214.602) (5.66667,474.111) (5.66667,474.111) 59.0801 0 300.92
---- (5.66667,474.111) 0 2 3 (5.04348,145.739) (363.843,400.537) (120.511,214.602) 78.5009 54.5206 226.978
---- (120.511,214.602) 0 1 3 (239.39,149.919) (119.828,410.23) (363.992,221.597) 118.751 88.5548 152.694
---- (119.828,410.23) 0 1 3 (5.66667,474.111) (238.421,471.93) (5.04348,145.739) 123.284 140.946 95.7702
---- (239.39,149.919) 0 1 2 (238.421,471.93) (120.511,214.602) (363.992,221.597) 61.2764 121.539 177.185
---- (238.421,471.93) 0 1 2 (119.828,410.23) (363.992,221.597) (239.39,149.919) 89.1526 26.4665 244.381
---- (363.992,221.597) 1 2 3 (363.843,400.537) (5.04348,145.739) (363.843,400.537) 101.885 101.885 156.229
---- (363.843,400.537) 1 2 3 (239.39,149.919) (238.421,471.93) (119.828,410.23) 93.2412 27.3747 239.384
9500 (5.04348,145.739) 0 2 3 (120.511,214.602) (5.66667,474.111) (5.66667,474.111) 59.0801 0 300.92
---- (5.66667,474.111) 0 2 3 (5.04348,145.739) (363.843,400.537) (120.511,214.602) 78.5009 54.5206 226.978
---- (120.511,214.602) 0 1 3 (239.39,149.919) (119.828,410.23) (363.992,221.597) 118.751 88.5548 152.694
---- (119.828,410.23) 0 1 3 (5.66667,474.111) (238.421,471.93) (5.04348,145.739) 123.284 140.946 95.7702
---- (239.39,149.919) 0 1 2 (238.421,471.93) (120.511,214.602) (363.992,221.597) 61.2764 121.539 177.185
---- (238.421,471.93) 0 1 2 (119.828,410.23) (363.992,221.597) (239.39,149.919) 89.1526 26.4665 244.381
---- (363.992,221.597) 1 2 3 (363.843,400.537) (5.04348,145.739) (363.843,400.537) 101.885 101.885 156.229
---- (363.843,400.537) 1 2 3 (239.39,149.919) (238.421,471.93) (119.828,410.23) 93.2412 27.3747 239.384
9600 (5.04348,145.739) 0 2 3 (120.511,214.602) (5.66667,474.111) (5.66667,474.111) 59.0801 0 300.92
---- (5.66667,474.111) 0 2 3 (5.04348,145.739) (363.843,400.537) (120.511,214.602) 78.5009 54.5206 226.978
---- (120.511,214.602) 0 1 3 (239.39,149.919) (119.828,410.23) (363.992,221.597) 118.751 88.5548 152.694
---- (119.828,410.23) 0 1 3 (5.66667,474.111) (238.421,471.93) (5.04348,145.739) 123.284 140.946 95.7702
---- (239.39,149.919) 0 1 2 (238.421,471.93) (120.511,214.602) (363.992,221.597) 61.2764 121.539 177.185
---- (238.421,471.93) 0 1 2 (119.828,410.23) (363.992,221.597) (239.39,149.919) 89.1526 26.4665 244.381
---- (363.992,221.597) 1 2 3 (363.843,400.537) (5.04348,145.739) (363.843,400.537) 101.885 101.885 156.229
---- (363.843,400.537) 1 2 3 (239.39,149.919) (238.421,471.93) (119.828,410.23) 93.2412 27.3747 239.384
9700 (5.04348,145.739) 0 2 3 (120.511,214.602) (5.66667,474.111) (5.66667,474.111) 59.0801 0 300.92
---- (5.66667,474.111) 0 2 3 (5.04348,145.739) (363.843,400.537) (120.511,214.602) 78.5009 54.5206 226.978
---- (120.511,214.602) 0 1 3 (239.39,149.919) (119.828,410.23) (363.992,221.597) 118.751 88.5548 152.694
---- (119.828,410.23) 0 1 3 (5.66667,474.111) (238.421,471.93) (5.04348,145.739) 123.284 140.946 95.7702
---- (239.39,149.919) 0 1 2 (238.421,471.93) (120.511,214.602) (363.992,221.597) 61.2764 121.539 177.185
---- (238.421,471.93) 0 1 2 (119.828,410.23) (363.992,221.597) (239.39,149.919) 89.1526 26.4665 244.381
---- (363.992,221.597) 1 2 3 (363.843,400.537) (5.04348,145.739) (363.843,400.537) 101.885 101.885 156.229
---- (363.843,400.537) 1 2 3 (239.39,149.919) (238.421,471.93) (119.828,410.23) 93.2412 27.3747 239.384
9800 (5.04348,145.739) 0 2 3 (120.511,214.602) (5.66667,474.111) (5.66667,474.111) 59.0801 0 300.92
---- (5.66667,474.111) 0 2 3 (5.04348,145.739) (363.843,400.537) (120.511,214.602) 78.5009 54.5206 226.978
---- (120.511,214.602) 0 1 3 (239.39,149.919) (119.828,410.23) (363.992,221.597) 118.751 88.5548 152.694
---- (119.828,410.23) 0 1 3 (5.66667,474.111) (238.421,471.93) (5.04348,145.739) 123.284 140.946 95.7702
---- (239.39,149.919) 0 1 2 (238.421,471.93) (120.511,214.602) (363.992,221.597) 61.2764 121.539 177.185
---- (238.421,471.93) 0 1 2 (119.828,410.23) (363.992,221.597) (239.39,149.919) 89.1526 26.4665 244.381
---- (363.992,221.597) 1 2 3 (363.843,400.537) (5.04348,145.739) (363.843,400.537) 101.885 101.885 156.229
---- (363.843,400.537) 1 2 3 (239.39,149.919) (238.421,471.93) (119.828,410.23) 93.2412 27.3747 239.384
9900 (5.04348,145.739) 0 2 3 (120.511,214.602) (5.66667,474.111) (5.66667,474.111) 59.0801 0 300.92
---- (5.66667,474.111) 0 2 3 (5.04348,145.739) (363.843,400.537) (120.511,214.602) 78.5009 54.5206 226.978
---- (120.511,214.602) 0 1 3 (239.39,149.919) (119.828,410.23) (363.992,221.597) 118.751 88.5548 152.694
---- (119.828,410.23) 0 1 3 (5.66667,474.111) (238.421,471.93) (5.04348,145.739) 123.284 140.946 95.7702
---- (239.39,149.919) 0 1 2 (238.421,471.93) (120.511,214.602) (363.992,221.597) 61.2764 121.539 177.185
---- (238.421,471.93) 0 1 2 (119.828,410.23) (363.992,221.597) (239.39,149.919) 89.1526 26.4665 244.381
---- (363.992,221.597) 1 2 3 (363.843,400.537) (5.04348,145.739) (363.843,400.537) 101.885 101.885 156.229
---- (363.843,400.537) 1 2 3 (239.39,149.919) (238.421,471.93) (119.828,410.23) 93.2412 27.3747 239.384
10000 (5.04348,145.739) 0 2 3 (120.511,214.602) (5.66667,474.111) (5.66667,474.111) 59.0801 0 300.92
---- (5.66667,474.111) 0 2 3 (5.04348,145.739) (363.843,400.537) (120.511,214.602) 78.5009 54.5206 226.978
---- (120.511,214.602) 0 1 3 (239.39,149.919) (119.828,410.23) (363.992,221.597) 118.751 88.5548 152.694
---- (119.828,410.23) 0 1 3 (5.66667,474.111) (238.421,471.93) (5.04348,145.739) 123.284 140.946 95.7702
---- (239.39,149.919) 0 1 2 (238.421,471.93) (120.511,214.602) (363.992,221.597) 61.2764 121.539 177.185
---- (238.421,471.93) 0 1 2 (119.828,410.23) (363.992,221.597) (239.39,149.919) 89.1526 26.4665 244.381
---- (363.992,221.597) 1 2 3 (363.843,400.537) (5.04348,145.739) (363.843,400.537) 101.885 101.885 156.229
---- (363.843,400.537) 1 2 3 (239.39,149.919) (238.421,471.93) (119.828,410.23) 93.2412 27.3747 239.384
