0 68600 59575 55850 65975
100 68625 59600 55875 65900
200 68650 59600 55925 65825
300 68700 59625 55900 65775
400 68700 59650 55925 65725
500 68725 59675 55875 65725
600 68725 59675 55950 65650
700 68750 59700 55925 65625
800 68800 59725 55900 65575
900 68775 59725 55900 65600
1000 68875 59675 55925 65525
1100 68800 59700 55950 65550
1200 68850 59725 55950 65475
1300 68825 59700 56000 65475
1400 68750 59725 56000 65525
1500 68900 59675 56000 65425
1600 68925 59675 56000 65400
1700 68900 59675 56050 65375
1800 69000 59625 56000 65375
1900 69050 59650 55975 65325
2000 69025 59700 56000 65275
2100 69075 59725 55950 65250
2200 69100 59750 55975 65175
2300 69050 59775 55975 65200
2400 69050 59775 55975 65200
2500 69075 59775 56000 65150
2600 69125 59775 56000 65100
2700 69175 59700 56050 65075
2800 69150 59725 56000 65125
2900 69175 59725 55975 65125
3000 69200 59750 55975 65075
3100 69225 59775 55975 65025
3200 69300 59750 55950 65000
3300 69275 59750 56050 64925
3400 69200 59775 56050 64975
3500 69225 59825 56050 64900
3600 69200 59850 56050 64900
3700 69250 59825 56025 64900
3800 69300 59800 56025 64875
3900 69350 59800 56050 64800
4000 69300 59800 56100 64800
4100 69275 59775 56075 64875
4200 69350 59725 56050 64875
4300 69350 59725 56025 64900
4400 69325 59750 56025 64900
4500 69325 59775 56050 64850
4600 69375 59750 56050 64825
4700 69400 59775 56075 64750
4800 69400 59775 56075 64750
4900 69425 59800 56075 64700
5000 69475 59775 56075 64675
5100 69475 59800 56050 64675
5200 69450 59800 56100 64650
5300 69450 59825 56075 64650
5400 69500 59800 56100 64600
5500 69525 59800 56075 64600
5600 69600 59775 56050 64575
5700 69625 59800 56050 64525
5800 69650 59800 56050 64500
5900 69625 59825 56075 64475
6000 69650 59825 56075 64450
6100 69650 59825 56075 64450
6200 69625 59825 56075 64475
6300 69650 59850 56075 64425
6400 69650 59850 56025 64475
6500 69700 59850 56000 64450
6600 69725 59825 56025 64425
6700 69675 59825 56075 64425
6800 69650 59825 56100 64425
6900 69625 59850 56100 64425
7000 69625 59850 56075 64450
7100 69650 59850 56075 64425
7200 69675 59850 56050 64425
7300 69700 59850 56000 64450
7400 69725 59850 56000 64425
7500 69775 59875 56025 64325
7600 69800 59900 55975 64325
7700 69800 59900 56000 64300
7800 69800 59875 56000 64325
7900 69875 59850 55975 64300
8000 69900 59875 55925 64300
8100 69950 59875 55925 64250
8200 69950 59875 55925 64250
8300 69950 59875 55925 64250
8400 69950 59850 56000 64200
8500 69950 59850 56000 64200
8600 69950 59825 56075 64150
8700 69950 59825 56075 64150
8800 70000 59775 56050 64175
8900 70000 59775 56050 64175
9000 70100 59750 56050 64100
9100 70100 59750 56075 64075
9200 70125 59775 56050 64050
9300 70175 59775 56075 63975
9400 70150 59800 56075 63975
9500 70150 59875 56025 63950
9600 70150 59900 56025 63925
9700 70175 59900 56025 63900
9800 70200 59900 56025 63875
9900 70200 59900 56025 63875
10000 70200 59900 56025 63875
10100 70200 59900 56025 63875
10200 70175 59925 56000 63900
10300 70200 59900 56025 63875
10400 70225 59875 56050 63850
10500 70200 59850 56075 63875
10600 70200 59850 56075 63875
10700 70225 59825 56075 63875
10800 70225 59825 56075 63875
10900 70275 59800 56050 63875
11000 70275 59800 56050 63875
11100 70300 59775 56075 63850
11200 70300 59825 56000 63875
11300 70350 59825 56000 63825
11400 70375 59825 56000 63800
11500 70400 59850 55975 63775
11600 70375 59850 56025 63750
11700 70350 59850 56000 63800
11800 70400 59900 55900 63800
11900 70400 59900 55900 63800
12000 70400 59925 55875 63800
12100 70400 59950 55875 63775
12200 70400 59950 55875 63775
12300 70400 59950 55875 63775
12400 70425 59950 55875 63750
12500 70475 59950 55875 63700
12600 70475 59950 55875 63700
12700 70475 59950 55875 63700
12800 70450 59950 55925 63675
12900 70475 59950 55900 63675
13000 70475 59950 55900 63675
13100 70475 59950 55900 63675
13200 70500 59950 55900 63650
13300 70500 59950 55900 63650
13400 70575 59975 55875 63575
13500 70575 59975 55875 63575
13600 70625 59975 55900 63500
13700 70625 60000 55925 63450
13800 70650 60025 55900 63425
13900 70650 60025 55900 63425
14000 70650 60025 55900 63425
14100 70675 60050 55875 63400
14200 70675 60025 55875 63425
14300 70675 60025 55875 63425
14400 70650 60075 55875 63400
14500 70625 60100 55875 63400
14600 70575 60125 55900 63400
14700 70600 60150 55900 63350
14800 70575 60175 55925 63325
14900 70575 60175 55925 63325
15000 70575 60175 55925 63325
15100 70625 60175 55950 63250
15200 70625 60175 55975 63225
15300 70625 60200 55975 63200
15400 70650 60175 55975 63200
15500 70700 60175 55950 63175
15600 70700 60200 55950 63150
15700 70750 60175 55950 63125
15800 70750 60150 55950 63150
15900 70775 60150 55975 63100
16000 70825 60150 55975 63050
16100 70850 60175 55975 63000
16200 70850 60175 55975 63000
16300 70850 60175 55975 63000
16400 70850 60200 55925 63025
16500 70850 60200 55925 63025
16600 70850 60175 55950 63025
16700 70875 60175 55975 62975
16800 70875 60175 56000 62950
16900 70875 60175 55975 62975
17000 70850 60200 55975 62975
17100 70850 60200 55975 62975
17200 70850 60200 55975 62975
17300 70875 60200 55975 62950
17400 70875 60200 55975 62950
17500 70900 60200 55975 62925
17600 70900 60200 55975 62925
17700 70900 60225 55950 62925
17800 70925 60225 55925 62925
17900 70925 60225 55925 62925
18000 70925 60250 55950 62875
18100 70925 60250 55950 62875
18200 70925 60225 55950 62900
18300 70950 60225 55950 62875
18400 70975 60225 55925 62875
18500 70950 60250 55925 62875
18600 71000 60250 55900 62850
18700 71000 60250 55900 62850
18800 71025 60250 55900 62825
18900 71000 60275 55925 62800
19000 71100 60225 55975 62700
19100 71075 60225 56000 62700
19200 71100 60250 55975 62675
19300 71100 60250 55975 62675
19400 71075 60250 56025 62650
19500 71125 60225 56025 62625
19600 71125 60200 56050 62625
19700 71125 60200 56050 62625
19800 71125 60225 56025 62625
19900 71125 60225 56050 62600
20000 71125 60200 56075 62600
20100 71125 60200 56100 62575
20200 71150 60175 56125 62550
20300 71175 60150 56125 62550
20400 71150 60175 56150 62525
20500 71150 60150 56125 62575
20600 71150 60150 56100 62600
20700 71175 60150 56075 62600
20800 71175 60175 56075 62575
20900 71225 60150 56075 62550
21000 71250 60125 56075 62550
21100 71225 60150 56075 62550
21200 71250 60125 56075 62550
21300 71250 60125 56100 62525
21400 71250 60150 56125 62475
21500 71225 60175 56125 62475
21600 71225 60200 56100 62475
21700 71225 60225 56075 62475
21800 71225 60225 56075 62475
21900 71250 60225 56075 62450
22000 71250 60225 56075 62450
22100 71225 60250 56100 62425
22200 71225 60275 56125 62375
22300 71250 60250 56150 62350
22400 71250 60250 56150 62350
22500 71275 60250 56150 62325
22600 71300 60250 56150 62300
22700 71375 60225 56150 62250
22800 71450 60200 56150 62200
22900 71425 60200 56175 62200
23000 71425 60225 56150 62200
23100 71425 60225 56175 62175
23200 71425 60250 56150 62175
23300 71425 60250 56125 62200
23400 71425 60250 56125 62200
23500 71425 60250 56125 62200
23600 71425 60250 56100 62225
23700 71450 60225 56100 62225
23800 71500 60175 56100 62225
23900 71500 60175 56100 62225
24000 71550 60175 56050 62225
24100 71525 60200 56050 62225
24200 71525 60200 56050 62225
24300 71500 60200 56075 62225
24400 71500 60200 56100 62200
24500 71500 60200 56150 62150
24600 71550 60150 56150 62150
24700 71550 60150 56150 62150
24800 71550 60150 56150 62150
24900 71550 60150 56150 62150
25000 71550 60175 56125 62150
25100 71575 60150 56125 62150
25200 71575 60150 56125 62150
25300 71575 60150 56125 62150
25400 71575 60125 56125 62175
25500 71575 60125 56125 62175
25600 71575 60125 56125 62175
25700 71625 60125 56100 62150
25800 71600 60125 56125 62150
25900 71600 60125 56125 62150
26000 71600 60125 56125 62150
26100 71625 60125 56125 62125
26200 71650 60150 56100 62100
26300 71650 60150 56100 62100
26400 71625 60150 56125 62100
26500 71625 60150 56125 62100
26600 71650 60150 56125 62075
26700 71650 60175 56100 62075
26800 71625 60250 56050 62075
26900 71650 60250 56050 62050
27000 71625 60250 56050 62075
27100 71625 60250 56050 62075
27200 71650 60250 56025 62075
27300 71675 60250 56025 62050
27400 71725 60225 56025 62025
27500 71800 60225 56050 61925
27600 71800 60225 56050 61925
27700 71825 60225 56025 61925
27800 71825 60225 56025 61925
27900 71825 60225 56050 61900
28000 71825 60225 56050 61900
28100 71800 60225 56075 61900
28200 71800 60225 56075 61900
28300 71775 60225 56100 61900
28400 71775 60225 56100 61900
28500 71775 60225 56100 61900
28600 71775 60225 56100 61900
28700 71775 60225 56125 61875
28800 71775 60225 56125 61875
28900 71775 60225 56125 61875
29000 71775 60225 56125 61875
29100 71750 60225 56150 61875
29200 71775 60225 56125 61875
29300 71775 60250 56100 61875
29400 71775 60275 56075 61875
29500 71775 60275 56100 61850
29600 71775 60250 56100 61875
29700 71775 60225 56100 61900
29800 71775 60225 56100 61900
29900 71800 60200 56100 61900
30000 71825 60200 56100 61875
30100 71825 60200 56100 61875
30200 71800 60250 56075 61875
30300 71825 60250 56050 61875
30400 71825 60250 56050 61875
30500 71850 60250 56050 61850
30600 71850 60250 56050 61850
30700 71850 60250 56050 61850
30800 71850 60250 56050 61850
30900 71875 60250 56050 61825
31000 71900 60225 56050 61825
31100 71900 60225 56050 61825
31200 71900 60225 56050 61825
31300 71900 60225 56050 61825
31400 71900 60225 56050 61825
31500 71925 60225 56075 61775
31600 71925 60200 56075 61800
31700 71900 60225 56075 61800
31800 71900 60225 56075 61800
31900 71875 60275 56050 61800
32000 71925 60250 56050 61775
32100 71925 60250 56050 61775
32200 71925 60250 56050 61775
32300 71925 60250 56050 61775
32400 71925 60250 56050 61775
32500 71950 60250 56025 61775
32600 71950 60250 56025 61775
32700 71950 60250 56025 61775
32800 71950 60250 56025 61775
32900 71975 60275 55975 61775
33000 71975 60275 55975 61775
33100 71975 60275 55975 61775
33200 72000 60275 55975 61750
33300 72000 60300 55950 61750
33400 72000 60300 55950 61750
33500 72050 60300 55900 61750
33600 72050 60275 55900 61775
33700 72125 60275 55875 61725
33800 72200 60275 55875 61650
33900 72225 60250 55900 61625
34000 72225 60250 55925 61600
34100 72225 60250 55925 61600
34200 72200 60250 55950 61600
34300 72200 60275 55925 61600
34400 72200 60275 55925 61600
34500 72175 60300 55925 61600
34600 72175 60300 55925 61600
34700 72175 60300 55925 61600
34800 72150 60300 55950 61600
34900 72150 60300 55950 61600
35000 72175 60275 55950 61600
35100 72175 60275 55950 61600
35200 72200 60250 55950 61600
35300 72200 60225 55950 61625
35400 72200 60225 55950 61625
35500 72200 60225 55950 61625
35600 72175 60225 55975 61625
35700 72175 60225 55975 61625
35800 72200 60225 55950 61625
35900 72225 60200 55950 61625
36000 72225 60225 55925 61625
36100 72225 60225 55950 61600
36200 72250 60200 55950 61600
36300 72250 60200 55950 61600
36400 72250 60200 55950 61600
36500 72250 60200 55950 61600
36600 72250 60225 55925 61600
36700 72225 60250 55925 61600
36800 72225 60275 55900 61600
36900 72225 60275 55900 61600
37000 72225 60250 55900 61625
37100 72225 60250 55900 61625
37200 72225 60250 55900 61625
37300 72225 60250 55875 61650
37400 72225 60250 55875 61650
37500 72225 60250 55875 61650
37600 72250 60250 55850 61650
37700 72275 60250 55825 61650
37800 72275 60250 55850 61625
37900 72275 60250 55850 61625
38000 72275 60250 55850 61625
38100 72275 60250 55850 61625
38200 72275 60250 55850 61625
38300 72300 60250 55850 61600
38400 72300 60225 55850 61625
38500 72300 60225 55850 61625
38600 72300 60225 55850 61625
38700 72300 60225 55875 61600
38800 72300 60225 55875 61600
38900 72300 60225 55875 61600
39000 72300 60275 55850 61575
39100 72300 60250 55850 61600
39200 72275 60275 55875 61575
39300 72275 60275 55875 61575
39400 72275 60275 55875 61575
39500 72275 60275 55875 61575
39600 72275 60275 55875 61575
39700 72300 60250 55875 61575
39800 72300 60250 55875 61575
39900 72300 60250 55875 61575
40000 72300 60250 55875 61575
40100 72300 60250 55875 61575
40200 72300 60250 55875 61575
40300 72325 60250 55875 61550
40400 72325 60250 55900 61525
40500 72325 60250 55900 61525
40600 72325 60275 55875 61525
40700 72325 60275 55875 61525
40800 72350 60275 55850 61525
40900 72350 60250 55875 61525
41000 72375 60225 55900 61500
41100 72400 60200 55900 61500
41200 72425 60200 55900 61475
41300 72450 60200 55900 61450
41400 72475 60200 55850 61475
41500 72475 60200 55850 61475
41600 72475 60200 55850 61475
41700 72475 60225 55850 61450
41800 72475 60200 55850 61475
41900 72475 60225 55850 61450
42000 72500 60225 55850 61425
42100 72500 60250 55825 61425
42200 72525 60250 55825 61400
42300 72550 60250 55825 61375
42400 72550 60250 55825 61375
42500 72550 60250 55825 61375
42600 72625 60225 55825 61325
42700 72650 60225 55825 61300
42800 72675 60225 55825 61275
42900 72675 60225 55825 61275
43000 72700 60225 55825 61250
43100 72700 60225 55825 61250
43200 72675 60250 55825 61250
43300 72700 60225 55800 61275
43400 72650 60200 55875 61275
43500 72650 60200 55875 61275
43600 72625 60225 55900 61250
43700 72625 60225 55900 61250
43800 72650 60225 55875 61250
43900 72650 60200 55875 61275
44000 72650 60200 55875 61275
44100 72650 60175 55875 61300
44200 72600 60200 55875 61325
44300 72600 60200 55875 61325
44400 72600 60175 55875 61350
44500 72625 60125 55875 61375
44600 72625 60150 55850 61375
44700 72625 60125 55850 61400
44800 72625 60100 55850 61425
44900 72650 60075 55825 61450
45000 72650 60025 55825 61500
45100 72625 60050 55825 61500
45200 72625 60050 55825 61500
45300 72625 60050 55825 61500
45400 72625 60050 55825 61500
45500 72600 60025 55900 61475
45600 72600 60025 55900 61475
45700 72600 60025 55925 61450
45800 72600 60025 55925 61450
45900 72625 60025 55900 61450
46000 72625 60025 55900 61450
46100 72625 60025 55900 61450
46200 72625 60025 55900 61450
46300 72625 60025 55900 61450
46400 72625 60025 55900 61450
46500 72625 60025 55900 61450
46600 72625 60025 55900 61450
46700 72600 60050 55900 61450
46800 72625 60025 55925 61425
46900 72625 60050 55900 61425
47000 72625 60050 55900 61425
47100 72625 60050 55900 61425
47200 72625 60050 55900 61425
47300 72625 60050 55900 61425
47400 72650 60000 55950 61400
47500 72675 60000 55950 61375
47600 72650 59975 56000 61375
47700 72650 59975 56000 61375
47800 72650 59975 56000 61375
47900 72650 59975 56000 61375
48000 72650 59975 56000 61375
48100 72675 59975 55975 61375
48200 72675 59975 55950 61400
48300 72675 59950 55950 61425
48400 72675 59950 55950 61425
48500 72675 59950 55950 61425
48600 72675 59950 55950 61425
48700 72675 59950 55950 61425
48800 72700 59950 55950 61400
48900 72675 59950 55975 61400
49000 72675 59950 55950 61425
49100 72675 59950 55950 61425
49200 72675 59950 55950 61425
49300 72675 59950 55950 61425
49400 72650 59950 55975 61425
49500 72650 59925 56000 61425
49600 72650 59925 56000 61425
49700 72650 59950 56000 61400
49800 72650 59950 56000 61400
49900 72650 59950 56000 61400
50000 72650 59925 56025 61400
50100 72650 59925 56025 61400
50200 72650 59925 56050 61375
50300 72650 59925 56050 61375
50400 72650 59925 56050 61375
50500 72625 59875 56100 61400
50600 72650 59875 56100 61375
50700 72650 59875 56100 61375
50800 72650 59875 56100 61375
50900 72625 59900 56100 61375
51000 72650 59900 56075 61375
51100 72625 59900 56100 61375
51200 72625 59900 56100 61375
51300 72625 59900 56100 61375
51400 72625 59900 56100 61375
51500 72650 59900 56100 61350
51600 72625 59900 56125 61350
51700 72625 59900 56125 61350
51800 72600 59925 56125 61350
51900 72600 59925 56125 61350
52000 72600 59925 56125 61350
52100 72600 59925 56125 61350
52200 72600 59925 56125 61350
52300 72600 59925 56125 61350
52400 72675 59900 56100 61325
52500 72650 59925 56100 61325
52600 72625 59950 56125 61300
52700 72625 59950 56125 61300
52800 72625 59950 56125 61300
52900 72625 59950 56125 61300
53000 72625 59950 56125 61300
53100 72625 59950 56125 61300
53200 72625 59950 56125 61300
53300 72650 59950 56125 61275
53400 72650 59950 56125 61275
53500 72600 60000 56125 61275
53600 72600 60025 56100 61275
53700 72600 60025 56100 61275
53800 72600 60025 56100 61275
53900 72600 60025 56100 61275
54000 72600 60025 56100 61275
54100 72600 60025 56125 61250
54200 72600 60025 56125 61250
54300 72600 60050 56100 61250
54400 72600 60050 56100 61250
54500 72600 60050 56100 61250
54600 72600 60050 56100 61250
54700 72600 60050 56100 61250
54800 72625 60025 56100 61250
54900 72650 60025 56100 61225
55000 72625 60050 56100 61225
55100 72625 60050 56100 61225
55200 72625 60050 56100 61225
55300 72625 60050 56100 61225
55400 72625 60050 56100 61225
55500 72600 60050 56125 61225
55600 72600 60050 56125 61225
55700 72600 60050 56125 61225
55800 72625 60050 56125 61200
55900 72625 60075 56100 61200
56000 72625 60075 56100 61200
56100 72625 60075 56100 61200
56200 72625 60075 56100 61200
56300 72625 60075 56100 61200
56400 72625 60075 56100 61200
56500 72625 60075 56100 61200
56600 72625 60075 56100 61200
56700 72650 60075 56100 61175
56800 72650 60075 56100 61175
56900 72650 60075 56100 61175
57000 72650 60075 56100 61175
57100 72650 60075 56100 61175
57200 72650 60075 56100 61175
57300 72650 60075 56100 61175
57400 72650 60075 56100 61175
57500 72675 60075 56100 61150
57600 72675 60075 56100 61150
57700 72675 60075 56100 61150
57800 72675 60075 56100 61150
57900 72700 60050 56100 61150
58000 72700 60075 56100 61125
58100 72700 60075 56100 61125
58200 72700 60075 56100 61125
58300 72700 60075 56100 61125
58400 72700 60075 56100 61125
58500 72675 60100 56125 61100
58600 72675 60100 56125 61100
58700 72700 60075 56125 61100
58800 72675 60100 56125 61100
58900 72675 60125 56100 61100
59000 72675 60125 56100 61100
59100 72675 60125 56100 61100
59200 72675 60125 56125 61075
59300 72675 60125 56125 61075
59400 72675 60125 56125 61075
59500 72650 60125 56150 61075
59600 72650 60125 56150 61075
59700 72650 60125 56150 61075
59800 72650 60125 56150 61075
59900 72650 60150 56125 61075
60000 72650 60150 56125 61075
60100 72650 60150 56125 61075
60200 72650 60150 56125 61075
60300 72650 60150 56125 61075
60400 72650 60150 56125 61075
60500 72650 60150 56100 61100
60600 72675 60125 56100 61100
60700 72700 60125 56100 61075
60800 72700 60125 56100 61075
60900 72700 60125 56125 61050
61000 72700 60125 56125 61050
61100 72700 60125 56125 61050
61200 72700 60125 56125 61050
61300 72700 60125 56125 61050
61400 72700 60125 56125 61050
61500 72700 60125 56125 61050
61600 72700 60125 56125 61050
61700 72700 60125 56125 61050
61800 72700 60125 56125 61050
61900 72700 60125 56125 61050
62000 72700 60150 56100 61050
62100 72700 60150 56100 61050
62200 72700 60150 56100 61050
62300 72725 60150 56100 61025
62400 72725 60150 56100 61025
62500 72750 60125 56100 61025
62600 72750 60150 56100 61000
62700 72775 60125 56100 61000
62800 72775 60125 56100 61000
62900 72775 60125 56100 61000
63000 72775 60125 56100 61000
63100 72775 60125 56100 61000
63200 72775 60125 56100 61000
63300 72775 60125 56100 61000
63400 72775 60125 56100 61000
63500 72725 60150 56125 61000
63600 72725 60150 56125 61000
63700 72725 60150 56125 61000
63800 72725 60150 56125 61000
63900 72725 60150 56125 61000
64000 72750 60150 56125 60975
64100 72750 60150 56125 60975
64200 72750 60150 56125 60975
64300 72775 60100 56150 60975
64400 72775 60100 56150 60975
64500 72775 60100 56150 60975
64600 72800 60075 56150 60975
64700 72800 60100 56125 60975
64800 72800 60125 56100 60975
64900 72800 60125 56100 60975
65000 72800 60125 56100 60975
65100 72800 60125 56100 60975
65200 72800 60125 56100 60975
65300 72800 60125 56100 60975
65400 72825 60100 56100 60975
65500 72825 60100 56100 60975
65600 72825 60100 56100 60975
65700 72875 60075 56100 60950
65800 72875 60075 56100 60950
65900 72900 60050 56100 60950
66000 72900 60050 56100 60950
66100 72900 60050 56100 60950
66200 72900 60050 56100 60950
66300 72875 60075 56100 60950
66400 72875 60075 56125 60925
66500 72875 60075 56125 60925
66600 72875 60075 56125 60925
66700 72875 60075 56125 60925
66800 72875 60075 56125 60925
66900 72875 60075 56125 60925
67000 72875 60075 56125 60925
67100 72850 60075 56150 60925
67200 72850 60075 56150 60925
67300 72850 60075 56150 60925
67400 72850 60075 56150 60925
67500 72875 60075 56150 60900
67600 72875 60075 56150 60900
67700 72875 60075 56150 60900
67800 72875 60075 56150 60900
67900 72850 60075 56150 60925
68000 72850 60075 56150 60925
68100 72850 60075 56150 60925
68200 72850 60075 56150 60925
68300 72825 60100 56150 60925
68400 72825 60100 56150 60925
68500 72825 60100 56150 60925
68600 72850 60075 56150 60925
68700 72850 60075 56150 60925
68800 72850 60075 56150 60925
68900 72850 60050 56175 60925
69000 72850 60050 56175 60925
69100 72850 60050 56175 60925
69200 72850 60050 56175 60925
69300 72850 60050 56175 60925
69400 72850 60075 56150 60925
69500 72875 60075 56125 60925
69600 72875 60100 56100 60925
69700 72875 60100 56100 60925
69800 72875 60100 56100 60925
69900 72875 60100 56100 60925
70000 72875 60100 56100 60925
70100 72875 60100 56100 60925
70200 72875 60100 56100 60925
70300 72875 60125 56075 60925
70400 72875 60125 56075 60925
70500 72875 60125 56075 60925
70600 72850 60125 56100 60925
70700 72825 60150 56100 60925
70800 72825 60150 56100 60925
70900 72825 60150 56100 60925
71000 72800 60150 56125 60925
71100 72800 60150 56100 60950
71200 72800 60150 56100 60950
71300 72800 60150 56100 60950
71400 72800 60150 56100 60950
71500 72800 60150 56100 60950
71600 72825 60150 56100 60925
71700 72825 60150 56100 60925
71800 72825 60150 56100 60925
71900 72825 60150 56100 60925
72000 72825 60150 56100 60925
72100 72825 60150 56100 60925
72200 72825 60150 56100 60925
72300 72825 60150 56100 60925
72400 72825 60150 56125 60900
72500 72825 60150 56125 60900
72600 72825 60150 56125 60900
72700 72825 60150 56125 60900
72800 72825 60150 56125 60900
72900 72800 60175 56125 60900
73000 72800 60175 56125 60900
73100 72800 60175 56125 60900
73200 72825 60150 56125 60900
73300 72825 60150 56125 60900
73400 72825 60150 56125 60900
73500 72825 60125 56150 60900
73600 72825 60125 56150 60900
73700 72825 60125 56150 60900
73800 72825 60125 56150 60900
73900 72825 60125 56150 60900
74000 72825 60125 56150 60900
74100 72825 60125 56175 60875
74200 72800 60150 56175 60875
74300 72825 60175 56125 60875
74400 72825 60175 56125 60875
74500 72825 60175 56125 60875
74600 72825 60175 56125 60875
74700 72825 60175 56125 60875
74800 72825 60175 56125 60875
74900 72825 60175 56125 60875
75000 72825 60175 56125 60875
75100 72825 60175 56125 60875
75200 72825 60175 56125 60875
75300 72825 60175 56125 60875
75400 72825 60175 56125 60875
75500 72825 60175 56125 60875
75600 72825 60175 56125 60875
75700 72825 60175 56125 60875
75800 72825 60175 56125 60875
75900 72825 60175 56125 60875
76000 72825 60175 56125 60875
76100 72825 60175 56125 60875
76200 72825 60175 56125 60875
76300 72825 60175 56125 60875
76400 72825 60175 56125 60875
76500 72825 60175 56125 60875
76600 72825 60175 56125 60875
76700 72825 60175 56125 60875
76800 72825 60175 56125 60875
76900 72825 60175 56125 60875
77000 72825 60200 56125 60850
77100 72825 60200 56125 60850
77200 72800 60200 56150 60850
77300 72800 60225 56125 60850
77400 72800 60225 56125 60850
77500 72825 60200 56125 60850
77600 72825 60200 56150 60825
77700 72825 60200 56150 60825
77800 72825 60200 56150 60825
77900 72825 60200 56150 60825
78000 72825 60200 56150 60825
78100 72825 60175 56150 60850
78200 72825 60175 56150 60850
78300 72825 60175 56150 60850
78400 72825 60175 56150 60850
78500 72825 60175 56150 60850
78600 72825 60175 56150 60850
78700 72825 60175 56150 60850
78800 72825 60175 56150 60850
78900 72825 60175 56150 60850
79000 72825 60175 56150 60850
79100 72825 60175 56150 60850
79200 72825 60175 56150 60850
79300 72825 60175 56150 60850
79400 72825 60175 56150 60850
79500 72825 60175 56150 60850
79600 72800 60175 56150 60875
79700 72800 60175 56150 60875
79800 72800 60175 56150 60875
79900 72800 60175 56150 60875
80000 72800 60175 56150 60875
80100 72800 60175 56150 60875
80200 72800 60200 56125 60875
80300 72800 60200 56125 60875
80400 72800 60200 56125 60875
80500 72800 60200 56125 60875
80600 72800 60225 56125 60850
80700 72800 60225 56125 60850
80800 72800 60225 56125 60850
80900 72800 60225 56125 60850
81000 72800 60225 56125 60850
81100 72800 60225 56125 60850
81200 72825 60225 56100 60850
81300 72825 60225 56100 60850
81400 72825 60225 56100 60850
81500 72850 60200 56100 60850
81600 72850 60200 56100 60850
81700 72875 60200 56100 60825
81800 72875 60225 56075 60825
81900 72875 60225 56075 60825
82000 72875 60225 56075 60825
82100 72850 60250 56075 60825
82200 72850 60250 56075 60825
82300 72850 60250 56075 60825
82400 72850 60250 56100 60800
82500 72850 60250 56100 60800
82600 72850 60275 56075 60800
82700 72850 60275 56075 60800
82800 72850 60275 56075 60800
82900 72850 60275 56075 60800
83000 72850 60250 56100 60800
83100 72825 60250 56125 60800
83200 72825 60250 56125 60800
83300 72825 60250 56125 60800
83400 72825 60250 56125 60800
83500 72825 60250 56125 60800
83600 72800 60275 56125 60800
83700 72775 60300 56125 60800
83800 72775 60300 56125 60800
83900 72775 60300 56125 60800
84000 72775 60300 56125 60800
84100 72775 60300 56125 60800
84200 72775 60300 56125 60800
84300 72775 60300 56125 60800
84400 72775 60300 56125 60800
84500 72775 60300 56125 60800
84600 72775 60300 56125 60800
84700 72775 60300 56125 60800
84800 72775 60300 56125 60800
84900 72775 60300 56125 60800
85000 72775 60300 56125 60800
85100 72775 60300 56125 60800
85200 72800 60275 56125 60800
85300 72825 60275 56125 60775
85400 72825 60300 56100 60775
85500 72825 60300 56100 60775
85600 72825 60300 56100 60775
85700 72800 60300 56100 60800
85800 72800 60300 56100 60800
85900 72800 60300 56100 60800
86000 72800 60300 56100 60800
86100 72800 60300 56100 60800
86200 72775 60325 56100 60800
86300 72800 60325 56100 60775
86400 72825 60325 56075 60775
86500 72825 60325 56075 60775
86600 72825 60325 56075 60775
86700 72825 60325 56075 60775
86800 72825 60325 56100 60750
86900 72825 60325 56100 60750
87000 72825 60325 56100 60750
87100 72825 60325 56100 60750
87200 72825 60325 56100 60750
87300 72825 60325 56100 60750
87400 72825 60325 56100 60750
87500 72825 60325 56100 60750
87600 72825 60325 56100 60750
87700 72825 60325 56100 60750
87800 72825 60325 56100 60750
87900 72825 60325 56075 60775
88000 72850 60300 56075 60775
88100 72850 60300 56075 60775
88200 72850 60300 56075 60775
88300 72850 60300 56075 60775
88400 72850 60300 56075 60775
88500 72825 60300 56100 60775
88600 72825 60275 56125 60775
88700 72825 60275 56125 60775
88800 72825 60275 56125 60775
88900 72825 60275 56125 60775
89000 72825 60275 56125 60775
89100 72825 60275 56125 60775
89200 72825 60275 56125 60775
89300 72825 60275 56125 60775
89400 72825 60275 56125 60775
89500 72825 60275 56125 60775
89600 72825 60275 56125 60775
89700 72800 60300 56125 60775
89800 72800 60300 56125 60775
89900 72800 60300 56150 60750
90000 72800 60300 56150 60750
90100 72800 60300 56150 60750
90200 72800 60300 56150 60750
90300 72800 60300 56150 60750
90400 72800 60300 56150 60750
90500 72775 60300 56150 60775
90600 72800 60300 56150 60750
90700 72825 60300 56125 60750
90800 72825 60300 56125 60750
90900 72825 60300 56150 60725
91000 72825 60300 56150 60725
91100 72825 60300 56150 60725
91200 72825 60300 56150 60725
91300 72825 60300 56150 60725
91400 72825 60300 56150 60725
91500 72825 60300 56150 60725
91600 72825 60300 56150 60725
91700 72825 60300 56150 60725
91800 72850 60275 56150 60725
91900 72850 60275 56150 60725
92000 72850 60275 56150 60725
92100 72850 60275 56150 60725
92200 72875 60275 56150 60700
92300 72875 60275 56150 60700
92400 72875 60275 56150 60700
92500 72875 60275 56150 60700
92600 72875 60275 56150 60700
92700 72875 60275 56150 60700
92800 72875 60275 56150 60700
92900 72875 60275 56150 60700
93000 72875 60275 56150 60700
93100 72875 60275 56150 60700
93200 72875 60275 56150 60700
93300 72850 60275 56175 60700
93400 72850 60275 56175 60700
93500 72850 60275 56175 60700
93600 72850 60275 56175 60700
93700 72850 60275 56175 60700
93800 72850 60275 56175 60700
93900 72850 60300 56150 60700
94000 72850 60300 56150 60700
94100 72850 60300 56150 60700
94200 72875 60300 56125 60700
94300 72875 60300 56125 60700
94400 72875 60300 56125 60700
94500 72875 60300 56125 60700
94600 72875 60300 56125 60700
94700 72875 60275 56150 60700
94800 72900 60250 56150 60700
94900 72900 60250 56150 60700
95000 72900 60250 56175 60675
95100 72900 60250 56175 60675
95200 72900 60250 56175 60675
95300 72900 60250 56175 60675
95400 72900 60250 56175 60675
95500 72900 60250 56175 60675
95600 72900 60250 56175 60675
95700 72900 60250 56175 60675
95800 72900 60250 56175 60675
95900 72900 60250 56175 60675
96000 72925 60250 56175 60650
96100 72925 60250 56175 60650
96200 72925 60250 56175 60650
96300 72925 60250 56175 60650
96400 72925 60250 56175 60650
96500 72925 60250 56175 60650
96600 72925 60250 56175 60650
96700 72925 60250 56175 60650
96800 72900 60275 56175 60650
96900 72900 60275 56175 60650
97000 72900 60275 56175 60650
97100 72900 60275 56175 60650
97200 72875 60275 56200 60650
97300 72900 60275 56175 60650
97400 72900 60275 56175 60650
97500 72925 60250 56175 60650
97600 72925 60250 56175 60650
97700 72925 60250 56175 60650
97800 72925 60250 56175 60650
97900 72925 60250 56175 60650
98000 72925 60250 56175 60650
98100 72925 60250 56175 60650
98200 72925 60250 56175 60650
98300 72925 60250 56175 60650
98400 72925 60250 56175 60650
98500 72925 60250 56175 60650
98600 72925 60250 56175 60650
98700 72925 60250 56175 60650
98800 72925 60250 56175 60650
98900 72925 60250 56175 60650
99000 72925 60250 56175 60650
99100 72925 60250 56175 60650
99200 72925 60250 56175 60650
99300 72925 60250 56175 60650
99400 72925 60250 56175 60650
99500 72925 60250 56200 60625
99600 72925 60250 56200 60625
99700 72925 60250 56200 60625
99800 72925 60250 56200 60625
99900 72950 60225 56200 60625
100000 72950 60225 56200 60625
