0 64750 59575 59975 65700
100 64775 59575 59950 65700
200 64775 59575 59925 65725
300 64800 59575 59950 65675
400 64775 59575 60000 65650
500 64750 59575 60075 65600
600 64750 59575 60075 65600
700 64750 59550 60075 65625
800 64775 59525 60050 65650
900 64775 59525 60050 65650
1000 64750 59575 60050 65625
1100 64800 59550 60050 65600
1200 64825 59550 60025 65600
1300 64825 59575 60075 65525
1400 64875 59575 60025 65525
1500 64875 59600 60050 65475
1600 64875 59600 60050 65475
1700 64875 59575 60075 65475
1800 64875 59575 60075 65475
1900 64850 59600 60075 65475
2000 64850 59550 60150 65450
2100 64850 59575 60125 65450
2200 64875 59600 60125 65400
2300 64850 59650 60125 65375
2400 64850 59650 60175 65325
2500 64850 59650 60200 65300
2600 64850 59650 60250 65250
2700 64850 59650 60300 65200
2800 64850 59650 60325 65175
2900 64850 59625 60325 65200
3000 64800 59650 60350 65200
3100 64800 59650 60350 65200
3200 64800 59650 60375 65175
3300 64800 59625 60400 65175
3400 64775 59650 60400 65175
3500 64775 59675 60375 65175
3600 64750 59675 60375 65200
3700 64775 59675 60425 65125
3800 64775 59650 60450 65125
3900 64725 59700 60475 65100
4000 64725 59725 60450 65100
4100 64725 59700 60500 65075
4200 64725 59700 60500 65075
4300 64725 59675 60525 65075
4400 64700 59675 60550 65075
4500 64700 59675 60550 65075
4600 64700 59675 60575 65050
4700 64700 59700 60575 65025
4800 64675 59700 60600 65025
4900 64700 59625 60650 65025
5000 64700 59625 60675 65000
5100 64700 59650 60675 64975
5200 64700 59600 60700 65000
5300 64725 59600 60675 65000
5400 64725 59600 60675 65000
5500 64725 59575 60725 64975
5600 64725 59575 60725 64975
5700 64725 59575 60725 64975
5800 64725 59575 60750 64950
5900 64700 59575 60800 64925
6000 64700 59575 60800 64925
6100 64700 59575 60800 64925
6200 64725 59550 60800 64925
6300 64725 59550 60825 64900
6400 64725 59550 60850 64875
6500 64725 59550 60875 64850
6600 64725 59525 60900 64850
6700 64700 59525 60925 64850
6800 64700 59525 60925 64850
6900 64700 59525 60950 64825
7000 64700 59525 60950 64825
7100 64700 59550 60950 64800
7200 64675 59575 60950 64800
7300 64650 59575 61000 64775
7400 64650 59550 61025 64775
7500 64675 59550 61025 64750
7600 64675 59550 61050 64725
7700 64650 59575 61050 64725
7800 64650 59550 61050 64750
7900 64650 59550 61050 64750
8000 64650 59550 61050 64750
8100 64650 59550 61100 64700
8200 64650 59525 61125 64700
8300 64625 59525 61125 64725
8400 64625 59500 61125 64750
8500 64625 59500 61125 64750
8600 64625 59500 61150 64725
8700 64625 59550 61125 64700
8800 64625 59525 61150 64700
8900 64625 59525 61175 64675
9000 64600 59575 61175 64650
9100 64600 59575 61175 64650
9200 64600 59550 61175 64675
9300 64600 59525 61200 64675
9400 64600 59525 61225 64650
9500 64600 59525 61225 64650
9600 64600 59500 61225 64675
9700 64650 59500 61250 64600
9800 64650 59500 61275 64575
9900 64650 59475 61275 64600
10000 64650 59475 61275 64600
10100 64625 59475 61275 64625
10200 64625 59450 61275 64650
10300 64625 59450 61275 64650
10400 64625 59450 61275 64650
10500 64600 59450 61275 64675
10600 64625 59475 61275 64625
10700 64625 59475 61275 64625
10800 64600 59475 61350 64575
10900 64600 59450 61375 64575
11000 64575 59450 61375 64600
11100 64575 59425 61375 64625
11200 64575 59400 61375 64650
11300 64575 59400 61375 64650
11400 64575 59375 61375 64675
11500 64575 59350 61375 64700
11600 64600 59375 61350 64675
11700 64600 59375 61350 64675
11800 64600 59400 61375 64625
11900 64575 59425 61375 64625
12000 64600 59425 61400 64575
12100 64575 59450 61400 64575
12200 64575 59375 61475 64575
12300 64575 59375 61500 64550
12400 64575 59375 61500 64550
12500 64575 59375 61500 64550
12600 64575 59350 61525 64550
12700 64550 59375 61525 64550
12800 64550 59375 61525 64550
12900 64550 59400 61550 64500
13000 64500 59425 61550 64525
13100 64500 59450 61525 64525
13200 64500 59450 61525 64525
13300 64500 59450 61550 64500
13400 64500 59475 61525 64500
13500 64500 59475 61525 64500
13600 64500 59475 61525 64500
13700 64500 59475 61525 64500
13800 64525 59500 61550 64425
13900 64525 59500 61550 64425
14000 64525 59500 61550 64425
14100 64525 59500 61550 64425
14200 64525 59500 61575 64400
14300 64525 59500 61575 64400
14400 64525 59500 61575 64400
14500 64525 59525 61575 64375
14600 64525 59525 61575 64375
14700 64525 59525 61600 64350
14800 64525 59525 61600 64350
14900 64525 59525 61600 64350
15000 64525 59525 61600 64350
15100 64525 59525 61625 64325
15200 64550 59525 61600 64325
15300 64550 59525 61600 64325
15400 64550 59525 61625 64300
15500 64550 59525 61625 64300
15600 64550 59550 61625 64275
15700 64550 59550 61625 64275
15800 64550 59550 61625 64275
15900 64550 59550 61650 64250
16000 64550 59550 61650 64250
16100 64550 59550 61650 64250
16200 64550 59550 61675 64225
16300 64525 59575 61675 64225
16400 64525 59575 61675 64225
16500 64525 59575 61675 64225
16600 64525 59575 61675 64225
16700 64525 59575 61675 64225
16800 64525 59575 61675 64225
16900 64525 59575 61675 64225
17000 64525 59575 61700 64200
17100 64500 59575 61725 64200
17200 64525 59575 61725 64175
17300 64525 59575 61725 64175
17400 64525 59575 61725 64175
17500 64525 59575 61725 64175
17600 64525 59575 61725 64175
17700 64525 59575 61725 64175
17800 64500 59575 61750 64175
17900 64500 59575 61750 64175
18000 64500 59575 61750 64175
18100 64500 59575 61750 64175
18200 64500 59575 61750 64175
18300 64500 59550 61775 64175
18400 64500 59550 61775 64175
18500 64500 59550 61775 64175
18600 64500 59575 61750 64175
18700 64500 59575 61750 64175
18800 64500 59575 61750 64175
18900 64500 59550 61775 64175
19000 64500 59550 61800 64150
19100 64500 59550 61800 64150
19200 64500 59550 61800 64150
19300 64500 59550 61800 64150
19400 64475 59575 61800 64150
19500 64475 59575 61825 64125
19600 64500 59575 61825 64100
19700 64475 59600 61825 64100
19800 64475 59600 61825 64100
19900 64475 59575 61825 64125
20000 64475 59575 61825 64125
20100 64475 59575 61825 64125
20200 64475 59575 61825 64125
20300 64475 59575 61825 64125
20400 64475 59575 61825 64125
20500 64475 59575 61825 64125
20600 64475 59575 61825 64125
20700 64475 59575 61825 64125
20800 64500 59575 61825 64100
20900 64500 59575 61850 64075
21000 64500 59575 61850 64075
21100 64500 59575 61850 64075
21200 64500 59575 61850 64075
21300 64500 59575 61875 64050
21400 64500 59575 61900 64025
21500 64500 59575 61900 64025
21600 64500 59575 61900 64025
21700 64500 59575 61900 64025
21800 64500 59575 61900 64025
21900 64500 59575 61900 64025
22000 64475 59600 61900 64025
22100 64500 59600 61900 64000
22200 64500 59600 61900 64000
22300 64500 59600 61900 64000
22400 64475 59625 61900 64000
22500 64475 59600 61925 64000
22600 64475 59600 61925 64000
22700 64475 59600 61925 64000
22800 64475 59600 61925 64000
22900 64475 59600 61925 64000
23000 64475 59600 61925 64000
23100 64425 59625 61950 64000
23200 64425 59625 61950 64000
23300 64425 59625 61950 64000
23400 64425 59625 61950 64000
23500 64425 59625 61975 63975
23600 64450 59625 61975 63950
23700 64450 59625 62000 63925
23800 64450 59625 62025 63900
23900 64450 59625 62025 63900
24000 64450 59625 62025 63900
24100 64450 59625 62025 63900
24200 64450 59625 62025 63900
24300 64425 59650 62025 63900
24400 64425 59650 62025 63900
24500 64425 59650 62025 63900
24600 64425 59650 62025 63900
24700 64425 59650 62025 63900
24800 64425 59650 62025 63900
24900 64425 59650 62025 63900
25000 64425 59650 62025 63900
25100 64425 59650 62025 63900
25200 64425 59650 62025 63900
25300 64425 59650 62025 63900
25400 64425 59650 62025 63900
25500 64425 59650 62050 63875
25600 64425 59650 62050 63875
25700 64425 59625 62075 63875
25800 64425 59625 62075 63875
25900 64425 59625 62075 63875
26000 64425 59625 62075 63875
26100 64400 59650 62075 63875
26200 64400 59650 62075 63875
26300 64375 59675 62075 63875
26400 64375 59675 62075 63875
26500 64375 59650 62075 63900
26600 64375 59650 62075 63900
26700 64375 59650 62100 63875
26800 64375 59650 62100 63875
26900 64375 59650 62100 63875
27000 64375 59650 62100 63875
27100 64375 59650 62125 63850
27200 64375 59650 62125 63850
27300 64375 59650 62125 63850
27400 64375 59650 62125 63850
27500 64325 59675 62125 63875
27600 64325 59675 62125 63875
27700 64325 59675 62125 63875
27800 64325 59675 62125 63875
27900 64300 59700 62125 63875
28000 64325 59700 62125 63850
28100 64325 59675 62150 63850
28200 64325 59675 62175 63825
28300 64300 59700 62175 63825
28400 64275 59725 62175 63825
28500 64275 59725 62175 63825
28600 64275 59725 62175 63825
28700 64275 59725 62175 63825
28800 64275 59725 62175 63825
28900 64250 59750 62175 63825
29000 64250 59750 62175 63825
29100 64250 59750 62175 63825
29200 64250 59750 62175 63825
29300 64250 59750 62200 63800
29400 64250 59750 62200 63800
29500 64250 59750 62200 63800
29600 64250 59750 62200 63800
29700 64250 59750 62200 63800
29800 64250 59750 62200 63800
29900 64250 59750 62200 63800
30000 64250 59750 62225 63775
30100 64250 59750 62225 63775
30200 64250 59750 62225 63775
30300 64250 59750 62225 63775
30400 64250 59750 62225 63775
30500 64250 59750 62225 63775
30600 64250 59750 62225 63775
30700 64250 59750 62225 63775
30800 64250 59750 62225 63775
30900 64250 59750 62225 63775
31000 64250 59750 62225 63775
31100 64250 59750 62225 63775
31200 64250 59750 62250 63750
31300 64250 59750 62275 63725
31400 64250 59750 62275 63725
31500 64250 59750 62275 63725
31600 64225 59750 62275 63750
31700 64225 59750 62275 63750
31800 64225 59750 62275 63750
31900 64250 59750 62275 63725
32000 64250 59750 62275 63725
32100 64250 59750 62275 63725
32200 64250 59750 62275 63725
32300 64250 59750 62275 63725
32400 64250 59750 62275 63725
32500 64250 59750 62275 63725
32600 64250 59750 62275 63725
32700 64250 59750 62275 63725
32800 64275 59750 62275 63700
32900 64275 59750 62275 63700
33000 64300 59750 62275 63675
33100 64275 59750 62275 63700
33200 64275 59725 62275 63725
33300 64275 59725 62275 63725
33400 64275 59725 62275 63725
33500 64275 59725 62275 63725
33600 64275 59725 62275 63725
33700 64250 59725 62300 63725
33800 64250 59725 62300 63725
33900 64250 59725 62325 63700
34000 64250 59725 62325 63700
34100 64225 59750 62325 63700
34200 64225 59750 62325 63700
34300 64225 59750 62325 63700
34400 64225 59750 62325 63700
34500 64225 59725 62350 63700
34600 64225 59725 62350 63700
34700 64225 59725 62350 63700
34800 64225 59725 62350 63700
34900 64225 59725 62375 63675
35000 64225 59725 62375 63675
35100 64225 59725 62375 63675
35200 64250 59725 62375 63650
35300 64250 59725 62375 63650
35400 64250 59700 62400 63650
35500 64250 59700 62400 63650
35600 64250 59700 62400 63650
35700 64250 59700 62400 63650
35800 64250 59700 62400 63650
35900 64250 59675 62425 63650
36000 64250 59675 62450 63625
36100 64250 59675 62450 63625
36200 64250 59650 62475 63625
36300 64250 59650 62475 63625
36400 64250 59650 62475 63625
36500 64250 59650 62475 63625
36600 64250 59650 62475 63625
36700 64250 59650 62475 63625
36800 64275 59650 62475 63600
36900 64250 59650 62475 63625
37000 64250 59650 62475 63625
37100 64250 59650 62475 63625
37200 64250 59650 62475 63625
37300 64250 59650 62475 63625
37400 64250 59650 62500 63600
37500 64250 59650 62500 63600
37600 64250 59650 62500 63600
37700 64250 59650 62500 63600
37800 64250 59650 62500 63600
37900 64250 59650 62500 63600
38000 64250 59650 62500 63600
38100 64250 59650 62500 63600
38200 64250 59650 62500 63600
38300 64250 59650 62500 63600
38400 64250 59650 62525 63575
38500 64250 59650 62525 63575
38600 64250 59650 62525 63575
38700 64250 59650 62525 63575
38800 64225 59675 62525 63575
38900 64225 59675 62525 63575
39000 64225 59675 62525 63575
39100 64225 59675 62525 63575
39200 64225 59675 62525 63575
39300 64225 59675 62525 63575
39400 64225 59675 62525 63575
39500 64225 59675 62550 63550
39600 64225 59675 62550 63550
39700 64225 59675 62550 63550
39800 64225 59675 62550 63550
39900 64225 59675 62550 63550
40000 64225 59675 62550 63550
40100 64225 59675 62550 63550
40200 64200 59675 62575 63550
40300 64200 59675 62575 63550
40400 64225 59625 62575 63575
40500 64225 59625 62575 63575
40600 64225 59625 62575 63575
40700 64225 59625 62575 63575
40800 64225 59625 62575 63575
40900 64225 59625 62575 63575
41000 64250 59625 62575 63550
41100 64250 59625 62575 63550
41200 64275 59625 62575 63525
41300 64275 59625 62575 63525
41400 64275 59625 62575 63525
41500 64275 59625 62575 63525
41600 64275 59625 62575 63525
41700 64275 59625 62575 63525
41800 64275 59625 62575 63525
41900 64275 59625 62600 63500
42000 64275 59625 62600 63500
42100 64275 59625 62600 63500
42200 64275 59600 62625 63500
42300 64275 59600 62625 63500
42400 64275 59600 62625 63500
42500 64275 59600 62625 63500
42600 64250 59600 62625 63525
42700 64250 59600 62625 63525
42800 64250 59600 62625 63525
42900 64250 59600 62625 63525
43000 64250 59600 62625 63525
43100 64250 59600 62625 63525
43200 64200 59625 62625 63550
43300 64200 59625 62625 63550
43400 64200 59625 62625 63550
43500 64200 59625 62625 63550
43600 64200 59625 62625 63550
43700 64200 59625 62625 63550
43800 64200 59625 62650 63525
43900 64175 59625 62675 63525
44000 64175 59625 62675 63525
44100 64175 59625 62675 63525
44200 64175 59625 62675 63525
44300 64175 59625 62675 63525
44400 64175 59625 62675 63525
44500 64175 59625 62675 63525
44600 64175 59625 62675 63525
44700 64175 59625 62675 63525
44800 64175 59625 62675 63525
44900 64175 59625 62675 63525
45000 64175 59625 62675 63525
45100 64175 59625 62675 63525
45200 64175 59625 62675 63525
45300 64175 59625 62675 63525
45400 64175 59625 62675 63525
45500 64175 59625 62675 63525
45600 64175 59625 62675 63525
45700 64175 59625 62675 63525
45800 64175 59625 62675 63525
45900 64175 59625 62675 63525
46000 64175 59625 62675 63525
46100 64175 59625 62675 63525
46200 64175 59600 62700 63525
46300 64175 59600 62725 63500
46400 64175 59600 62725 63500
46500 64175 59600 62725 63500
46600 64150 59600 62750 63500
46700 64150 59600 62750 63500
46800 64150 59600 62750 63500
46900 64150 59600 62750 63500
47000 64150 59600 62750 63500
47100 64150 59600 62750 63500
47200 64150 59600 62750 63500
47300 64150 59600 62750 63500
47400 64125 59625 62750 63500
47500 64125 59625 62750 63500
47600 64125 59625 62750 63500
47700 64125 59625 62750 63500
47800 64125 59625 62750 63500
47900 64125 59625 62750 63500
48000 64125 59600 62775 63500
48100 64125 59600 62775 63500
48200 64125 59575 62775 63525
48300 64125 59575 62775 63525
48400 64125 59575 62775 63525
48500 64150 59575 62775 63500
48600 64150 59575 62800 63475
48700 64150 59575 62800 63475
48800 64150 59575 62825 63450
48900 64150 59550 62825 63475
49000 64150 59550 62825 63475
49100 64125 59600 62800 63475
49200 64125 59600 62825 63450
49300 64125 59600 62825 63450
49400 64125 59600 62825 63450
49500 64125 59600 62825 63450
49600 64125 59600 62825 63450
49700 64125 59600 62825 63450
49800 64125 59600 62825 63450
49900 64125 59600 62825 63450
50000 64125 59600 62825 63450
50100 64125 59600 62850 63425
50200 64125 59600 62850 63425
50300 64125 59600 62850 63425
50400 64125 59600 62850 63425
50500 64100 59600 62875 63425
50600 64100 59600 62875 63425
50700 64100 59600 62875 63425
50800 64100 59600 62875 63425
50900 64100 59600 62875 63425
51000 64100 59600 62875 63425
51100 64100 59600 62875 63425
51200 64100 59600 62875 63425
51300 64100 59600 62875 63425
51400 64100 59600 62875 63425
51500 64075 59625 62875 63425
51600 64075 59625 62875 63425
51700 64075 59625 62875 63425
51800 64075 59625 62875 63425
51900 64050 59625 62900 63425
52000 64050 59625 62900 63425
52100 64050 59625 62900 63425
52200 64050 59625 62900 63425
52300 64050 59625 62900 63425
52400 64050 59625 62900 63425
52500 64050 59625 62900 63425
52600 64050 59625 62900 63425
52700 64050 59625 62900 63425
52800 64050 59625 62900 63425
52900 64050 59625 62900 63425
53000 64050 59625 62900 63425
53100 64025 59625 62900 63450
53200 64000 59625 62925 63450
53300 64000 59625 62925 63450
53400 64000 59625 62925 63450
53500 64000 59625 62925 63450
53600 64000 59625 62925 63450
53700 64000 59625 62925 63450
53800 64000 59625 62925 63450
53900 64000 59625 62925 63450
54000 64000 59625 62925 63450
54100 64000 59625 62925 63450
54200 64000 59625 62925 63450
54300 63975 59625 62950 63450
54400 63975 59625 62950 63450
54500 63975 59625 62950 63450
54600 63975 59625 62950 63450
54700 63975 59600 62975 63450
54800 63975 59600 62975 63450
54900 63975 59600 62975 63450
55000 63975 59600 62975 63450
55100 63975 59600 62975 63450
55200 63975 59600 62975 63450
55300 63950 59600 63000 63450
55400 63950 59600 63000 63450
55500 63950 59600 63000 63450
55600 63925 59625 63000 63450
55700 63950 59625 63000 63425
55800 63950 59625 63000 63425
55900 63950 59625 63000 63425
56000 63950 59625 63000 63425
56100 63950 59600 63000 63450
56200 63950 59600 63000 63450
56300 63950 59600 63000 63450
56400 63950 59600 63000 63450
56500 63950 59600 63000 63450
56600 63975 59575 63000 63450
56700 63975 59575 63000 63450
56800 63975 59575 63000 63450
56900 63975 59575 63000 63450
57000 63975 59575 63000 63450
57100 63975 59575 63000 63450
57200 63975 59575 63000 63450
57300 63975 59575 63000 63450
57400 63975 59575 63000 63450
57500 63975 59575 63000 63450
57600 63975 59575 63000 63450
57700 63975 59575 63025 63425
57800 63975 59575 63025 63425
57900 63975 59575 63025 63425
58000 63950 59600 63025 63425
58100 63950 59600 63025 63425
58200 63950 59600 63025 63425
58300 63950 59600 63050 63400
58400 63950 59600 63050 63400
58500 63950 59575 63075 63400
58600 63925 59575 63075 63425
58700 63925 59575 63075 63425
58800 63925 59575 63075 63425
58900 63925 59575 63075 63425
59000 63925 59575 63075 63425
59100 63925 59575 63075 63425
59200 63925 59575 63075 63425
59300 63925 59575 63075 63425
59400 63925 59575 63075 63425
59500 63925 59575 63075 63425
59600 63925 59575 63075 63425
59700 63925 59575 63075 63425
59800 63925 59575 63075 63425
59900 63950 59575 63075 63400
60000 63925 59600 63075 63400
60100 63925 59600 63075 63400
60200 63925 59600 63075 63400
60300 63925 59600 63075 63400
60400 63925 59600 63075 63400
60500 63925 59600 63075 63400
60600 63925 59600 63075 63400
60700 63925 59600 63075 63400
60800 63925 59600 63075 63400
60900 63925 59600 63075 63400
61000 63925 59600 63075 63400
61100 63925 59600 63075 63400
61200 63925 59600 63075 63400
61300 63925 59600 63075 63400
61400 63925 59600 63075 63400
61500 63925 59600 63075 63400
61600 63925 59600 63075 63400
61700 63925 59600 63075 63400
61800 63950 59600 63075 63375
61900 63950 59600 63075 63375
62000 63950 59600 63075 63375
62100 63950 59600 63075 63375
62200 63950 59600 63075 63375
62300 63950 59600 63075 63375
62400 63950 59600 63075 63375
62500 63950 59600 63075 63375
62600 63950 59600 63075 63375
62700 63950 59600 63075 63375
62800 63950 59600 63075 63375
62900 63950 59600 63075 63375
63000 63950 59600 63075 63375
63100 63950 59600 63075 63375
63200 63950 59600 63075 63375
63300 63950 59600 63075 63375
63400 63950 59600 63075 63375
63500 63950 59575 63075 63400
63600 63950 59575 63075 63400
63700 63950 59575 63075 63400
63800 63950 59575 63075 63400
63900 63950 59575 63075 63400
64000 63950 59575 63075 63400
64100 63950 59575 63075 63400
64200 63950 59550 63100 63400
64300 63950 59550 63100 63400
64400 63950 59550 63100 63400
64500 63950 59550 63100 63400
64600 63950 59550 63100 63400
64700 63950 59550 63100 63400
64800 63950 59550 63100 63400
64900 63925 59575 63100 63400
65000 63925 59575 63100 63400
65100 63925 59575 63100 63400
65200 63925 59575 63100 63400
65300 63925 59575 63100 63400
65400 63900 59600 63100 63400
65500 63900 59600 63100 63400
65600 63900 59600 63100 63400
65700 63900 59600 63100 63400
65800 63900 59600 63100 63400
65900 63900 59600 63100 63400
66000 63900 59600 63100 63400
66100 63900 59600 63100 63400
66200 63900 59600 63100 63400
66300 63900 59600 63100 63400
66400 63900 59600 63100 63400
66500 63900 59600 63100 63400
66600 63900 59600 63100 63400
66700 63900 59600 63100 63400
66800 63900 59600 63100 63400
66900 63900 59600 63125 63375
67000 63900 59600 63125 63375
67100 63900 59600 63125 63375
67200 63900 59600 63125 63375
67300 63900 59600 63125 63375
67400 63900 59600 63125 63375
67500 63900 59600 63125 63375
67600 63900 59600 63125 63375
67700 63900 59600 63125 63375
67800 63900 59600 63125 63375
67900 63900 59600 63125 63375
68000 63900 59600 63125 63375
68100 63900 59600 63125 63375
68200 63900 59600 63125 63375
68300 63900 59600 63125 63375
68400 63900 59600 63125 63375
68500 63900 59600 63125 63375
68600 63900 59600 63125 63375
68700 63900 59600 63125 63375
68800 63900 59600 63125 63375
68900 63900 59600 63125 63375
69000 63900 59600 63125 63375
69100 63900 59600 63125 63375
69200 63900 59600 63125 63375
69300 63900 59600 63125 63375
69400 63900 59600 63150 63350
69500 63900 59600 63150 63350
69600 63900 59600 63150 63350
69700 63900 59600 63150 63350
69800 63900 59600 63150 63350
69900 63900 59600 63150 63350
70000 63900 59575 63150 63375
70100 63900 59575 63150 63375
70200 63900 59575 63150 63375
70300 63900 59575 63150 63375
70400 63900 59575 63150 63375
70500 63900 59575 63150 63375
70600 63900 59575 63150 63375
70700 63900 59575 63150 63375
70800 63900 59575 63150 63375
70900 63875 59600 63150 63375
71000 63875 59600 63150 63375
71100 63875 59600 63175 63350
71200 63875 59600 63175 63350
71300 63900 59600 63175 63325
71400 63900 59600 63175 63325
71500 63900 59600 63175 63325
71600 63900 59600 63175 63325
71700 63900 59600 63175 63325
71800 63900 59600 63175 63325
71900 63900 59600 63175 63325
72000 63900 59600 63175 63325
72100 63900 59600 63175 63325
72200 63900 59575 63200 63325
72300 63900 59575 63200 63325
72400 63900 59575 63200 63325
72500 63900 59575 63200 63325
72600 63900 59575 63200 63325
72700 63900 59575 63200 63325
72800 63900 59575 63200 63325
72900 63900 59575 63200 63325
73000 63900 59575 63200 63325
73100 63900 59575 63200 63325
73200 63900 59575 63200 63325
73300 63875 59600 63200 63325
73400 63875 59600 63200 63325
73500 63875 59600 63200 63325
73600 63875 59600 63200 63325
73700 63875 59600 63200 63325
73800 63875 59600 63200 63325
73900 63850 59600 63200 63350
74000 63850 59600 63200 63350
74100 63850 59600 63200 63350
74200 63850 59600 63200 63350
74300 63850 59600 63200 63350
74400 63850 59600 63200 63350
74500 63825 59600 63200 63375
74600 63825 59600 63200 63375
74700 63825 59600 63200 63375
74800 63825 59600 63200 63375
74900 63825 59600 63200 63375
75000 63825 59600 63200 63375
75100 63825 59600 63200 63375
75200 63825 59600 63200 63375
75300 63825 59600 63200 63375
75400 63850 59600 63200 63350
75500 63850 59575 63200 63375
75600 63850 59575 63200 63375
75700 63850 59575 63200 63375
75800 63850 59575 63200 63375
75900 63850 59575 63200 63375
76000 63850 59575 63200 63375
76100 63850 59575 63200 63375
76200 63850 59575 63200 63375
76300 63850 59575 63200 63375
76400 63850 59575 63200 63375
76500 63850 59575 63200 63375
76600 63850 59575 63200 63375
76700 63850 59575 63200 63375
76800 63850 59575 63200 63375
76900 63850 59575 63200 63375
77000 63850 59575 63200 63375
77100 63850 59575 63200 63375
77200 63850 59575 63200 63375
77300 63850 59575 63200 63375
77400 63850 59575 63200 63375
77500 63850 59575 63200 63375
77600 63850 59575 63200 63375
77700 63850 59575 63200 63375
77800 63850 59575 63200 63375
77900 63850 59575 63200 63375
78000 63850 59575 63200 63375
78100 63850 59575 63200 63375
78200 63850 59575 63200 63375
78300 63850 59575 63200 63375
78400 63850 59575 63200 63375
78500 63850 59575 63200 63375
78600 63850 59575 63200 63375
78700 63850 59575 63200 63375
78800 63850 59575 63200 63375
78900 63850 59575 63200 63375
79000 63850 59575 63200 63375
79100 63850 59575 63200 63375
79200 63850 59575 63200 63375
79300 63850 59575 63200 63375
79400 63825 59600 63200 63375
79500 63825 59600 63200 63375
79600 63825 59600 63200 63375
79700 63825 59600 63200 63375
79800 63825 59600 63200 63375
79900 63825 59600 63200 63375
80000 63825 59600 63200 63375
80100 63825 59575 63200 63400
80200 63825 59575 63200 63400
80300 63825 59575 63200 63400
80400 63825 59575 63200 63400
80500 63825 59575 63200 63400
80600 63825 59575 63200 63400
80700 63825 59575 63200 63400
80800 63825 59575 63200 63400
80900 63825 59575 63200 63400
81000 63825 59575 63200 63400
81100 63825 59575 63200 63400
81200 63825 59575 63175 63425
81300 63825 59575 63175 63425
81400 63825 59575 63175 63425
81500 63825 59575 63175 63425
81600 63825 59575 63175 63425
81700 63825 59575 63175 63425
81800 63825 59550 63200 63425
81900 63825 59550 63200 63425
82000 63825 59550 63200 63425
82100 63825 59550 63200 63425
82200 63825 59550 63200 63425
82300 63825 59550 63200 63425
82400 63800 59575 63200 63425
82500 63800 59575 63200 63425
82600 63800 59575 63200 63425
82700 63800 59575 63200 63425
82800 63800 59575 63200 63425
82900 63800 59575 63200 63425
83000 63800 59575 63200 63425
83100 63800 59575 63200 63425
83200 63800 59575 63225 63400
83300 63800 59575 63225 63400
83400 63800 59550 63250 63400
83500 63800 59550 63250 63400
83600 63800 59550 63250 63400
83700 63800 59550 63250 63400
83800 63800 59550 63250 63400
83900 63800 59525 63250 63425
84000 63800 59525 63250 63425
84100 63800 59500 63250 63450
84200 63800 59500 63250 63450
84300 63800 59500 63250 63450
84400 63775 59500 63250 63475
84500 63775 59500 63250 63475
84600 63800 59475 63250 63475
84700 63800 59475 63250 63475
84800 63800 59475 63250 63475
84900 63800 59475 63250 63475
85000 63800 59475 63250 63475
85100 63800 59475 63250 63475
85200 63800 59475 63250 63475
85300 63800 59475 63250 63475
85400 63800 59475 63250 63475
85500 63800 59475 63250 63475
85600 63800 59475 63250 63475
85700 63800 59475 63250 63475
85800 63800 59475 63250 63475
85900 63800 59475 63250 63475
86000 63800 59475 63250 63475
86100 63800 59475 63250 63475
86200 63800 59475 63250 63475
86300 63800 59475 63250 63475
86400 63800 59475 63250 63475
86500 63800 59475 63250 63475
86600 63800 59475 63250 63475
86700 63800 59475 63250 63475
86800 63800 59475 63250 63475
86900 63800 59450 63275 63475
87000 63800 59450 63275 63475
87100 63800 59425 63275 63500
87200 63800 59425 63275 63500
87300 63800 59425 63275 63500
87400 63800 59425 63275 63500
87500 63800 59425 63275 63500
87600 63800 59425 63275 63500
87700 63800 59425 63275 63500
87800 63800 59425 63275 63500
87900 63800 59425 63275 63500
88000 63800 59425 63275 63500
88100 63800 59425 63275 63500
88200 63800 59425 63275 63500
88300 63825 59425 63275 63475
88400 63825 59425 63275 63475
88500 63825 59425 63275 63475
88600 63825 59425 63275 63475
88700 63825 59425 63275 63475
88800 63825 59425 63275 63475
88900 63825 59425 63275 63475
89000 63825 59425 63275 63475
89100 63825 59425 63300 63450
89200 63825 59425 63300 63450
89300 63825 59425 63300 63450
89400 63825 59425 63300 63450
89500 63825 59425 63300 63450
89600 63825 59425 63300 63450
89700 63825 59425 63300 63450
89800 63825 59425 63300 63450
89900 63825 59400 63300 63475
90000 63825 59400 63300 63475
90100 63825 59400 63300 63475
90200 63825 59400 63300 63475
90300 63825 59400 63300 63475
90400 63825 59400 63300 63475
90500 63825 59400 63300 63475
90600 63800 59400 63300 63500
90700 63800 59400 63300 63500
90800 63800 59400 63300 63500
90900 63800 59400 63300 63500
91000 63800 59400 63300 63500
91100 63825 59400 63300 63475
91200 63825 59400 63300 63475
91300 63825 59400 63300 63475
91400 63825 59400 63300 63475
91500 63825 59400 63300 63475
91600 63825 59400 63300 63475
91700 63825 59400 63300 63475
91800 63825 59400 63300 63475
91900 63825 59400 63300 63475
92000 63825 59400 63300 63475
92100 63825 59400 63300 63475
92200 63825 59375 63300 63500
92300 63825 59375 63300 63500
92400 63825 59375 63300 63500
92500 63825 59375 63300 63500
92600 63825 59375 63300 63500
92700 63825 59375 63300 63500
92800 63825 59375 63300 63500
92900 63825 59375 63300 63500
93000 63825 59375 63300 63500
93100 63825 59375 63300 63500
93200 63825 59375 63300 63500
93300 63825 59375 63300 63500
93400 63825 59375 63300 63500
93500 63800 59375 63300 63525
93600 63800 59375 63300 63525
93700 63800 59375 63300 63525
93800 63800 59375 63300 63525
93900 63775 59400 63300 63525
94000 63775 59400 63300 63525
94100 63775 59400 63300 63525
94200 63775 59400 63300 63525
94300 63775 59375 63300 63550
94400 63775 59375 63300 63550
94500 63775 59375 63300 63550
94600 63775 59375 63300 63550
94700 63775 59375 63300 63550
94800 63750 59400 63300 63550
94900 63750 59400 63300 63550
95000 63750 59400 63300 63550
95100 63750 59400 63300 63550
95200 63750 59400 63300 63550
95300 63750 59400 63300 63550
95400 63750 59400 63300 63550
95500 63750 59400 63300 63550
95600 63750 59400 63300 63550
95700 63750 59400 63300 63550
95800 63750 59400 63300 63550
95900 63750 59400 63300 63550
96000 63725 59400 63300 63575
96100 63725 59375 63300 63600
96200 63725 59375 63300 63600
96300 63725 59375 63300 63600
96400 63725 59375 63300 63600
96500 63725 59375 63300 63600
96600 63725 59375 63300 63600
96700 63725 59375 63300 63600
96800 63725 59375 63300 63600
96900 63725 59375 63300 63600
97000 63725 59350 63300 63625
97100 63725 59350 63300 63625
97200 63725 59350 63300 63625
97300 63725 59350 63300 63625
97400 63725 59350 63300 63625
97500 63725 59350 63300 63625
97600 63725 59350 63300 63625
97700 63725 59325 63300 63650
97800 63725 59325 63300 63650
97900 63725 59325 63300 63650
98000 63725 59325 63300 63650
98100 63725 59325 63300 63650
98200 63725 59325 63300 63650
98300 63750 59300 63300 63650
98400 63750 59300 63300 63650
98500 63750 59300 63300 63650
98600 63750 59300 63300 63650
98700 63750 59300 63300 63650
98800 63750 59300 63300 63650
98900 63750 59300 63300 63650
99000 63750 59300 63300 63650
99100 63725 59325 63300 63650
99200 63725 59300 63300 63675
99300 63725 59300 63300 63675
99400 63725 59300 63300 63675
99500 63725 59300 63300 63675
99600 63725 59300 63300 63675
99700 63725 59300 63300 63675
99800 63725 59300 63300 63675
99900 63725 59300 63300 63675
100000 63725 59300 63300 63675
