0 64175 63325 61650 60850
100 64175 63325 61650 60850
200 64200 63300 61625 60875
300 64200 63325 61625 60850
400 64225 63300 61575 60900
500 64250 63300 61575 60875
600 64250 63300 61575 60875
700 64275 63300 61575 60850
800 64275 63300 61600 60825
900 64275 63300 61600 60825
1000 64250 63325 61600 60825
1100 64250 63325 61600 60825
1200 64275 63300 61575 60850
1300 64225 63300 61600 60875
1400 64250 63275 61575 60900
1500 64250 63300 61550 60900
1600 64275 63300 61550 60875
1700 64300 63275 61525 60900
1800 64275 63300 61550 60875
1900 64275 63300 61525 60900
2000 64275 63300 61525 60900
2100 64250 63325 61550 60875
2200 64300 63275 61525 60900
2300 64300 63300 61525 60875
2400 64300 63300 61500 60900
2500 64300 63300 61500 60900
2600 64300 63300 61500 60900
2700 64275 63300 61525 60900
2800 64275 63300 61525 60900
2900 64300 63300 61525 60875
3000 64325 63300 61525 60850
3100 64375 63275 61475 60875
3200 64350 63275 61500 60875
3300 64375 63250 61475 60900
3400 64375 63250 61450 60925
3500 64375 63250 61475 60900
3600 64350 63275 61500 60875
3700 64325 63275 61500 60900
3800 64350 63275 61500 60875
3900 64375 63250 61475 60900
4000 64325 63300 61500 60875
4100 64325 63300 61500 60875
4200 64325 63325 61500 60850
4300 64325 63325 61500 60850
4400 64300 63325 61525 60850
4500 64275 63300 61500 60925
4600 64275 63300 61525 60900
4700 64275 63300 61500 60925
4800 64300 63275 61500 60925
4900 64275 63300 61500 60925
5000 64300 63325 61500 60875
5100 64300 63325 61475 60900
5200 64325 63300 61450 60925
5300 64325 63300 61450 60925
5400 64350 63300 61425 60925
5500 64350 63275 61450 60925
5600 64325 63325 61400 60950
5700 64325 63300 61450 60925
5800 64325 63275 61475 60925
5900 64350 63275 61475 60900
6000 64400 63225 61450 60925
6100 64450 63225 61450 60875
6200 64425 63250 61450 60875
6300 64425 63250 61450 60875
6400 64400 63275 61450 60875
6500 64400 63300 61450 60850
6600 64400 63300 61450 60850
6700 64425 63300 61450 60825
6800 64475 63275 61425 60825
6900 64450 63275 61425 60850
7000 64450 63275 61425 60850
7100 64450 63275 61425 60850
7200 64450 63250 61425 60875
7300 64425 63250 61450 60875
7400 64425 63250 61450 60875
7500 64450 63200 61425 60925
7600 64475 63200 61425 60900
7700 64475 63200 61425 60900
7800 64475 63200 61425 60900
7900 64475 63225 61425 60875
8000 64475 63225 61425 60875
8100 64450 63250 61425 60875
8200 64450 63250 61425 60875
8300 64425 63275 61425 60875
8400 64425 63275 61425 60875
8500 64400 63275 61425 60900
8600 64400 63275 61425 60900
8700 64350 63300 61425 60925
8800 64350 63300 61425 60925
8900 64350 63300 61425 60925
9000 64375 63275 61425 60925
9100 64350 63300 61400 60950
9200 64350 63300 61400 60950
9300 64300 63325 61400 60975
9400 64275 63325 61450 60950
9500 64300 63300 61450 60950
9600 64325 63275 61400 61000
9700 64325 63275 61425 60975
9800 64350 63250 61450 60950
9900 64375 63250 61400 60975
10000 64375 63250 61400 60975
10100 64425 63250 61400 60925
10200 64400 63300 61400 60900
10300 64425 63275 61400 60900
10400 64425 63275 61400 60900
10500 64400 63300 61375 60925
10600 64400 63300 61375 60925
10700 64375 63325 61375 60925
10800 64400 63300 61400 60900
10900 64425 63275 61400 60900
11000 64425 63275 61400 60900
11100 64425 63250 61400 60925
11200 64450 63250 61375 60925
11300 64450 63275 61375 60900
11400 64450 63275 61375 60900
11500 64450 63275 61375 60900
11600 64450 63275 61375 60900
11700 64450 63275 61375 60900
11800 64425 63250 61375 60950
11900 64425 63250 61350 60975
12000 64425 63250 61375 60950
12100 64425 63250 61350 60975
12200 64425 63250 61375 60950
12300 64400 63250 61375 60975
12400 64425 63225 61375 60975
12500 64450 63225 61375 60950
12600 64450 63225 61350 60975
12700 64425 63250 61350 60975
12800 64450 63250 61350 60950
12900 64475 63250 61375 60900
13000 64475 63250 61375 60900
13100 64475 63250 61375 60900
13200 64450 63275 61375 60900
13300 64450 63275 61375 60900
13400 64450 63275 61375 60900
13500 64475 63250 61400 60875
13600 64475 63250 61350 60925
13700 64500 63250 61350 60900
13800 64500 63250 61350 60900
13900 64500 63250 61375 60875
14000 64475 63275 61375 60875
14100 64475 63300 61350 60875
14200 64475 63300 61350 60875
14300 64500 63300 61350 60850
14400 64525 63300 61350 60825
14500 64550 63300 61350 60800
14600 64550 63300 61350 60800
14700 64575 63250 61375 60800
14800 64550 63275 61350 60825
14900 64550 63275 61350 60825
15000 64550 63300 61325 60825
15100 64550 63300 61325 60825
15200 64550 63300 61325 60825
15300 64525 63300 61325 60850
15400 64525 63300 61325 60850
15500 64525 63300 61325 60850
15600 64525 63300 61325 60850
15700 64525 63300 61325 60850
15800 64550 63300 61325 60825
15900 64550 63300 61325 60825
16000 64550 63300 61325 60825
16100 64550 63300 61325 60825
16200 64550 63300 61325 60825
16300 64550 63300 61300 60850
16400 64575 63300 61325 60800
16500 64575 63300 61325 60800
16600 64575 63300 61325 60800
16700 64575 63300 61325 60800
16800 64575 63300 61325 60800
16900 64575 63300 61325 60800
17000 64600 63300 61325 60775
17100 64600 63300 61325 60775
17200 64600 63300 61325 60775
17300 64600 63300 61325 60775
17400 64575 63325 61325 60775
17500 64575 63325 61325 60775
17600 64525 63350 61325 60800
17700 64525 63350 61325 60800
17800 64525 63350 61325 60800
17900 64525 63350 61325 60800
18000 64525 63350 61325 60800
18100 64525 63350 61325 60800
18200 64525 63350 61325 60800
18300 64550 63325 61325 60800
18400 64550 63350 61300 60800
18500 64525 63325 61325 60825
18600 64525 63325 61325 60825
18700 64525 63325 61325 60825
18800 64525 63325 61325 60825
18900 64550 63325 61350 60775
19000 64575 63300 61350 60775
19100 64575 63300 61350 60775
19200 64575 63300 61350 60775
19300 64575 63325 61325 60775
19400 64575 63350 61300 60775
19500 64575 63350 61300 60775
19600 64575 63350 61275 60800
19700 64575 63350 61275 60800
19800 64575 63350 61275 60800
19900 64575 63350 61275 60800
20000 64550 63375 61275 60800
20100 64525 63375 61275 60825
20200 64525 63375 61275 60825
20300 64525 63350 61300 60825
20400 64525 63350 61300 60825
20500 64525 63350 61300 60825
20600 64500 63350 61300 60850
20700 64500 63350 61300 60850
20800 64500 63350 61300 60850
20900 64500 63375 61300 60825
21000 64500 63375 61300 60825
21100 64500 63375 61300 60825
21200 64500 63375 61300 60825
21300 64500 63375 61300 60825
21400 64525 63350 61300 60825
21500 64500 63375 61300 60825
21600 64475 63400 61300 60825
21700 64475 63400 61300 60825
21800 64475 63400 61300 60825
21900 64500 63375 61300 60825
22000 64500 63375 61300 60825
22100 64525 63375 61300 60800
22200 64525 63375 61300 60800
22300 64525 63375 61300 60800
22400 64525 63375 61300 60800
22500 64525 63375 61300 60800
22600 64525 63375 61300 60800
22700 64525 63375 61275 60825
22800 64525 63375 61275 60825
22900 64500 63375 61275 60850
23000 64500 63375 61275 60850
23100 64500 63375 61275 60850
23200 64500 63375 61275 60850
23300 64475 63375 61275 60875
23400 64475 63375 61275 60875
23500 64475 63375 61275 60875
23600 64475 63375 61275 60875
23700 64475 63375 61275 60875
23800 64475 63375 61275 60875
23900 64475 63375 61275 60875
24000 64475 63350 61300 60875
24100 64475 63350 61300 60875
24200 64450 63350 61300 60900
24300 64450 63350 61300 60900
24400 64450 63350 61300 60900
24500 64475 63350 61300 60875
24600 64475 63350 61300 60875
24700 64475 63350 61300 60875
24800 64450 63375 61300 60875
24900 64450 63375 61300 60875
25000 64450 63375 61300 60875
25100 64450 63375 61325 60850
25200 64450 63375 61325 60850
25300 64450 63375 61325 60850
25400 64450 63375 61325 60850
25500 64450 63375 61325 60850
25600 64450 63375 61325 60850
25700 64450 63375 61325 60850
25800 64475 63350 61325 60850
25900 64475 63350 61325 60850
26000 64500 63325 61325 60850
26100 64500 63325 61325 60850
26200 64500 63325 61325 60850
26300 64550 63300 61325 60825
26400 64550 63300 61325 60825
26500 64550 63300 61350 60800
26600 64525 63325 61350 60800
26700 64525 63325 61350 60800
26800 64525 63325 61325 60825
26900 64525 63350 61300 60825
27000 64525 63350 61300 60825
27100 64525 63350 61300 60825
27200 64550 63350 61300 60800
27300 64550 63350 61300 60800
27400 64550 63350 61275 60825
27500 64550 63350 61275 60825
27600 64550 63350 61275 60825
27700 64550 63350 61275 60825
27800 64550 63350 61275 60825
27900 64550 63350 61275 60825
28000 64550 63350 61275 60825
28100 64550 63350 61275 60825
28200 64550 63350 61275 60825
28300 64550 63350 61275 60825
28400 64550 63350 61275 60825
28500 64550 63350 61275 60825
28600 64525 63350 61275 60850
28700 64525 63350 61275 60850
28800 64525 63350 61275 60850
28900 64525 63350 61275 60850
29000 64525 63350 61275 60850
29100 64525 63350 61275 60850
29200 64525 63350 61275 60850
29300 64525 63350 61250 60875
29400 64525 63350 61250 60875
29500 64525 63350 61250 60875
29600 64525 63350 61250 60875
29700 64525 63350 61250 60875
29800 64525 63350 61275 60850
29900 64525 63350 61275 60850
30000 64525 63350 61275 60850
30100 64525 63350 61275 60850
30200 64525 63350 61275 60850
30300 64525 63350 61275 60850
30400 64550 63350 61275 60825
30500 64550 63350 61275 60825
30600 64525 63375 61275 60825
30700 64525 63375 61275 60825
30800 64525 63400 61250 60825
30900 64500 63400 61250 60850
31000 64500 63400 61250 60850
31100 64525 63400 61250 60825
31200 64525 63400 61250 60825
31300 64500 63425 61250 60825
31400 64500 63425 61250 60825
31500 64500 63425 61250 60825
31600 64500 63425 61250 60825
31700 64500 63425 61250 60825
31800 64500 63425 61250 60825
31900 64500 63425 61250 60825
32000 64500 63425 61250 60825
32100 64500 63425 61250 60825
32200 64500 63450 61225 60825
32300 64500 63450 61225 60825
32400 64500 63450 61225 60825
32500 64500 63450 61225 60825
32600 64500 63450 61225 60825
32700 64500 63450 61225 60825
32800 64500 63450 61225 60825
32900 64475 63450 61225 60850
33000 64500 63425 61225 60850
33100 64500 63425 61225 60850
33200 64500 63425 61225 60850
33300 64500 63425 61225 60850
33400 64500 63425 61225 60850
33500 64500 63425 61225 60850
33600 64500 63425 61225 60850
33700 64500 63425 61225 60850
33800 64500 63425 61225 60850
33900 64500 63425 61225 60850
34000 64500 63425 61225 60850
34100 64475 63450 61225 60850
34200 64475 63450 61225 60850
34300 64475 63450 61225 60850
34400 64475 63450 61225 60850
34500 64475 63450 61225 60850
34600 64475 63450 61200 60875
34700 64475 63450 61200 60875
34800 64475 63450 61200 60875
34900 64475 63450 61200 60875
35000 64475 63450 61200 60875
35100 64475 63450 61225 60850
35200 64475 63450 61225 60850
35300 64475 63450 61225 60850
35400 64500 63450 61225 60825
35500 64500 63450 61250 60800
35600 64500 63450 61250 60800
35700 64500 63450 61250 60800
35800 64500 63450 61250 60800
35900 64500 63450 61250 60800
36000 64500 63450 61250 60800
36100 64500 63450 61250 60800
36200 64500 63450 61250 60800
36300 64500 63450 61250 60800
36400 64500 63450 61250 60800
36500 64500 63450 61250 60800
36600 64500 63450 61250 60800
36700 64500 63450 61250 60800
36800 64500 63450 61250 60800
36900 64500 63450 61250 60800
37000 64500 63450 61250 60800
37100 64500 63450 61250 60800
37200 64500 63450 61250 60800
37300 64500 63450 61250 60800
37400 64500 63450 61250 60800
37500 64500 63450 61250 60800
37600 64500 63450 61250 60800
37700 64500 63450 61250 60800
37800 64500 63450 61250 60800
37900 64500 63450 61250 60800
38000 64525 63450 61250 60775
38100 64525 63450 61250 60775
38200 64525 63450 61250 60775
38300 64525 63450 61250 60775
38400 64525 63450 61250 60775
38500 64500 63475 61250 60775
38600 64500 63475 61250 60775
38700 64500 63475 61250 60775
38800 64475 63500 61250 60775
38900 64475 63500 61250 60775
39000 64475 63500 61250 60775
39100 64475 63500 61250 60775
39200 64475 63500 61250 60775
39300 64475 63500 61250 60775
39400 64475 63500 61250 60775
39500 64475 63500 61250 60775
39600 64475 63500 61250 60775
39700 64475 63500 61250 60775
39800 64475 63500 61250 60775
39900 64475 63500 61250 60775
40000 64475 63500 61250 60775
40100 64475 63500 61250 60775
40200 64475 63500 61250 60775
40300 64475 63500 61250 60775
40400 64475 63500 61250 60775
40500 64475 63500 61250 60775
40600 64475 63500 61250 60775
40700 64475 63500 61250 60775
40800 64475 63500 61250 60775
40900 64475 63500 61250 60775
41000 64475 63500 61250 60775
41100 64475 63500 61250 60775
41200 64475 63500 61250 60775
41300 64475 63500 61250 60775
41400 64475 63500 61250 60775
41500 64475 63500 61250 60775
41600 64475 63500 61250 60775
41700 64500 63500 61250 60750
41800 64500 63500 61250 60750
41900 64500 63500 61250 60750
42000 64500 63500 61250 60750
42100 64500 63500 61250 60750
42200 64500 63500 61250 60750
42300 64500 63500 61250 60750
42400 64500 63500 61250 60750
42500 64500 63500 61225 60775
42600 64500 63500 61225 60775
42700 64500 63500 61225 60775
42800 64500 63500 61225 60775
42900 64500 63500 61225 60775
43000 64500 63500 61225 60775
43100 64500 63500 61225 60775
43200 64500 63500 61225 60775
43300 64500 63500 61225 60775
43400 64500 63500 61225 60775
43500 64500 63500 61225 60775
43600 64500 63500 61225 60775
43700 64500 63500 61225 60775
43800 64500 63500 61225 60775
43900 64500 63500 61225 60775
44000 64500 63500 61225 60775
44100 64500 63500 61225 60775
44200 64500 63500 61225 60775
44300 64500 63500 61225 60775
44400 64500 63500 61225 60775
44500 64500 63500 61225 60775
44600 64500 63500 61225 60775
44700 64500 63500 61225 60775
44800 64500 63500 61225 60775
44900 64500 63500 61225 60775
45000 64500 63500 61225 60775
45100 64500 63500 61200 60800
45200 64500 63500 61200 60800
45300 64500 63500 61200 60800
45400 64500 63500 61200 60800
45500 64500 63500 61200 60800
45600 64500 63500 61200 60800
45700 64500 63500 61200 60800
45800 64500 63500 61200 60800
45900 64500 63500 61200 60800
46000 64500 63500 61200 60800
46100 64500 63500 61200 60800
46200 64500 63500 61200 60800
46300 64500 63500 61200 60800
46400 64500 63500 61200 60800
46500 64500 63500 61200 60800
46600 64500 63500 61200 60800
46700 64500 63500 61200 60800
46800 64500 63525 61175 60800
46900 64500 63525 61175 60800
47000 64500 63525 61175 60800
47100 64500 63525 61175 60800
47200 64500 63525 61175 60800
47300 64500 63525 61175 60800
47400 64500 63525 61175 60800
47500 64500 63525 61175 60800
47600 64500 63525 61175 60800
47700 64500 63525 61175 60800
47800 64500 63525 61175 60800
47900 64500 63525 61175 60800
48000 64500 63525 61175 60800
48100 64500 63525 61175 60800
48200 64500 63525 61175 60800
48300 64500 63525 61175 60800
48400 64500 63525 61175 60800
48500 64500 63525 61175 60800
48600 64500 63525 61175 60800
48700 64500 63525 61175 60800
48800 64500 63525 61175 60800
48900 64500 63525 61175 60800
49000 64500 63525 61175 60800
49100 64500 63525 61175 60800
49200 64500 63525 61175 60800
49300 64500 63525 61175 60800
49400 64500 63525 61175 60800
49500 64500 63525 61175 60800
49600 64500 63525 61175 60800
49700 64500 63525 61175 60800
49800 64500 63525 61175 60800
49900 64500 63525 61175 60800
50000 64500 63525 61175 60800
50100 64500 63525 61175 60800
50200 64500 63525 61175 60800
50300 64500 63525 61175 60800
50400 64500 63525 61175 60800
50500 64500 63525 61175 60800
50600 64500 63525 61175 60800
50700 64500 63525 61175 60800
50800 64500 63525 61175 60800
50900 64500 63525 61175 60800
51000 64500 63525 61175 60800
51100 64500 63525 61175 60800
51200 64500 63525 61175 60800
51300 64500 63525 61175 60800
51400 64500 63525 61175 60800
51500 64500 63525 61175 60800
51600 64475 63550 61175 60800
51700 64475 63550 61175 60800
51800 64500 63550 61175 60775
51900 64500 63550 61175 60775
52000 64500 63550 61175 60775
52100 64500 63550 61175 60775
52200 64500 63550 61175 60775
52300 64500 63550 61175 60775
52400 64500 63550 61175 60775
52500 64500 63550 61175 60775
52600 64500 63550 61175 60775
52700 64500 63550 61175 60775
52800 64500 63550 61175 60775
52900 64500 63550 61175 60775
53000 64500 63550 61175 60775
53100 64500 63550 61175 60775
53200 64500 63550 61175 60775
53300 64500 63550 61175 60775
53400 64500 63550 61175 60775
53500 64500 63550 61175 60775
53600 64500 63550 61200 60750
53700 64500 63550 61200 60750
53800 64525 63550 61200 60725
53900 64525 63550 61200 60725
54000 64525 63550 61200 60725
54100 64525 63550 61200 60725
54200 64525 63550 61200 60725
54300 64525 63550 61200 60725
54400 64525 63550 61200 60725
54500 64500 63550 61200 60750
54600 64500 63550 61200 60750
54700 64500 63550 61200 60750
54800 64500 63550 61200 60750
54900 64500 63550 61200 60750
55000 64500 63550 61200 60750
55100 64500 63550 61200 60750
55200 64500 63550 61200 60750
55300 64500 63550 61200 60750
55400 64500 63550 61200 60750
55500 64500 63550 61200 60750
55600 64500 63550 61200 60750
55700 64500 63550 61200 60750
55800 64500 63550 61200 60750
55900 64500 63550 61200 60750
56000 64500 63550 61200 60750
56100 64500 63550 61200 60750
56200 64500 63550 61200 60750
56300 64500 63550 61200 60750
56400 64500 63550 61200 60750
56500 64500 63550 61200 60750
56600 64500 63550 61200 60750
56700 64500 63550 61200 60750
56800 64500 63550 61200 60750
56900 64500 63550 61200 60750
57000 64500 63550 61200 60750
57100 64500 63550 61200 60750
57200 64500 63550 61200 60750
57300 64500 63550 61200 60750
57400 64500 63550 61200 60750
57500 64500 63550 61200 60750
57600 64500 63550 61200 60750
57700 64525 63525 61200 60750
57800 64525 63525 61200 60750
57900 64525 63525 61200 60750
58000 64525 63525 61200 60750
58100 64525 63525 61200 60750
58200 64525 63525 61200 60750
58300 64525 63525 61200 60750
58400 64525 63525 61200 60750
58500 64525 63525 61200 60750
58600 64525 63525 61200 60750
58700 64525 63525 61200 60750
58800 64525 63525 61200 60750
58900 64525 63525 61200 60750
59000 64525 63525 61200 60750
59100 64525 63525 61200 60750
59200 64525 63525 61200 60750
59300 64525 63525 61200 60750
59400 64525 63525 61200 60750
59500 64525 63525 61200 60750
59600 64525 63525 61200 60750
59700 64525 63525 61200 60750
59800 64525 63525 61200 60750
59900 64525 63525 61200 60750
60000 64525 63525 61200 60750
60100 64525 63525 61200 60750
60200 64525 63525 61200 60750
60300 64525 63525 61200 60750
60400 64525 63525 61200 60750
60500 64525 63525 61200 60750
60600 64525 63525 61200 60750
60700 64525 63525 61200 60750
60800 64525 63525 61200 60750
60900 64525 63525 61200 60750
61000 64525 63525 61200 60750
61100 64525 63525 61200 60750
61200 64525 63525 61200 60750
61300 64525 63525 61200 60750
61400 64525 63525 61200 60750
61500 64525 63525 61200 60750
61600 64525 63525 61200 60750
61700 64525 63525 61200 60750
61800 64525 63525 61200 60750
61900 64525 63525 61200 60750
62000 64525 63525 61200 60750
62100 64525 63525 61200 60750
62200 64525 63525 61200 60750
62300 64525 63525 61200 60750
62400 64525 63525 61200 60750
62500 64525 63525 61200 60750
62600 64525 63525 61200 60750
62700 64525 63525 61200 60750
62800 64525 63525 61200 60750
62900 64525 63525 61200 60750
63000 64525 63525 61200 60750
63100 64525 63525 61200 60750
63200 64525 63525 61200 60750
63300 64525 63525 61200 60750
63400 64525 63525 61200 60750
63500 64525 63525 61200 60750
63600 64525 63525 61200 60750
63700 64525 63525 61200 60750
63800 64525 63525 61200 60750
63900 64525 63525 61200 60750
64000 64525 63525 61200 60750
64100 64500 63550 61200 60750
64200 64500 63550 61225 60725
64300 64500 63550 61225 60725
64400 64500 63550 61225 60725
64500 64500 63550 61225 60725
64600 64500 63550 61225 60725
64700 64500 63550 61225 60725
64800 64500 63550 61225 60725
64900 64500 63550 61225 60725
65000 64500 63550 61225 60725
65100 64500 63550 61225 60725
65200 64500 63550 61225 60725
65300 64500 63550 61225 60725
65400 64500 63550 61225 60725
65500 64500 63550 61225 60725
65600 64500 63550 61225 60725
65700 64500 63550 61225 60725
65800 64500 63550 61225 60725
65900 64500 63550 61225 60725
66000 64500 63550 61225 60725
66100 64500 63550 61225 60725
66200 64500 63550 61225 60725
66300 64500 63550 61225 60725
66400 64500 63550 61225 60725
66500 64500 63550 61225 60725
66600 64500 63550 61225 60725
66700 64500 63550 61225 60725
66800 64500 63550 61225 60725
66900 64500 63550 61225 60725
67000 64500 63550 61225 60725
67100 64475 63575 61225 60725
67200 64475 63575 61225 60725
67300 64475 63575 61225 60725
67400 64475 63575 61225 60725
67500 64475 63575 61225 60725
67600 64475 63575 61225 60725
67700 64475 63575 61225 60725
67800 64475 63575 61225 60725
67900 64475 63575 61225 60725
68000 64475 63575 61225 60725
68100 64475 63575 61225 60725
68200 64475 63575 61225 60725
68300 64475 63575 61225 60725
68400 64475 63575 61225 60725
68500 64475 63575 61225 60725
68600 64475 63575 61225 60725
68700 64475 63575 61225 60725
68800 64475 63575 61225 60725
68900 64475 63575 61225 60725
69000 64475 63575 61225 60725
69100 64475 63575 61225 60725
69200 64475 63575 61225 60725
69300 64475 63575 61225 60725
69400 64475 63575 61225 60725
69500 64475 63575 61225 60725
69600 64475 63575 61225 60725
69700 64475 63575 61225 60725
69800 64475 63575 61225 60725
69900 64475 63575 61225 60725
70000 64475 63575 61225 60725
70100 64475 63575 61225 60725
70200 64475 63575 61225 60725
70300 64475 63575 61225 60725
70400 64475 63575 61225 60725
70500 64475 63575 61200 60750
70600 64475 63575 61200 60750
70700 64475 63575 61200 60750
70800 64475 63575 61200 60750
70900 64475 63575 61200 60750
71000 64500 63575 61200 60725
71100 64500 63575 61200 60725
71200 64500 63575 61200 60725
71300 64500 63575 61200 60725
71400 64500 63575 61200 60725
71500 64500 63575 61200 60725
71600 64500 63575 61200 60725
71700 64500 63575 61200 60725
71800 64500 63575 61200 60725
71900 64500 63575 61200 60725
72000 64500 63575 61200 60725
72100 64500 63575 61200 60725
72200 64500 63575 61200 60725
72300 64500 63575 61200 60725
72400 64500 63575 61200 60725
72500 64500 63575 61200 60725
72600 64500 63575 61200 60725
72700 64500 63575 61200 60725
72800 64500 63575 61200 60725
72900 64500 63575 61200 60725
73000 64500 63575 61200 60725
73100 64500 63575 61200 60725
73200 64500 63575 61200 60725
73300 64500 63575 61200 60725
73400 64500 63575 61200 60725
73500 64500 63575 61200 60725
73600 64500 63575 61200 60725
73700 64500 63575 61200 60725
73800 64500 63575 61200 60725
73900 64500 63575 61200 60725
74000 64500 63575 61200 60725
74100 64500 63575 61200 60725
74200 64500 63575 61200 60725
74300 64500 63575 61200 60725
74400 64500 63575 61200 60725
74500 64500 63575 61200 60725
74600 64500 63575 61200 60725
74700 64500 63575 61200 60725
74800 64500 63575 61200 60725
74900 64500 63575 61200 60725
75000 64500 63575 61200 60725
75100 64500 63575 61200 60725
75200 64500 63575 61200 60725
75300 64500 63575 61200 60725
75400 64500 63575 61200 60725
75500 64500 63575 61200 60725
75600 64500 63575 61200 60725
75700 64500 63575 61200 60725
75800 64500 63575 61200 60725
75900 64500 63575 61200 60725
76000 64500 63575 61200 60725
76100 64500 63575 61200 60725
76200 64500 63575 61200 60725
76300 64500 63575 61200 60725
76400 64500 63575 61200 60725
76500 64500 63575 61200 60725
76600 64500 63575 61200 60725
76700 64500 63575 61200 60725
76800 64500 63575 61200 60725
76900 64500 63575 61200 60725
77000 64500 63575 61200 60725
77100 64500 63575 61200 60725
77200 64500 63575 61200 60725
77300 64500 63575 61200 60725
77400 64500 63575 61200 60725
77500 64500 63575 61200 60725
77600 64500 63575 61200 60725
77700 64500 63575 61225 60700
77800 64500 63575 61225 60700
77900 64500 63575 61225 60700
78000 64500 63600 61200 60700
78100 64500 63600 61200 60700
78200 64500 63600 61200 60700
78300 64500 63600 61200 60700
78400 64500 63600 61200 60700
78500 64500 63625 61175 60700
78600 64500 63625 61175 60700
78700 64500 63625 61175 60700
78800 64500 63625 61175 60700
78900 64500 63625 61175 60700
79000 64500 63625 61175 60700
79100 64500 63625 61175 60700
79200 64500 63625 61175 60700
79300 64500 63625 61175 60700
79400 64500 63625 61175 60700
79500 64500 63625 61175 60700
79600 64500 63625 61175 60700
79700 64500 63625 61175 60700
79800 64500 63625 61175 60700
79900 64500 63625 61175 60700
80000 64500 63625 61175 60700
80100 64500 63625 61175 60700
80200 64500 63625 61175 60700
80300 64500 63625 61175 60700
80400 64500 63625 61175 60700
80500 64500 63625 61175 60700
80600 64500 63625 61175 60700
80700 64500 63625 61175 60700
80800 64500 63625 61175 60700
80900 64500 63625 61175 60700
81000 64500 63625 61175 60700
81100 64500 63625 61175 60700
81200 64500 63625 61175 60700
81300 64500 63625 61175 60700
81400 64500 63625 61175 60700
81500 64500 63625 61175 60700
81600 64500 63625 61175 60700
81700 64500 63625 61175 60700
81800 64500 63625 61175 60700
81900 64500 63625 61175 60700
82000 64500 63625 61175 60700
82100 64500 63625 61175 60700
82200 64500 63625 61175 60700
82300 64500 63625 61175 60700
82400 64500 63625 61175 60700
82500 64500 63625 61175 60700
82600 64500 63625 61175 60700
82700 64500 63625 61175 60700
82800 64500 63625 61175 60700
82900 64500 63625 61175 60700
83000 64500 63625 61175 60700
83100 64500 63625 61175 60700
83200 64500 63625 61175 60700
83300 64500 63625 61175 60700
83400 64500 63625 61175 60700
83500 64500 63625 61175 60700
83600 64500 63625 61175 60700
83700 64500 63625 61175 60700
83800 64500 63625 61175 60700
83900 64500 63625 61175 60700
84000 64500 63625 61175 60700
84100 64500 63625 61175 60700
84200 64500 63625 61175 60700
84300 64500 63625 61175 60700
84400 64500 63625 61175 60700
84500 64500 63625 61175 60700
84600 64500 63625 61175 60700
84700 64500 63625 61175 60700
84800 64500 63625 61175 60700
84900 64500 63625 61175 60700
85000 64500 63625 61175 60700
85100 64500 63625 61175 60700
85200 64500 63625 61175 60700
85300 64500 63625 61175 60700
85400 64500 63625 61175 60700
85500 64500 63625 61175 60700
85600 64500 63625 61175 60700
85700 64500 63625 61175 60700
85800 64500 63625 61175 60700
85900 64500 63625 61175 60700
86000 64500 63625 61175 60700
86100 64500 63625 61175 60700
86200 64500 63625 61175 60700
86300 64500 63625 61175 60700
86400 64500 63625 61175 60700
86500 64500 63625 61175 60700
86600 64500 63625 61175 60700
86700 64500 63625 61175 60700
86800 64500 63625 61175 60700
86900 64500 63625 61175 60700
87000 64500 63625 61175 60700
87100 64500 63625 61175 60700
87200 64500 63625 61175 60700
87300 64500 63625 61175 60700
87400 64500 63625 61175 60700
87500 64500 63625 61175 60700
87600 64500 63625 61175 60700
87700 64500 63625 61175 60700
87800 64500 63625 61175 60700
87900 64500 63625 61175 60700
88000 64500 63625 61175 60700
88100 64500 63625 61175 60700
88200 64500 63625 61175 60700
88300 64500 63625 61175 60700
88400 64500 63625 61175 60700
88500 64500 63625 61175 60700
88600 64500 63625 61175 60700
88700 64500 63600 61200 60700
88800 64500 63600 61200 60700
88900 64500 63600 61200 60700
89000 64500 63600 61200 60700
89100 64500 63600 61200 60700
89200 64500 63600 61200 60700
89300 64500 63600 61200 60700
89400 64500 63600 61200 60700
89500 64500 63600 61200 60700
89600 64500 63600 61200 60700
89700 64500 63600 61200 60700
89800 64500 63600 61200 60700
89900 64500 63600 61200 60700
90000 64500 63600 61200 60700
90100 64500 63600 61200 60700
90200 64500 63600 61200 60700
90300 64500 63600 61200 60700
90400 64500 63600 61200 60700
90500 64525 63600 61200 60675
90600 64525 63600 61200 60675
90700 64525 63600 61200 60675
90800 64525 63600 61200 60675
90900 64525 63600 61200 60675
91000 64525 63600 61200 60675
91100 64525 63600 61200 60675
91200 64525 63600 61200 60675
91300 64525 63600 61200 60675
91400 64525 63600 61200 60675
91500 64500 63625 61200 60675
91600 64500 63625 61200 60675
91700 64500 63625 61200 60675
91800 64500 63625 61200 60675
91900 64475 63650 61200 60675
92000 64475 63650 61200 60675
92100 64475 63650 61200 60675
92200 64475 63650 61200 60675
92300 64475 63650 61200 60675
92400 64475 63650 61200 60675
92500 64475 63650 61200 60675
92600 64475 63650 61200 60675
92700 64475 63650 61200 60675
92800 64475 63650 61200 60675
92900 64475 63650 61200 60675
93000 64475 63650 61200 60675
93100 64475 63650 61200 60675
93200 64475 63650 61200 60675
93300 64475 63650 61200 60675
93400 64475 63650 61200 60675
93500 64475 63650 61200 60675
93600 64475 63650 61200 60675
93700 64475 63650 61200 60675
93800 64475 63650 61200 60675
93900 64475 63650 61200 60675
94000 64475 63650 61200 60675
94100 64475 63650 61200 60675
94200 64475 63650 61200 60675
94300 64475 63650 61200 60675
94400 64475 63650 61200 60675
94500 64475 63650 61200 60675
94600 64475 63650 61200 60675
94700 64475 63650 61200 60675
94800 64475 63650 61200 60675
94900 64475 63650 61200 60675
95000 64475 63650 61200 60675
95100 64475 63650 61200 60675
95200 64475 63650 61200 60675
95300 64475 63650 61200 60675
95400 64475 63650 61200 60675
95500 64475 63650 61200 60675
95600 64475 63650 61200 60675
95700 64475 63650 61200 60675
95800 64475 63650 61200 60675
95900 64475 63650 61200 60675
96000 64475 63650 61200 60675
96100 64475 63650 61200 60675
96200 64475 63650 61200 60675
96300 64475 63650 61200 60675
96400 64475 63650 61200 60675
96500 64475 63650 61200 60675
96600 64475 63650 61200 60675
96700 64475 63650 61200 60675
96800 64475 63650 61200 60675
96900 64475 63650 61200 60675
97000 64475 63650 61200 60675
97100 64475 63650 61200 60675
97200 64475 63650 61200 60675
97300 64475 63650 61200 60675
97400 64475 63650 61200 60675
97500 64475 63650 61200 60675
97600 64475 63650 61200 60675
97700 64475 63650 61200 60675
97800 64475 63650 61200 60675
97900 64475 63650 61200 60675
98000 64475 63650 61200 60675
98100 64475 63650 61200 60675
98200 64475 63650 61200 60675
98300 64475 63650 61200 60675
98400 64475 63650 61200 60675
98500 64475 63650 61200 60675
98600 64475 63650 61200 60675
98700 64475 63650 61200 60675
98800 64475 63650 61200 60675
98900 64475 63650 61200 60675
99000 64475 63650 61200 60675
99100 64475 63650 61200 60675
99200 64475 63650 61200 60675
99300 64475 63650 61200 60675
99400 64475 63650 61200 60675
99500 64475 63650 61200 60675
99600 64475 63650 61200 60675
99700 64475 63650 61200 60675
99800 64475 63650 61200 60675
99900 64475 63650 61200 60675
100000 64475 63650 61200 60675
