# gr0gr1_gb gr0gr2_gb gr0gr3_gb gr1gr2_gb gr1gr3_gb gr2gr3_gb total (total2 if different)
1415 1380 525 1430 2055 490 6820 7295
1410 1360 530 1440 2050 500 6805 7290
1425 1350 530 1450 2050 500 6815 7305
1395 1330 530 1430 2045 500 6795 7230
1405 1320 525 1430 2035 500 6795 7215
1410 1300 525 1450 2030 510 6765 7225
1405 1270 525 1440 2025 520 6730 7185
1425 1255 520 1460 2015 520 6680 7195
1420 1245 525 1470 2005 520 6670 7185
1405 1255 530 1470 1995 520 6640 7175
1400 1260 530 1480 1985 520 6640 7175
1435 1265 530 1470 1970 520 6665 7190
1420 1275 535 1470 1965 510 6665 7175
1400 1265 540 1470 1960 510 6675 7145
1405 1275 545 1470 1950 520 6640 7165
1405 1285 545 1470 1950 510 6665 7165
1410 1280 545 1470 1950 510 6645 7165
1380 1280 540 1470 1945 510 6655 7125
1390 1285 545 1490 1950 510 6680 7170
1375 1305 555 1490 1940 510 6670 7175
1395 1310 560 1490 1940 510 6680 7205
1420 1340 560 1500 1945 510 6735 7275
1420 1330 560 1520 1940 510 6725 7280
1415 1325 560 1510 1940 510 6700 7260
1395 1310 560 1520 1935 510 6675 7230
1395 1305 560 1510 1915 510 6675 7195
1385 1295 560 1500 1910 510 6660 7160
1400 1280 560 1480 1910 510 6630 7140
1395 1260 560 1460 1900 500 6615 7075
1410 1225 560 1460 1895 500 6580 7050
1415 1225 555 1450 1895 500 6575 7040
1395 1225 545 1460 1890 495 6585 7010
1400 1225 540 1460 1880 490 6575 6995
1395 1225 545 1460 1875 490 6570 6990
1385 1240 550 1470 1870 490 6555 7005
1390 1255 570 1480 1870 490 6565 7055
1370 1255 570 1470 1865 490 6525 7020
1365 1265 570 1485 1865 490 6550 7040
1375 1275 575 1505 1865 490 6550 7085
1370 1270 575 1520 1855 490 6570 7080
1370 1285 580 1525 1855 490 6565 7105
1390 1295 580 1530 1855 490 6590 7140
1385 1295 565 1540 1860 490 6600 7135
1395 1315 570 1530 1855 500 6595 7165
1390 1355 570 1510 1855 510 6620 7190
1400 1350 570 1530 1855 510 6635 7215
1390 1340 570 1520 1845 510 6640 7175
1390 1330 575 1510 1835 515 6605 7155
1390 1320 575 1500 1835 520 6610 7140
1375 1300 575 1500 1835 520 6570 7105
1375 1290 575 1500 1835 520 6555 7095
1380 1280 580 1520 1825 530 6550 7115
1390 1270 585 1520 1825 530 6550 7120
1395 1260 590 1520 1825 520 6545 7110
1395 1225 590 1520 1825 520 6505 7075
1385 1215 590 1520 1825 520 6500 7055
1380 1215 590 1530 1815 520 6470 7050
1380 1215 590 1520 1805 520 6475 7030
1375 1215 590 1530 1810 520 6465 7040
1390 1215 590 1550 1805 520 6495 7070
1380 1215 590 1550 1805 520 6500 7060
1375 1215 595 1550 1805 520 6500 7060
1375 1215 595 1550 1800 520 6505 7055
1375 1215 590 1540 1795 520 6495 7035
1375 1215 595 1540 1795 520 6495 7040
1380 1215 600 1530 1785 520 6475 7030
1375 1215 600 1525 1785 520 6455 7020
1385 1230 595 1530 1780 510 6450 7030
1395 1235 590 1510 1770 510 6445 7010
1390 1240 590 1520 1765 510 6440 7015
1370 1240 590 1520 1760 510 6430 6990
1370 1245 590 1510 1760 510 6425 6985
1370 1255 590 1510 1765 510 6445 7000
1370 1275 590 1515 1765 520 6475 7035
1365 1325 595 1540 1765 520 6535 7110
1360 1325 595 1545 1755 520 6520 7100
1365 1325 590 1550 1750 520 6505 7100
1380 1320 590 1545 1745 520 6510 7100
1385 1320 585 1545 1750 520 6515 7105
1380 1315 580 1550 1745 520 6510 7090
1370 1310 580 1550 1745 520 6500 7075
1375 1300 575 1550 1745 515 6515 7060
1370 1290 575 1570 1745 520 6510 7070
1370 1280 575 1570 1745 525 6525 7065
1365 1270 585 1585 1745 530 6540 7080
1345 1260 580 1600 1730 530 6505 7045
1350 1250 580 1590 1720 530 6475 7020
1355 1240 580 1590 1715 525 6455 7005
1355 1220 575 1600 1715 515 6440 6980
1365 1205 570 1580 1710 510 6415 6940
1370 1205 570 1570 1710 510 6420 6935
1365 1205 570 1570 1710 510 6410 6930
1365 1205 570 1570 1720 510 6405 6940
1375 1205 575 1560 1720 510 6400 6945
1370 1200 575 1560 1720 515 6410 6940
1370 1195 580 1560 1715 520 6415 6940
1370 1190 580 1555 1720 520 6415 6935
1365 1185 575 1550 1710 520 6405 6905
1365 1185 570 1550 1715 530 6410 6915
1365 1185 570 1530 1715 530 6400 6895
1355 1185 570 1540 1715 530 6400 6895
1350 1185 570 1540 1715 530 6395 6890
1340 1185 570 1540 1715 530 6390 6880
1335 1185 575 1545 1720 530 6370 6890
1345 1185 570 1550 1715 530 6355 6895
1350 1185 570 1555 1715 530 6365 6905
1360 1185 570 1540 1715 530 6355 6900
1350 1185 570 1535 1710 530 6335 6880
1355 1185 570 1535 1710 530 6335 6885
1365 1185 570 1540 1710 530 6345 6900
1375 1185 570 1540 1710 530 6350 6910
1380 1185 570 1540 1710 530 6355 6915
1380 1185 570 1550 1710 530 6355 6925
1375 1185 570 1555 1705 520 6350 6910
1380 1200 570 1565 1705 520 6350 6940
1380 1215 570 1570 1705 520 6360 6960
1370 1215 570 1570 1700 520 6365 6945
1360 1225 570 1560 1700 530 6365 6945
1355 1250 570 1550 1690 530 6385 6945
1350 1280 570 1560 1690 530 6415 6980
1345 1280 565 1565 1680 530 6410 6965
1340 1290 560 1570 1675 540 6405 6975
1340 1290 560 1575 1675 540 6410 6980
1340 1290 560 1580 1670 540 6415 6980
1345 1290 560 1585 1670 550 6430 7000
1345 1290 560 1580 1670 550 6435 6995
1355 1290 560 1580 1670 550 6445 7005
1360 1295 575 1580 1670 550 6455 7030
1365 1290 580 1585 1670 550 6470 7040
1380 1290 580 1590 1675 545 6465 7060
1380 1290 570 1590 1675 525 6465 7030
1385 1290 570 1580 1665 515 6465 7005
1380 1290 565 1580 1650 515 6430 6980
1375 1285 560 1590 1645 510 6445 6965
1370 1280 560 1580 1645 510 6430 6945
1370 1275 560 1580 1640 510 6425 6935
1365 1270 560 1580 1635 510 6415 6920
1370 1270 555 1585 1635 520 6430 6935
1365 1260 550 1585 1635 520 6420 6915
1360 1250 550 1585 1635 525 6420 6905
1345 1245 550 1590 1635 530 6410 6895
1340 1240 550 1600 1635 530 6395 6895
1330 1230 550 1600 1635 540 6380 6885
1320 1215 550 1600 1635 540 6355 6860
1325 1195 550 1600 1625 540 6325 6835
1325 1195 550 1600 1625 540 6320 6835
1325 1195 545 1600 1625 540 6315 6830
1330 1195 550 1605 1625 540 6315 6845
1330 1195 550 1605 1625 540 6305 6845
1335 1195 550 1600 1625 540 6295 6845
1345 1195 550 1600 1625 540 6310 6855
1340 1195 555 1605 1625 540 6305 6860
1345 1195 560 1600 1635 540 6310 6875
1350 1195 560 1600 1635 540 6320 6880
1360 1195 560 1600 1635 540 6325 6890
1375 1195 560 1600 1635 540 6335 6905
1390 1195 560 1600 1625 540 6340 6910
1385 1190 560 1590 1625 540 6330 6890
1380 1185 560 1590 1625 540 6330 6880
1375 1185 560 1590 1625 540 6325 6875
1380 1185 560 1590 1615 530 6330 6860
1375 1185 560 1590 1615 520 6325 6845
1370 1185 560 1595 1615 520 6330 6845
1370 1185 560 1600 1615 535 6335 6865
1370 1185 560 1620 1615 550 6345 6900
1370 1185 560 1620 1605 540 6350 6880
1365 1185 565 1600 1595 540 6350 6850
1365 1185 565 1600 1585 545 6335 6845
1360 1190 570 1595 1585 550 6320 6850
1360 1190 565 1600 1585 550 6330 6850
1360 1190 570 1610 1585 550 6330 6865
1365 1195 570 1630 1590 550 6345 6900
1360 1195 575 1630 1590 550 6345 6900
1345 1195 580 1620 1590 550 6330 6880
1330 1195 580 1620 1590 550 6325 6865
1315 1195 580 1620 1590 550 6310 6850
1310 1195 580 1630 1600 550 6310 6865
1310 1195 575 1630 1590 540 6295 6840
1315 1195 575 1635 1590 540 6305 6850
1315 1195 570 1630 1590 540 6295 6840
1315 1195 570 1630 1590 540 6285 6840
1315 1195 570 1630 1590 540 6290 6840
1325 1195 570 1615 1595 540 6285 6840
1325 1195 570 1610 1595 540 6280 6835
1330 1195 570 1610 1595 540 6285 6840
1330 1195 570 1610 1585 530 6275 6820
1330 1195 570 1600 1590 530 6270 6815
1340 1195 570 1610 1590 530 6275 6835
1355 1195 570 1615 1590 530 6285 6855
1355 1195 570 1610 1590 530 6280 6850
1370 1195 570 1610 1590 530 6290 6865
1380 1195 570 1610 1590 530 6295 6875
1400 1195 575 1610 1580 530 6310 6890
1410 1195 580 1610 1580 530 6330 6905
1420 1195 580 1610 1580 535 6340 6920
1420 1195 580 1610 1580 540 6335 6925
1425 1195 580 1605 1585 540 6345 6930
1420 1190 580 1600 1575 540 6335 6905
1410 1185 580 1595 1575 540 6325 6885
1410 1185 580 1590 1575 540 6305 6880
1410 1185 580 1590 1575 540 6305 6880
1410 1185 580 1580 1575 540 6285 6870
1410 1185 570 1580 1570 535 6285 6850
1395 1175 560 1580 1570 530 6280 6810
1395 1175 560 1590 1570 530 6295 6820
1390 1195 560 1595 1570 530 6300 6840
1395 1205 560 1600 1570 530 6305 6860
1390 1230 560 1600 1570 530 6320 6880
1385 1270 560 1600 1570 530 6340 6915
1380 1270 560 1600 1570 530 6330 6910
1370 1270 560 1600 1570 530 6325 6900
1365 1280 560 1610 1570 530 6325 6915
1360 1280 560 1620 1560 530 6320 6910
1355 1280 560 1610 1560 530 6305 6895
1345 1280 560 1625 1560 530 6295 6900
1340 1280 560 1635 1560 530 6280 6905
1335 1280 560 1640 1560 530 6280 6905
1310 1280 555 1640 1560 525 6255 6870
1310 1280 550 1640 1560 520 6260 6860
1300 1280 550 1645 1560 520 6265 6855
1300 1280 550 1645 1560 535 6270 6870
1300 1280 550 1650 1560 540 6270 6880
1300 1280 550 1660 1560 540 6290 6890
1305 1280 550 1660 1560 540 6290 6895
1310 1280 550 1660 1560 540 6290 6900
1310 1280 555 1650 1560 540 6290 6895
1310 1280 555 1645 1560 540 6290 6890
1315 1280 560 1650 1575 540 6295 6920
1315 1280 560 1650 1575 540 6295 6920
1320 1280 560 1655 1575 530 6305 6920
1320 1280 555 1655 1575 530 6305 6915
1325 1280 555 1665 1575 530 6315 6930
1325 1280 550 1670 1575 530 6315 6930
1330 1280 550 1670 1575 530 6320 6935
1330 1280 550 1670 1575 530 6320 6935
1330 1280 550 1670 1575 530 6320 6935
1320 1275 550 1670 1575 530 6320 6920
1320 1270 550 1665 1575 530 6320 6910
1320 1270 550 1660 1575 530 6315 6905
1325 1270 550 1650 1565 530 6320 6890
1325 1270 550 1650 1565 530 6320 6890
1330 1270 550 1650 1565 530 6325 6895
1335 1270 550 1650 1570 530 6325 6905
1335 1270 550 1650 1570 530 6325 6905
1330 1270 550 1650 1570 530 6325 6900
1335 1270 550 1640 1570 530 6325 6895
1335 1270 550 1640 1570 520 6335 6885
1335 1270 550 1625 1570 520 6330 6870
1340 1270 550 1625 1570 520 6340 6875
1345 1270 550 1630 1570 520 6345 6885
1345 1270 555 1630 1570 520 6335 6890
1340 1270 560 1630 1570 520 6340 6890
1345 1270 560 1630 1570 520 6355 6895
1345 1270 560 1630 1570 520 6360 6895
1345 1270 565 1630 1570 530 6365 6910
1345 1270 565 1635 1570 530 6370 6915
1350 1270 565 1640 1570 530 6385 6925
1355 1270 570 1640 1570 530 6395 6935
1350 1275 570 1640 1570 535 6395 6940
1350 1280 570 1640 1570 540 6400 6950
1345 1290 570 1645 1570 560 6395 6980
1350 1290 570 1640 1570 560 6395 6980
1355 1290 570 1630 1570 560 6390 6975
1360 1290 570 1625 1570 560 6390 6975
1360 1290 570 1625 1570 560 6390 6975
1360 1290 570 1620 1570 560 6385 6970
1360 1290 570 1620 1570 560 6395 6970
1360 1290 570 1620 1570 560 6395 6970
1365 1290 570 1620 1570 560 6400 6975
1365 1290 570 1615 1570 560 6395 6970
1365 1290 570 1605 1570 560 6400 6960
1365 1290 570 1600 1575 560 6400 6960
1365 1290 570 1600 1575 560 6400 6960
1360 1290 565 1600 1575 560 6395 6950
1365 1290 565 1600 1575 570 6390 6965
1370 1290 560 1605 1575 560 6390 6960
1380 1290 560 1610 1575 555 6390 6970
1375 1285 560 1605 1575 550 6380 6950
1375 1285 560 1600 1575 550 6375 6945
1375 1280 560 1600 1585 550 6385 6950
1375 1280 555 1610 1590 545 6390 6955
1370 1280 550 1625 1590 540 6395 6955
1370 1280 550 1630 1590 540 6405 6960
1370 1280 550 1630 1590 540 6410 6960
1370 1280 550 1640 1590 540 6410 6970
1375 1280 550 1640 1590 540 6410 6975
1380 1280 550 1650 1590 540 6415 6990
1385 1280 550 1650 1590 540 6420 6995
1385 1280 550 1660 1590 540 6430 7005
1385 1280 550 1660 1590 545 6430 7010
1390 1280 550 1660 1590 550 6430 7020
1385 1280 550 1660 1590 540 6425 7005
1385 1280 550 1660 1580 540 6420 6995
1385 1280 550 1660 1580 540 6415 6995
1380 1280 550 1650 1580 540 6410 6980
1380 1280 550 1650 1580 540 6415 6980
1385 1280 550 1655 1580 540 6415 6990
1385 1280 550 1655 1585 540 6415 6995
1385 1280 550 1650 1585 540 6410 6990
1390 1275 545 1650 1585 535 6415 6980
1390 1270 545 1650 1585 535 6415 6975
1390 1270 540 1655 1585 530 6420 6970
1390 1265 540 1665 1590 540 6430 6990
1385 1265 545 1660 1600 540 6425 6995
1385 1265 545 1655 1600 540 6420 6990
1385 1270 545 1655 1600 540 6425 6995
1385 1270 545 1665 1600 540 6435 7005
1380 1270 540 1670 1600 540 6430 7000
1380 1270 540 1670 1600 540 6430 7000
1385 1265 535 1680 1600 550 6435 7015
1385 1265 535 1680 1600 550 6435 7015
1385 1265 535 1680 1600 550 6435 7015
1385 1260 530 1680 1600 550 6440 7005
1385 1260 530 1680 1600 550 6445 7005
1380 1260 530 1680 1605 550 6450 7005
1380 1260 530 1680 1605 550 6455 7005
1380 1260 535 1680 1605 550 6455 7010
1380 1260 535 1680 1605 550 6455 7010
1385 1260 535 1680 1615 550 6455 7025
1385 1260 540 1680 1615 545 6455 7025
1380 1260 540 1680 1615 540 6445 7015
1380 1260 540 1680 1615 540 6440 7015
1380 1260 540 1680 1615 540 6435 7015
1380 1260 540 1675 1615 540 6430 7010
1385 1260 540 1670 1625 540 6440 7020
1380 1260 540 1670 1625 540 6440 7015
1380 1260 540 1670 1630 540 6450 7020
1385 1260 540 1670 1625 550 6455 7030
1385 1260 540 1670 1620 560 6455 7035
1380 1260 535 1670 1625 560 6460 7030
1380 1260 535 1670 1625 560 6460 7030
1375 1260 530 1660 1625 560 6460 7010
1375 1260 530 1660 1625 560 6455 7010
1375 1260 530 1660 1625 560 6455 7010
1375 1260 525 1660 1625 560 6455 7005
1375 1260 525 1655 1625 560 6455 7000
1375 1260 525 1650 1630 560 6460 7000
1375 1260 525 1650 1630 560 6465 7000
1375 1260 520 1650 1635 560 6470 7000
1375 1260 520 1650 1635 560 6470 7000
1375 1260 520 1650 1635 560 6475 7000
1380 1260 520 1650 1640 560 6475 7010
1380 1260 520 1660 1650 560 6480 7030
1385 1260 520 1660 1650 560 6485 7035
1385 1260 520 1660 1655 560 6490 7040
1385 1260 520 1660 1655 560 6485 7040
1385 1260 520 1650 1650 560 6490 7025
1380 1260 520 1645 1650 560 6485 7015
1385 1260 520 1650 1650 560 6480 7025
1385 1260 520 1645 1650 560 6480 7020
1385 1260 520 1645 1655 560 6465 7025
1385 1260 520 1640 1655 565 6455 7025
1385 1260 520 1635 1660 570 6455 7030
1385 1260 520 1630 1660 570 6450 7025
1385 1260 520 1630 1660 570 6445 7025
1380 1260 520 1635 1665 565 6455 7025
1380 1260 520 1635 1670 560 6460 7025
1380 1260 520 1635 1680 560 6470 7035
1380 1260 525 1630 1680 560 6470 7035
1380 1260 525 1630 1685 560 6475 7040
1380 1260 530 1630 1680 560 6475 7040
1380 1260 530 1620 1680 560 6460 7030
1385 1260 530 1625 1680 560 6460 7040
1390 1260 530 1620 1685 555 6455 7040
1390 1260 530 1620 1690 545 6465 7035
1390 1260 530 1620 1695 540 6480 7035
1390 1260 530 1620 1700 540 6485 7040
1395 1260 530 1620 1705 540 6495 7050
1395 1260 530 1620 1710 540 6500 7055
1400 1260 530 1625 1720 540 6515 7075
1395 1260 530 1635 1745 540 6545 7105
1400 1260 530 1635 1745 540 6550 7110
1400 1255 530 1640 1745 540 6555 7110
1395 1255 530 1640 1745 540 6550 7105
1395 1250 530 1640 1745 540 6550 7100
1395 1250 530 1640 1745 540 6550 7100
1400 1250 530 1640 1745 540 6560 7105
1400 1250 530 1640 1745 540 6565 7105
1400 1250 530 1640 1745 545 6565 7110
1400 1250 530 1645 1745 550 6565 7120
1400 1250 530 1655 1755 550 6580 7140
1400 1250 530 1660 1755 550 6580 7145
1400 1250 530 1660 1755 550 6575 7145
1400 1250 530 1660 1755 550 6575 7145
1400 1250 530 1660 1755 550 6575 7145
1400 1250 530 1660 1755 550 6575 7145
1400 1250 530 1665 1755 550 6575 7150
1400 1250 535 1665 1755 550 6570 7155
1400 1250 535 1670 1750 550 6575 7155
1400 1250 540 1670 1755 550 6585 7165
1400 1250 540 1665 1755 550 6585 7160
1400 1245 540 1665 1755 550 6590 7155
1400 1240 540 1665 1755 550 6590 7150
1400 1240 540 1665 1755 550 6585 7150
1405 1240 540 1670 1755 550 6585 7160
1405 1240 540 1670 1755 550 6585 7160
1405 1240 540 1680 1765 550 6600 7180
1410 1240 540 1685 1765 550 6600 7190
1410 1240 540 1690 1765 550 6605 7195
1410 1240 540 1695 1765 550 6610 7200
1405 1240 540 1700 1765 550 6610 7200
1405 1240 540 1700 1765 550 6610 7200
1405 1240 540 1695 1775 550 6620 7205
1405 1240 540 1690 1775 550 6615 7200
1400 1240 540 1690 1775 550 6615 7195
1400 1240 540 1690 1775 550 6615 7195
1400 1240 540 1700 1775 545 6615 7200
1400 1240 540 1700 1785 540 6625 7205
1400 1240 540 1700 1785 540 6625 7205
1400 1235 540 1700 1785 540 6625 7200
1400 1235 540 1700 1785 540 6625 7200
1400 1230 540 1700 1795 540 6635 7205
1400 1230 540 1700 1795 540 6635 7205
1400 1230 540 1700 1795 540 6635 7205
1400 1230 540 1700 1795 540 6645 7205
1400 1230 535 1700 1795 540 6645 7200
1400 1230 535 1695 1805 540 6655 7205
1400 1230 535 1690 1820 535 6655 7210
1405 1230 530 1690 1820 535 6655 7210
1405 1230 530 1690 1820 530 6650 7205
1405 1230 530 1685 1820 530 6645 7200
1405 1230 530 1685 1820 530 6650 7200
1405 1230 530 1680 1820 530 6655 7195
1400 1230 535 1680 1820 530 6650 7195
1400 1230 535 1680 1815 525 6650 7185
1395 1230 525 1675 1800 525 6650 7150
1400 1230 530 1670 1790 525 6655 7145
1400 1230 530 1670 1790 525 6655 7145
1400 1230 530 1670 1790 530 6660 7150
1400 1230 530 1670 1790 530 6655 7150
1400 1230 530 1670 1790 530 6655 7150
1400 1230 530 1670 1790 530 6660 7150
1405 1230 530 1670 1790 535 6660 7160
1405 1230 530 1670 1790 540 6660 7165
1405 1230 530 1670 1790 540 6660 7165
1405 1230 530 1670 1790 540 6665 7165
1405 1230 530 1670 1790 540 6670 7165
1405 1225 530 1670 1790 540 6670 7160
1405 1225 530 1670 1780 540 6670 7150
1405 1220 530 1670 1780 540 6660 7145
1405 1220 530 1670 1780 540 6655 7145
1405 1210 530 1660 1780 540 6655 7125
1405 1210 530 1660 1780 540 6655 7125
1405 1210 530 1660 1780 540 6650 7125
1395 1210 530 1660 1780 540 6640 7115
1395 1210 530 1660 1780 540 6645 7115
1395 1210 530 1655 1780 540 6640 7110
1395 1210 530 1660 1780 540 6645 7115
1395 1210 530 1660 1780 540 6645 7115
1390 1210 530 1655 1780 540 6635 7105
1390 1210 530 1650 1780 540 6630 7100
1390 1210 530 1650 1780 540 6630 7100
1390 1210 530 1650 1780 540 6630 7100
1390 1210 530 1650 1780 540 6630 7100
1390 1210 530 1650 1780 540 6630 7100
1390 1210 530 1650 1780 540 6630 7100
1390 1210 530 1645 1780 540 6625 7095
1390 1210 530 1645 1780 540 6620 7095
1390 1210 530 1635 1780 540 6610 7085
1390 1210 530 1630 1780 540 6605 7080
1390 1210 530 1620 1770 540 6595 7060
1390 1210 525 1615 1770 540 6585 7050
1390 1210 525 1610 1770 540 6580 7045
1390 1210 525 1610 1770 540 6580 7045
1390 1210 520 1610 1770 540 6575 7040
1390 1210 520 1610 1770 540 6575 7040
1390 1210 520 1610 1770 540 6575 7040
1390 1210 520 1610 1770 540 6570 7040
1390 1210 520 1610 1770 540 6570 7040
1390 1210 520 1610 1770 540 6570 7040
1390 1210 520 1610 1770 535 6565 7035
1390 1210 520 1615 1770 535 6565 7040
1390 1215 520 1615 1770 535 6565 7045
1390 1215 520 1620 1770 540 6570 7055
1390 1220 520 1620 1770 550 6570 7070
1390 1220 520 1620 1770 550 6570 7070
1390 1220 520 1620 1770 550 6575 7070
1390 1220 520 1620 1770 550 6570 7070
1390 1220 520 1620 1770 550 6565 7070
1385 1220 520 1620 1770 550 6570 7065
1385 1220 520 1620 1770 550 6575 7065
1390 1215 520 1615 1765 550 6575 7055
1390 1215 520 1615 1760 550 6565 7050
1390 1210 520 1615 1760 550 6565 7045
1390 1210 520 1605 1760 550 6560 7035
1390 1210 520 1605 1760 545 6560 7030
1390 1210 520 1605 1760 545 6560 7030
1390 1210 520 1610 1760 540 6560 7030
1390 1210 520 1610 1760 540 6560 7030
1390 1210 520 1610 1760 540 6560 7030
1390 1210 520 1610 1760 540 6560 7030
1390 1210 520 1610 1760 540 6560 7030
1390 1210 520 1610 1760 540 6560 7030
1390 1210 520 1610 1760 540 6560 7030
1390 1210 520 1610 1760 540 6550 7030
1390 1210 515 1610 1760 540 6545 7025
1390 1210 515 1610 1760 540 6545 7025
1390 1210 515 1610 1760 540 6540 7025
1390 1210 510 1610 1760 540 6535 7020
1390 1210 510 1615 1760 540 6540 7025
1390 1210 510 1615 1760 540 6535 7025
1390 1210 510 1620 1760 540 6535 7030
1390 1210 510 1620 1760 540 6535 7030
1390 1210 510 1620 1750 540 6515 7020
1390 1210 510 1620 1750 540 6515 7020
1390 1210 515 1620 1750 540 6520 7025
1390 1210 515 1620 1750 545 6520 7030
1390 1210 515 1625 1750 545 6530 7035
1395 1210 515 1640 1750 550 6530 7060
1395 1210 515 1645 1750 550 6530 7065
1400 1210 520 1650 1750 550 6530 7080
1400 1210 520 1650 1750 550 6530 7080
1400 1210 520 1650 1750 550 6530 7080
1400 1210 520 1650 1750 550 6530 7080
1400 1205 520 1645 1750 550 6530 7070
1400 1200 520 1640 1750 550 6530 7060
1400 1200 520 1640 1750 550 6530 7060
1400 1200 520 1645 1750 550 6535 7065
1400 1200 520 1650 1750 550 6540 7070
1400 1200 520 1650 1750 550 6540 7070
1400 1205 520 1650 1750 555 6545 7080
1400 1205 520 1655 1750 560 6540 7090
1400 1210 520 1655 1750 565 6545 7100
1400 1210 520 1665 1750 570 6545 7115
1400 1210 515 1660 1750 570 6540 7105
1395 1210 515 1660 1740 570 6525 7090
1395 1210 515 1665 1740 570 6530 7095
1395 1210 510 1675 1740 570 6540 7100
1395 1210 510 1675 1740 570 6540 7100
1395 1210 510 1680 1740 570 6545 7105
1395 1210 510 1680 1740 570 6545 7105
1395 1210 510 1680 1740 570 6545 7105
1395 1210 510 1680 1740 570 6545 7105
1390 1210 505 1680 1740 565 6540 7090
1395 1210 505 1685 1740 565 6540 7100
1390 1210 505 1685 1740 565 6540 7095
1390 1210 500 1685 1740 560 6540 7085
1395 1210 500 1690 1740 560 6535 7095
1395 1210 500 1690 1740 560 6535 7095
1395 1210 500 1690 1740 560 6545 7095
1395 1210 500 1685 1740 560 6545 7090
1395 1210 500 1685 1740 560 6545 7090
1395 1210 500 1680 1740 560 6545 7085
1400 1210 500 1680 1740 560 6545 7090
1400 1210 500 1680 1740 560 6545 7090
1400 1210 500 1680 1740 560 6550 7090
1405 1210 500 1680 1740 560 6555 7095
1405 1210 500 1680 1730 560 6545 7085
1405 1210 500 1680 1730 560 6545 7085
1405 1210 500 1685 1730 560 6545 7090
1405 1210 500 1685 1730 560 6545 7090
1405 1205 500 1690 1730 560 6545 7090
1405 1205 500 1690 1730 560 6545 7090
1405 1205 500 1690 1730 560 6550 7090
1410 1200 505 1690 1730 560 6550 7095
1415 1200 505 1690 1730 560 6560 7100
1415 1200 505 1690 1730 560 6555 7100
1415 1195 505 1685 1730 560 6555 7090
1415 1190 505 1685 1730 560 6560 7085
1415 1190 505 1685 1730 560 6555 7085
1420 1190 510 1685 1730 560 6555 7095
1425 1190 510 1685 1730 560 6560 7100
1430 1190 510 1685 1730 560 6565 7105
1430 1190 510 1690 1730 560 6570 7110
1430 1190 510 1690 1730 560 6570 7110
1430 1190 510 1690 1730 555 6570 7105
1430 1190 510 1690 1730 555 6570 7105
1430 1190 515 1690 1730 550 6570 7105
1430 1190 515 1690 1730 550 6570 7105
1430 1190 515 1690 1720 550 6560 7095
1430 1190 515 1690 1720 550 6560 7095
1430 1190 520 1690 1720 550 6560 7100
1430 1190 520 1690 1720 545 6560 7095
1430 1190 520 1690 1720 545 6560 7095
1430 1190 520 1690 1720 540 6555 7090
1430 1190 520 1695 1720 540 6555 7095
1430 1190 520 1700 1720 540 6555 7100
1430 1190 520 1700 1720 540 6550 7100
1430 1190 520 1700 1720 540 6550 7100
1430 1190 520 1695 1720 540 6545 7095
1425 1190 520 1695 1720 540 6545 7090
1425 1190 520 1690 1720 540 6540 7085
1425 1190 520 1690 1720 540 6540 7085
1425 1190 520 1690 1720 540 6545 7085
1425 1190 520 1685 1720 540 6545 7080
1425 1190 515 1685 1715 540 6545 7070
1425 1190 515 1680 1715 540 6550 7065
1425 1190 515 1680 1715 540 6550 7065
1425 1190 515 1680 1715 540 6550 7065
1425 1190 510 1680 1710 540 6550 7055
1425 1190 510 1680 1710 540 6550 7055
1430 1190 510 1680 1700 545 6535 7055
1430 1190 510 1680 1700 545 6530 7055
1430 1190 510 1680 1700 545 6530 7055
1430 1190 510 1680 1700 550 6525 7060
1435 1190 515 1680 1700 550 6525 7070
1435 1190 515 1680 1700 550 6525 7070
1435 1190 515 1680 1700 555 6525 7075
1435 1190 515 1680 1700 555 6525 7075
1435 1190 515 1680 1700 555 6525 7075
1435 1190 515 1680 1700 560 6525 7080
1435 1190 515 1680 1700 560 6525 7080
1430 1190 515 1680 1700 560 6525 7075
1440 1190 520 1680 1700 560 6525 7090
1440 1190 520 1680 1700 560 6525 7090
1440 1190 520 1675 1700 560 6520 7085
1440 1190 520 1675 1700 560 6525 7085
1440 1190 520 1665 1700 560 6515 7075
1440 1190 520 1665 1700 560 6520 7075
1440 1180 520 1660 1700 560 6520 7060
1440 1180 525 1660 1700 560 6520 7065
1440 1180 525 1660 1700 560 6520 7065
1440 1180 525 1660 1700 560 6520 7065
1440 1180 525 1660 1690 560 6520 7055
1440 1180 525 1660 1690 555 6515 7050
1440 1180 525 1660 1690 555 6515 7050
1435 1175 525 1660 1690 555 6515 7040
1435 1175 520 1660 1690 550 6515 7030
1435 1175 520 1660 1690 550 6520 7030
1435 1145 520 1660 1690 555 6515 7005
1430 1135 520 1650 1690 555 6510 6980
1430 1130 520 1655 1690 560 6505 6985
1430 1130 520 1650 1690 560 6505 6980
1430 1120 520 1640 1690 560 6490 6960
1430 1120 520 1640 1690 560 6485 6960
1430 1105 520 1640 1690 560 6485 6945
1430 1105 520 1640 1690 560 6465 6945
1430 1105 520 1635 1690 560 6465 6940
1430 1105 520 1630 1690 560 6450 6935
1430 1105 520 1625 1690 560 6450 6930
1430 1105 520 1620 1690 560 6440 6925
1430 1105 520 1620 1690 560 6435 6925
1430 1105 520 1620 1690 560 6435 6925
1430 1105 520 1620 1690 560 6425 6925
1430 1105 520 1620 1680 560 6405 6915
1430 1105 520 1620 1680 560 6405 6915
1430 1105 520 1620 1680 560 6405 6915
1435 1105 520 1620 1680 560 6405 6920
1435 1105 520 1620 1680 560 6400 6920
1430 1105 520 1620 1680 560 6395 6915
1430 1105 520 1620 1680 560 6400 6915
1430 1105 520 1625 1680 560 6405 6920
1430 1105 525 1625 1680 560 6405 6925
1430 1105 525 1625 1680 560 6410 6925
1430 1105 525 1625 1680 560 6410 6925
1430 1105 525 1630 1680 560 6415 6930
1430 1105 530 1630 1680 560 6415 6935
1430 1105 530 1630 1680 560 6415 6935
1430 1105 530 1630 1680 560 6415 6935
1430 1105 530 1630 1680 560 6415 6935
1430 1105 530 1630 1680 560 6415 6935
1430 1105 530 1630 1680 560 6415 6935
1430 1105 530 1630 1680 560 6415 6935
1430 1105 530 1630 1670 560 6405 6925
1430 1105 530 1630 1670 560 6405 6925
1430 1105 530 1630 1670 560 6395 6925
1430 1105 530 1630 1670 560 6395 6925
1430 1105 530 1630 1670 560 6395 6925
1430 1105 530 1630 1670 560 6395 6925
1430 1105 530 1630 1670 560 6395 6925
1430 1105 530 1630 1670 560 6395 6925
1430 1105 530 1630 1670 560 6395 6925
1430 1105 530 1630 1670 560 6390 6925
1430 1105 530 1630 1670 560 6390 6925
1435 1105 530 1635 1670 560 6385 6935
1435 1105 530 1635 1670 560 6385 6935
1435 1105 530 1635 1670 560 6385 6935
1440 1105 530 1640 1670 560 6385 6945
1440 1105 530 1640 1670 560 6385 6945
1440 1105 530 1640 1660 560 6375 6935
1440 1105 530 1640 1660 560 6375 6935
1440 1105 530 1640 1660 560 6375 6935
1440 1105 530 1640 1660 560 6375 6935
1440 1105 535 1640 1660 560 6375 6940
1440 1105 535 1640 1660 560 6375 6940
1440 1105 535 1640 1660 560 6375 6940
1440 1105 535 1640 1660 560 6375 6940
1440 1105 535 1640 1660 560 6375 6940
1440 1105 540 1640 1660 560 6375 6945
1440 1105 540 1640 1660 560 6375 6945
1440 1105 540 1640 1660 560 6375 6945
1440 1105 540 1640 1660 560 6370 6945
1440 1105 540 1640 1660 555 6370 6940
1440 1105 540 1640 1650 555 6360 6930
1440 1105 540 1645 1650 555 6360 6935
1440 1105 540 1640 1650 550 6360 6925
1440 1105 540 1640 1650 550 6355 6925
1440 1105 540 1645 1650 550 6355 6930
1440 1105 540 1645 1650 550 6350 6930
1440 1105 540 1640 1650 550 6350 6925
1440 1105 540 1640 1650 550 6345 6925
1440 1105 540 1645 1650 550 6350 6930
1440 1105 540 1645 1650 550 6350 6930
1440 1105 540 1645 1640 545 6340 6915
1440 1105 540 1645 1640 545 6340 6915
1440 1105 540 1650 1640 545 6345 6920
1440 1105 540 1650 1640 540 6345 6915
1440 1105 540 1650 1640 540 6355 6915
1440 1105 540 1650 1640 540 6350 6915
1440 1105 540 1650 1630 540 6340 6905
1440 1105 540 1650 1630 540 6340 6905
1440 1105 540 1650 1630 540 6335 6905
1440 1105 540 1650 1625 540 6325 6900
1440 1105 540 1650 1625 540 6325 6900
1440 1105 540 1650 1625 540 6325 6900
1440 1105 540 1650 1625 540 6330 6900
1440 1105 540 1650 1625 540 6330 6900
1440 1105 540 1650 1625 540 6325 6900
1440 1105 540 1650 1625 540 6330 6900
1440 1105 540 1650 1625 540 6330 6900
1440 1105 540 1650 1625 540 6330 6900
1440 1105 540 1650 1625 540 6330 6900
1440 1105 540 1650 1625 540 6330 6900
1440 1105 540 1655 1625 540 6330 6905
1440 1105 540 1650 1620 540 6330 6895
1440 1105 540 1655 1620 540 6320 6900
1440 1105 540 1655 1620 540 6320 6900
1440 1105 540 1650 1615 540 6320 6890
1440 1105 540 1650 1615 540 6320 6890
1440 1105 540 1650 1615 540 6320 6890
1440 1105 540 1650 1615 540 6320 6890
1440 1105 540 1650 1615 545 6320 6895
1440 1105 540 1650 1615 545 6320 6895
1440 1105 540 1655 1615 545 6325 6900
1440 1105 540 1655 1615 545 6325 6900
1440 1105 540 1655 1615 550 6325 6905
1440 1105 540 1660 1615 550 6330 6910
1440 1105 540 1660 1615 550 6330 6910
1440 1105 540 1660 1615 550 6330 6910
1440 1105 540 1660 1615 550 6330 6910
1440 1105 540 1660 1615 550 6330 6910
1440 1105 540 1655 1615 550 6335 6905
1440 1105 540 1660 1615 550 6335 6910
1440 1105 540 1660 1615 550 6335 6910
1440 1105 540 1660 1615 550 6340 6910
1440 1105 540 1660 1615 550 6340 6910
1440 1105 540 1660 1615 550 6345 6910
1440 1105 540 1660 1615 550 6345 6910
1440 1105 540 1660 1615 550 6345 6910
1440 1105 540 1660 1615 550 6345 6910
1440 1105 540 1660 1615 555 6350 6915
1440 1105 540 1665 1615 555 6355 6920
1440 1105 540 1665 1615 555 6355 6920
1440 1105 540 1665 1615 555 6355 6920
1440 1105 540 1675 1615 560 6365 6935
1440 1105 540 1675 1615 560 6360 6935
1440 1105 540 1675 1615 560 6360 6935
1440 1100 540 1680 1615 560 6370 6935
1440 1100 540 1680 1615 560 6370 6935
1440 1100 535 1685 1615 555 6375 6930
1440 1100 535 1690 1615 555 6380 6935
1440 1100 535 1690 1615 555 6380 6935
1440 1100 535 1690 1615 555 6380 6935
1440 1100 535 1700 1615 555 6390 6945
1440 1100 530 1700 1615 550 6390 6935
1440 1100 530 1705 1615 555 6385 6945
1440 1100 530 1705 1615 555 6385 6945
1440 1100 530 1705 1615 555 6385 6945
1440 1100 530 1700 1615 555 6385 6940
1440 1100 530 1700 1615 555 6380 6940
1440 1100 530 1705 1615 560 6380 6950
1440 1095 530 1705 1615 560 6380 6945
1440 1095 530 1700 1615 560 6380 6940
1440 1095 530 1700 1615 560 6380 6940
1440 1095 530 1700 1615 560 6380 6940
1440 1095 530 1700 1615 560 6380 6940
1440 1095 530 1700 1615 560 6380 6940
1440 1095 525 1700 1615 560 6380 6935
1440 1095 525 1700 1615 560 6380 6935
1440 1095 525 1700 1615 560 6380 6935
1440 1095 525 1700 1615 560 6380 6935
1440 1095 525 1700 1615 560 6380 6935
1440 1095 520 1700 1615 560 6375 6930
1440 1095 520 1700 1615 560 6375 6930
1440 1095 520 1700 1615 560 6375 6930
1440 1095 520 1700 1615 560 6370 6930
1440 1095 520 1700 1615 560 6370 6930
1440 1095 520 1700 1615 560 6370 6930
1440 1095 520 1700 1615 560 6370 6930
1440 1095 520 1700 1615 560 6370 6930
1440 1095 515 1700 1610 560 6365 6920
1440 1095 515 1695 1610 560 6365 6915
1440 1095 510 1695 1605 560 6365 6905
1440 1095 510 1690 1605 560 6365 6900
1440 1095 510 1690 1605 560 6365 6900
1440 1095 510 1690 1605 560 6365 6900
1440 1095 510 1690 1605 560 6365 6900
1440 1095 510 1690 1605 560 6365 6900
1440 1095 510 1690 1605 560 6365 6900
1440 1095 510 1690 1605 560 6365 6900
1440 1095 510 1690 1605 560 6365 6900
1440 1095 510 1690 1605 560 6365 6900
1440 1095 510 1690 1605 560 6365 6900
1435 1095 510 1690 1600 560 6365 6890
1435 1095 510 1690 1600 560 6365 6890
1435 1095 510 1690 1600 560 6365 6890
1435 1095 510 1690 1600 560 6365 6890
1435 1095 510 1690 1600 560 6365 6890
1435 1095 510 1690 1600 560 6365 6890
1435 1095 510 1690 1600 560 6355 6890
1435 1095 510 1690 1600 560 6355 6890
1435 1095 510 1690 1600 560 6355 6890
1430 1095 510 1690 1595 560 6355 6880
1430 1095 510 1690 1595 560 6355 6880
1430 1095 510 1690 1595 560 6355 6880
1430 1095 510 1690 1595 560 6355 6880
1430 1095 510 1690 1595 560 6360 6880
1430 1095 510 1690 1595 560 6360 6880
1435 1095 510 1690 1595 560 6365 6885
1435 1095 510 1690 1595 560 6365 6885
1435 1095 510 1690 1595 560 6375 6885
1435 1095 510 1690 1595 560 6375 6885
1440 1095 510 1690 1595 560 6375 6890
1445 1095 510 1690 1595 560 6375 6895
1445 1095 510 1690 1595 560 6375 6895
1450 1095 510 1690 1595 560 6385 6900
1450 1095 510 1690 1595 560 6385 6900
1450 1095 510 1690 1595 560 6385 6900
1450 1095 510 1690 1595 560 6385 6900
1445 1095 510 1690 1595 560 6385 6895
1440 1095 510 1690 1595 560 6385 6890
1440 1100 510 1690 1595 560 6390 6895
1440 1100 510 1690 1595 560 6390 6895
1445 1100 505 1690 1595 560 6390 6895
1445 1100 505 1690 1595 560 6385 6895
1440 1100 505 1690 1595 560 6380 6890
1440 1100 505 1685 1595 560 6380 6885
1440 1100 505 1680 1595 560 6380 6880
1440 1095 505 1675 1595 560 6380 6870
1440 1090 500 1670 1595 560 6380 6855
1440 1090 500 1670 1595 560 6380 6855
1440 1095 500 1670 1595 560 6390 6860
1440 1095 500 1670 1595 560 6390 6860
1440 1095 500 1670 1595 560 6390 6860
1440 1095 500 1670 1595 560 6390 6860
1440 1095 500 1670 1595 560 6390 6860
1435 1095 500 1670 1590 560 6390 6850
1435 1095 500 1670 1590 560 6390 6850
1435 1095 500 1670 1590 560 6400 6850
1435 1095 500 1670 1590 560 6400 6850
1435 1095 500 1670 1590 560 6395 6850
1425 1105 500 1670 1585 560 6405 6845
1420 1135 500 1670 1585 560 6415 6870
1420 1170 500 1670 1585 560 6425 6905
1415 1170 500 1670 1585 560 6420 6900
1415 1170 500 1670 1585 560 6420 6900
1420 1170 500 1670 1585 560 6415 6905
1425 1170 500 1670 1585 560 6425 6910
1430 1170 500 1670 1585 560 6430 6915
1440 1170 500 1670 1585 560 6435 6925
1440 1170 500 1665 1585 560 6435 6920
1440 1170 500 1660 1585 560 6435 6915
1435 1170 500 1660 1585 560 6430 6910
1445 1180 500 1660 1585 560 6430 6930
1445 1180 500 1660 1585 560 6425 6930
1440 1180 500 1660 1585 560 6420 6925
1440 1180 500 1660 1585 560 6415 6925
1440 1180 500 1660 1585 560 6415 6925
1440 1180 500 1660 1585 560 6415 6925
1440 1180 500 1660 1585 560 6415 6925
1440 1180 500 1660 1585 560 6410 6925
1440 1180 500 1660 1585 560 6410 6925
1440 1180 500 1660 1585 555 6410 6920
1440 1180 500 1660 1585 555 6415 6920
1435 1180 495 1655 1585 555 6415 6905
1435 1180 495 1655 1585 555 6415 6905
1430 1180 495 1650 1585 555 6420 6895
1430 1180 495 1650 1585 555 6425 6895
1430 1180 495 1645 1580 550 6420 6880
1430 1180 490 1645 1580 550 6430 6875
1430 1180 490 1645 1580 550 6425 6875
1430 1180 490 1640 1575 550 6425 6865
1430 1180 490 1640 1575 550 6425 6865
1430 1180 490 1640 1575 550 6420 6865
1425 1180 490 1635 1575 550 6410 6855
1425 1180 490 1635 1575 550 6400 6855
1420 1185 495 1630 1575 550 6390 6855
1415 1185 495 1630 1575 550 6380 6850
1420 1185 495 1630 1575 550 6380 6855
1415 1185 495 1630 1575 550 6380 6850
1415 1185 495 1630 1575 550 6380 6850
1420 1190 500 1630 1575 550 6380 6865
1420 1190 500 1630 1575 550 6380 6865
1425 1190 500 1630 1575 550 6380 6870
1425 1190 500 1630 1575 550 6380 6870
1430 1190 500 1635 1575 550 6380 6880
1435 1190 500 1635 1575 550 6380 6885
1435 1190 500 1635 1575 550 6375 6885
1440 1190 500 1635 1575 550 6380 6890
1445 1190 500 1640 1575 550 6380 6900
1445 1190 500 1640 1575 550 6385 6900
1450 1190 500 1640 1575 550 6390 6905
1450 1190 500 1640 1575 550 6390 6905
1450 1190 500 1640 1575 550 6390 6905
1450 1190 500 1640 1575 550 6395 6905
1450 1190 500 1640 1575 550 6395 6905
1450 1190 500 1640 1575 550 6395 6905
1450 1190 500 1640 1575 550 6395 6905
1450 1190 500 1635 1575 550 6390 6900
1450 1190 500 1635 1575 550 6390 6900
1450 1190 500 1635 1575 550 6395 6900
1450 1190 495 1630 1575 550 6395 6890
1450 1190 495 1625 1575 550 6390 6885
1450 1190 495 1625 1575 550 6390 6885
1450 1190 495 1625 1575 550 6390 6885
1450 1190 495 1625 1575 550 6390 6885
1450 1190 490 1625 1575 550 6390 6880
1450 1190 490 1625 1575 550 6390 6880
1450 1190 490 1625 1575 550 6390 6880
1450 1190 490 1625 1575 550 6390 6880
1450 1190 490 1625 1575 550 6390 6880
1450 1190 490 1625 1575 550 6390 6880
1450 1190 490 1625 1575 550 6390 6880
1450 1190 490 1625 1575 550 6395 6880
1450 1190 490 1625 1575 550 6395 6880
1450 1190 490 1625 1575 545 6395 6875
1450 1190 490 1625 1575 545 6395 6875
1445 1190 490 1625 1575 545 6395 6870
1445 1190 490 1625 1575 545 6400 6870
1450 1190 490 1625 1575 545 6400 6875
1445 1190 490 1620 1575 545 6390 6865
1445 1190 490 1620 1575 545 6390 6865
1445 1190 490 1620 1575 545 6390 6865
1450 1190 490 1615 1575 540 6385 6860
1450 1190 490 1615 1575 540 6380 6860
1450 1190 490 1615 1575 540 6380 6860
1450 1190 490 1615 1575 540 6380 6860
1450 1190 490 1615 1575 540 6380 6860
1450 1190 490 1610 1575 540 6375 6855
1450 1190 490 1610 1575 540 6375 6855
1450 1180 490 1600 1575 540 6375 6835
1450 1180 490 1600 1575 540 6375 6835
1450 1180 490 1600 1575 540 6375 6835
1450 1180 490 1600 1575 540 6375 6835
1450 1180 490 1600 1575 540 6375 6835
1450 1180 490 1605 1575 540 6375 6840
1455 1180 495 1605 1575 540 6375 6850
1455 1180 495 1605 1575 540 6375 6850
1455 1180 495 1610 1575 540 6375 6855
1455 1180 495 1605 1575 540 6370 6850
1460 1180 495 1605 1575 540 6365 6855
1460 1180 495 1605 1575 540 6365 6855
1460 1180 495 1605 1575 540 6370 6855
1460 1180 495 1600 1575 540 6365 6850
1460 1180 495 1600 1575 540 6365 6850
1460 1180 490 1600 1575 540 6365 6845
1460 1180 490 1600 1575 540 6365 6845
1455 1180 490 1600 1575 540 6360 6840
1455 1180 490 1600 1575 540 6355 6840
1455 1180 490 1600 1575 540 6350 6840
1455 1180 490 1600 1575 540 6355 6840
1455 1180 490 1600 1575 540 6355 6840
1455 1180 490 1600 1575 540 6350 6840
1450 1180 490 1600 1575 540 6345 6835
1450 1180 490 1600 1575 540 6345 6835
1450 1180 490 1595 1575 545 6340 6835
1450 1180 490 1595 1575 545 6340 6835
1455 1180 490 1595 1575 545 6345 6840
1455 1180 490 1595 1575 545 6345 6840
1455 1180 490 1590 1575 545 6340 6835
1455 1180 490 1590 1575 545 6340 6835
1455 1180 490 1590 1575 545 6340 6835
1460 1180 490 1585 1575 550 6340 6840
1460 1180 490 1585 1575 550 6340 6840
1460 1180 490 1585 1575 550 6340 6840
1460 1180 490 1585 1575 550 6340 6840
1460 1180 490 1585 1575 550 6335 6840
1460 1180 490 1585 1575 550 6335 6840
1455 1180 490 1580 1575 550 6330 6830
1455 1180 490 1580 1575 550 6330 6830
1455 1180 490 1580 1575 550 6330 6830
1455 1180 490 1580 1575 550 6330 6830
1455 1180 490 1580 1575 550 6330 6830
1450 1180 490 1575 1575 550 6335 6820
1450 1180 490 1570 1575 550 6325 6815
1450 1180 490 1570 1575 550 6325 6815
1450 1180 490 1570 1575 550 6325 6815
1450 1180 490 1565 1575 550 6320 6810
1450 1185 490 1560 1575 550 6315 6810
1450 1190 495 1560 1575 550 6315 6820
1450 1190 495 1560 1575 550 6315 6820
1450 1190 495 1555 1575 550 6310 6815
1450 1190 495 1550 1575 550 6305 6810
1450 1190 500 1550 1575 550 6305 6815
1450 1190 500 1550 1575 550 6310 6815
1450 1190 500 1550 1575 550 6310 6815
1450 1190 500 1545 1575 550 6305 6810
1450 1190 500 1540 1575 550 6300 6805
1450 1190 500 1540 1575 550 6305 6805
1450 1190 500 1540 1575 550 6305 6805
1450 1190 500 1540 1575 550 6305 6805
1450 1190 500 1540 1575 550 6305 6805
1450 1190 500 1540 1575 550 6305 6805
1450 1190 500 1540 1575 550 6305 6805
1450 1190 500 1540 1575 550 6305 6805
1450 1190 500 1545 1575 550 6305 6810
