# gr0gr1_gb gr0gr2_gb gr0gr3_gb gr1gr2_gb gr1gr3_gb gr2gr3_gb total
0 15 15 10 10 25 75
35 50 45 35 30 45 240
45 50 55 45 50 55 300
50 55 55 50 50 55 315
50 50 50 50 50 50 300
50 50 50 50 50 50 300
50 50 50 50 50 50 300
50 50 50 60 60 60 330
50 55 55 60 60 65 345
50 55 55 55 55 60 330
40 50 50 50 50 60 300
40 45 45 50 50 55 285
45 55 50 50 45 55 300
45 50 45 50 45 50 285
45 45 40 50 45 45 270
50 45 45 60 60 55 315
40 50 50 55 55 65 315
40 55 55 55 55 70 330
40 55 55 55 55 70 330
40 55 55 50 50 65 315
40 55 55 50 50 65 315
40 55 55 50 50 65 315
45 55 60 50 55 65 330
45 55 60 50 55 65 330
45 55 60 50 55 65 330
50 60 60 55 55 65 345
50 60 60 55 55 65 345
50 60 60 55 55 65 345
50 60 60 55 55 65 345
50 60 60 50 50 60 330
50 60 60 50 50 60 330
55 70 65 50 45 60 345
55 70 65 55 50 65 360
55 65 60 55 50 60 345
55 65 60 55 50 60 345
55 65 60 55 50 60 345
50 60 60 50 50 60 330
50 60 60 50 50 60 330
50 60 60 50 50 60 330
50 60 60 55 55 65 345
50 60 60 55 55 65 345
55 60 65 55 60 65 360
55 60 65 55 60 65 360
60 60 60 60 60 60 360
55 60 55 65 60 65 360
55 60 55 65 60 65 360
50 55 55 60 60 65 345
50 50 50 60 60 60 330
45 50 45 55 50 55 300
45 50 45 55 50 55 300
45 50 45 55 50 55 300
45 45 50 50 55 55 300
45 45 50 50 55 55 300
45 40 45 50 55 50 285
45 40 45 45 50 45 270
45 40 45 45 50 45 270
45 40 45 45 50 45 270
45 45 50 45 50 50 285
50 45 55 45 55 50 300
50 45 55 45 55 50 300
50 45 55 40 50 45 285
50 45 55 40 50 45 285
50 45 55 40 50 45 285
50 45 55 40 50 45 285
50 45 55 40 50 45 285
50 45 55 45 55 50 300
50 50 60 45 55 55 315
55 55 60 50 55 55 330
55 55 60 50 55 55 330
55 55 60 50 55 55 330
55 55 60 50 55 55 330
55 55 60 50 55 55 330
50 50 60 45 55 55 315
50 50 60 45 55 55 315
60 55 65 50 60 55 345
60 55 65 50 60 55 345
60 55 65 50 60 55 345
60 55 65 50 60 55 345
65 60 65 55 60 55 360
65 60 65 60 65 60 375
65 60 65 60 65 60 375
65 60 65 60 65 60 375
65 55 60 60 65 55 360
65 55 60 55 60 50 345
65 55 60 55 60 50 345
65 55 60 55 60 50 345
65 55 60 55 60 50 345
65 55 60 55 60 50 345
65 55 60 55 60 50 345
65 55 60 55 60 50 345
65 60 65 55 60 55 360
65 60 65 55 60 55 360
65 60 65 55 60 55 360
65 55 60 55 60 50 345
65 55 60 55 60 50 345
65 55 60 60 65 55 360
65 55 60 60 65 55 360
65 55 60 60 65 55 360
65 55 60 60 65 55 360
55 50 55 55 60 55 330
50 50 50 55 55 55 315
50 50 50 55 55 55 315
50 50 50 55 55 55 315
50 50 50 55 55 55 315
45 50 45 55 50 55 300
45 50 45 55 50 55 300
50 50 50 55 55 55 315
50 50 50 55 55 55 315
50 50 50 55 55 55 315
50 50 50 55 55 55 315
55 55 50 60 55 55 330
55 55 50 60 55 55 330
55 55 50 60 55 55 330
55 55 50 60 55 55 330
50 45 45 55 55 50 300
50 45 45 55 55 50 300
50 45 45 55 55 50 300
50 45 45 55 55 50 300
50 45 45 55 55 50 300
50 45 45 55 55 50 300
50 45 45 55 55 50 300
50 50 50 55 55 55 315
50 50 50 55 55 55 315
55 50 55 55 60 55 330
55 50 55 55 60 55 330
55 50 55 55 60 55 330
55 50 55 55 60 55 330
60 55 55 55 55 50 330
60 55 55 55 55 50 330
60 55 55 55 55 50 330
60 55 55 55 55 50 330
60 55 55 55 55 50 330
60 55 55 55 55 50 330
60 55 55 55 55 50 330
60 55 55 55 55 50 330
65 60 55 60 55 50 345
65 60 55 60 55 50 345
65 60 55 60 55 50 345
65 60 55 60 55 50 345
70 55 55 60 60 45 345
70 55 55 60 60 45 345
70 55 55 60 60 45 345
70 55 55 60 60 45 345
70 55 55 60 60 45 345
70 55 55 60 60 45 345
70 55 55 60 60 45 345
70 55 55 60 60 45 345
70 60 60 60 60 50 360
70 60 60 65 65 55 375
70 60 60 60 60 50 360
70 60 60 55 55 45 345
70 60 60 55 55 45 345
70 60 60 55 55 45 345
70 60 60 55 55 45 345
70 60 60 55 55 45 345
70 60 60 55 55 45 345
70 60 60 55 55 45 345
70 60 60 55 55 45 345
70 60 60 55 55 45 345
70 60 60 55 55 45 345
70 60 60 55 55 45 345
70 60 60 55 55 45 345
70 60 60 55 55 45 345
70 55 55 55 55 40 330
70 55 55 55 55 40 330
70 55 55 55 55 40 330
70 55 55 60 60 45 345
60 50 50 55 55 45 315
60 50 50 55 55 45 315
60 50 50 55 55 45 315
60 50 50 55 55 45 315
60 50 50 55 55 45 315
55 45 50 50 55 45 300
55 45 50 55 60 50 315
55 45 50 55 60 50 315
55 45 50 55 60 50 315
55 45 50 55 60 50 315
55 45 50 55 60 50 315
55 45 50 55 60 50 315
55 45 50 55 60 50 315
55 45 50 55 60 50 315
50 45 45 55 55 50 300
50 45 45 55 55 50 300
50 45 45 55 55 50 300
50 45 45 55 55 50 300
50 50 50 55 55 55 315
55 55 50 60 55 55 330
55 55 50 60 55 55 330
60 55 55 60 60 55 345
60 55 55 60 60 55 345
60 55 55 60 60 55 345
60 55 55 60 60 55 345
55 50 55 50 55 50 315
55 50 55 50 55 50 315
55 50 55 50 55 50 315
55 50 55 50 55 50 315
55 50 55 50 55 50 315
55 50 55 50 55 50 315
55 50 55 50 55 50 315
55 50 55 50 55 50 315
55 50 55 50 55 50 315
55 50 55 50 55 50 315
55 50 55 50 55 50 315
55 50 55 50 55 50 315
55 50 55 50 55 50 315
55 50 55 50 55 50 315
55 50 55 50 55 50 315
55 50 55 50 55 50 315
55 55 60 50 55 55 330
55 55 60 50 55 55 330
55 55 60 50 55 55 330
60 55 65 50 60 55 345
60 55 65 50 60 55 345
60 55 65 50 60 55 345
60 55 65 50 60 55 345
60 55 65 50 60 55 345
60 55 65 50 60 55 345
60 55 65 50 60 55 345
60 55 65 50 60 55 345
60 55 65 50 60 55 345
60 55 65 50 60 55 345
60 55 65 50 60 55 345
60 55 65 50 60 55 345
60 60 70 50 60 60 360
60 60 70 50 60 60 360
60 60 70 50 60 60 360
60 60 70 50 60 60 360
60 60 70 50 60 60 360
60 60 70 50 60 60 360
65 65 70 55 60 60 375
65 65 70 55 60 60 375
65 65 70 55 60 60 375
65 65 70 55 60 60 375
65 60 65 50 55 50 345
65 60 65 50 55 50 345
65 60 65 50 55 50 345
65 60 65 50 55 50 345
65 60 65 50 55 50 345
60 60 60 50 50 50 330
60 60 60 55 55 55 345
60 60 60 55 55 55 345
60 60 60 55 55 55 345
60 60 60 55 55 55 345
60 60 60 55 55 55 345
60 60 60 55 55 55 345
60 60 60 60 60 60 360
60 60 60 60 60 60 360
60 60 60 60 60 60 360
60 60 60 60 60 60 360
55 55 60 55 60 60 345
55 55 60 55 60 60 345
55 55 60 55 60 60 345
55 55 60 55 60 60 345
55 55 60 55 60 60 345
55 55 60 55 60 60 345
55 55 60 55 60 60 345
55 55 60 55 60 60 345
50 55 55 55 55 60 330
50 55 55 60 60 65 345
50 55 55 60 60 65 345
50 55 55 60 60 65 345
50 55 55 60 60 65 345
50 55 55 60 60 65 345
50 55 55 60 60 65 345
50 55 55 60 60 65 345
50 55 55 60 60 65 345
50 55 55 55 55 60 330
50 55 55 55 55 60 330
50 55 55 55 55 60 330
50 55 55 55 55 60 330
50 55 55 55 55 60 330
50 50 50 55 55 55 315
50 50 50 55 55 55 315
50 50 50 55 55 55 315
50 50 50 55 55 55 315
50 50 50 55 55 55 315
50 50 50 55 55 55 315
50 50 50 55 55 55 315
50 50 50 55 55 55 315
50 50 50 55 55 55 315
50 50 50 55 55 55 315
50 50 50 55 55 55 315
50 50 50 55 55 55 315
50 50 50 55 55 55 315
50 50 50 55 55 55 315
55 50 55 55 60 55 330
55 50 55 55 60 55 330
55 45 50 55 60 50 315
55 45 50 55 60 50 315
55 45 50 55 60 50 315
50 45 45 55 55 50 300
50 45 45 55 55 50 300
50 45 45 55 55 50 300
50 45 45 55 55 50 300
50 45 45 55 55 50 300
50 45 45 55 55 50 300
50 45 45 55 55 50 300
50 45 45 55 55 50 300
50 45 45 55 55 50 300
50 45 45 55 55 50 300
50 45 45 55 55 50 300
50 45 45 55 55 50 300
50 45 45 55 55 50 300
50 45 45 55 55 50 300
50 45 45 55 55 50 300
50 50 50 55 55 55 315
40 40 50 45 55 55 285
40 40 50 45 55 55 285
40 40 50 45 55 55 285
40 40 50 45 55 55 285
40 40 50 45 55 55 285
40 40 50 45 55 55 285
40 40 50 45 55 55 285
40 40 50 45 55 55 285
40 40 50 45 55 55 285
45 45 50 50 55 55 300
45 45 50 50 55 55 300
45 45 50 50 55 55 300
45 45 50 50 55 55 300
45 45 50 50 55 55 300
45 45 50 50 55 55 300
45 45 50 50 55 55 300
45 45 50 50 55 55 300
45 45 50 50 55 55 300
45 45 50 50 55 55 300
45 45 50 50 55 55 300
50 45 55 50 60 55 315
50 45 55 50 60 55 315
50 45 55 50 60 55 315
50 40 50 50 60 50 300
50 40 50 50 60 50 300
50 40 50 50 60 50 300
50 40 50 50 60 50 300
50 40 50 50 60 50 300
50 40 50 50 60 50 300
55 45 50 55 60 50 315
55 45 50 55 60 50 315
55 45 50 50 55 45 300
55 45 50 50 55 45 300
55 45 50 50 55 45 300
55 45 50 50 55 45 300
55 45 50 50 55 45 300
55 45 50 50 55 45 300
55 45 50 50 55 45 300
55 45 50 50 55 45 300
55 45 50 50 55 45 300
55 45 50 50 55 45 300
55 45 50 50 55 45 300
55 45 50 50 55 45 300
55 45 50 50 55 45 300
55 45 50 50 55 45 300
55 45 50 50 55 45 300
55 45 50 50 55 45 300
50 40 50 45 55 45 285
50 40 50 45 55 45 285
50 40 50 45 55 45 285
50 40 50 45 55 45 285
50 40 50 45 55 45 285
50 40 50 45 55 45 285
50 40 50 45 55 45 285
50 40 50 45 55 45 285
50 40 50 45 55 45 285
50 40 50 50 60 50 300
50 40 50 50 60 50 300
50 40 50 50 60 50 300
50 40 50 50 60 50 300
50 40 50 50 60 50 300
55 45 50 55 60 50 315
55 45 50 55 60 50 315
55 45 50 55 60 50 315
55 45 50 55 60 50 315
55 45 50 55 60 50 315
55 45 50 55 60 50 315
55 45 50 55 60 50 315
55 45 50 55 60 50 315
55 45 50 55 60 50 315
55 45 50 60 65 55 330
55 45 50 60 65 55 330
55 45 50 60 65 55 330
55 45 50 60 65 55 330
55 45 50 60 65 55 330
55 45 50 60 65 55 330
55 45 50 60 65 55 330
55 45 50 60 65 55 330
55 45 50 60 65 55 330
55 45 50 60 65 55 330
55 45 50 60 65 55 330
55 45 50 60 65 55 330
55 45 50 60 65 55 330
55 45 50 60 65 55 330
55 45 50 60 65 55 330
55 45 50 60 65 55 330
55 45 50 60 65 55 330
55 45 50 60 65 55 330
55 45 50 60 65 55 330
55 45 50 60 65 55 330
55 45 50 55 60 50 315
55 45 50 55 60 50 315
55 45 50 55 60 50 315
50 45 45 55 55 50 300
50 45 45 55 55 50 300
50 45 45 55 55 50 300
50 45 45 55 55 50 300
55 45 50 55 60 50 315
55 45 50 55 60 50 315
55 45 50 55 60 50 315
55 45 50 55 60 50 315
55 45 50 55 60 50 315
55 45 50 55 60 50 315
55 45 50 55 60 50 315
55 45 50 55 60 50 315
55 45 50 55 60 50 315
55 45 50 55 60 50 315
55 45 50 55 60 50 315
55 45 50 55 60 50 315
55 45 50 55 60 50 315
55 45 50 55 60 50 315
55 45 50 55 60 50 315
55 45 50 55 60 50 315
55 45 50 55 60 50 315
55 45 50 55 60 50 315
55 45 50 55 60 50 315
55 45 50 55 60 50 315
55 45 50 55 60 50 315
50 45 45 55 55 50 300
55 45 50 55 60 50 315
55 45 50 55 60 50 315
55 45 50 55 60 50 315
55 45 50 55 60 50 315
55 45 50 55 60 50 315
55 45 50 55 60 50 315
55 45 50 55 60 50 315
55 45 50 55 60 50 315
55 45 50 55 60 50 315
55 45 50 55 60 50 315
55 45 50 55 60 50 315
55 45 50 55 60 50 315
55 45 50 55 60 50 315
50 45 45 55 55 50 300
50 45 45 55 55 50 300
50 45 45 55 55 50 300
50 45 45 55 55 50 300
50 45 45 55 55 50 300
50 45 45 55 55 50 300
50 45 45 55 55 50 300
50 45 45 55 55 50 300
50 45 45 55 55 50 300
50 45 45 55 55 50 300
50 45 45 55 55 50 300
50 45 45 55 55 50 300
50 45 45 55 55 50 300
50 45 45 55 55 50 300
50 45 45 50 50 45 285
50 45 45 50 50 45 285
50 45 45 50 50 45 285
50 45 45 50 50 45 285
50 45 45 50 50 45 285
50 45 45 50 50 45 285
45 40 45 45 50 45 270
45 40 45 45 50 45 270
45 40 45 45 50 45 270
50 45 45 50 50 45 285
50 45 45 45 45 40 270
55 50 45 50 45 40 285
55 50 45 50 45 40 285
55 50 45 50 45 40 285
55 55 50 50 45 45 300
55 55 50 50 45 45 300
55 55 50 50 45 45 300
55 55 50 50 45 45 300
55 55 50 50 45 45 300
55 55 50 50 45 45 300
55 55 50 50 45 45 300
55 55 50 50 45 45 300
55 55 50 50 45 45 300
55 55 50 50 45 45 300
55 55 50 50 45 45 300
55 55 50 50 45 45 300
55 55 50 50 45 45 300
55 55 50 50 45 45 300
55 55 50 50 45 45 300
55 55 50 50 45 45 300
55 55 50 50 45 45 300
55 55 50 50 45 45 300
55 55 50 50 45 45 300
55 55 50 50 45 45 300
55 55 50 50 45 45 300
55 55 50 50 45 45 300
55 55 50 50 45 45 300
50 50 50 45 45 45 285
50 50 50 45 45 45 285
50 50 50 45 45 45 285
50 50 50 45 45 45 285
50 50 50 45 45 45 285
50 50 50 45 45 45 285
50 50 50 45 45 45 285
50 50 50 45 45 45 285
50 50 50 45 45 45 285
50 50 50 45 45 45 285
50 50 50 45 45 45 285
50 50 50 45 45 45 285
50 50 50 45 45 45 285
50 50 50 45 45 45 285
50 50 50 45 45 45 285
60 55 55 50 50 45 315
60 55 55 50 50 45 315
60 55 55 50 50 45 315
60 55 55 50 50 45 315
60 55 55 50 50 45 315
55 55 50 50 45 45 300
55 55 50 50 45 45 300
55 55 50 50 45 45 300
55 55 50 50 45 45 300
55 55 50 50 45 45 300
55 55 50 50 45 45 300
55 55 50 50 45 45 300
55 55 50 50 45 45 300
55 55 50 50 45 45 300
55 55 50 50 45 45 300
55 55 50 50 45 45 300
55 55 50 50 45 45 300
55 55 50 50 45 45 300
55 55 50 50 45 45 300
55 55 50 50 45 45 300
55 55 50 50 45 45 300
55 55 50 50 45 45 300
60 55 55 50 50 45 315
60 55 55 50 50 45 315
60 55 55 50 50 45 315
60 55 55 50 50 45 315
60 55 55 50 50 45 315
60 55 55 50 50 45 315
60 55 55 50 50 45 315
60 55 55 50 50 45 315
60 55 55 50 50 45 315
60 55 55 50 50 45 315
60 55 55 50 50 45 315
60 55 55 55 55 50 330
60 55 55 55 55 50 330
60 55 55 55 55 50 330
60 55 55 55 55 50 330
60 55 55 55 55 50 330
60 55 55 55 55 50 330
60 55 55 55 55 50 330
60 55 55 55 55 50 330
60 55 55 55 55 50 330
60 55 55 55 55 50 330
60 55 55 55 55 50 330
65 60 55 65 60 55 360
65 60 55 65 60 55 360
65 60 55 65 60 55 360
65 60 55 65 60 55 360
65 60 55 65 60 55 360
65 60 55 65 60 55 360
65 60 55 65 60 55 360
65 60 55 65 60 55 360
65 60 55 65 60 55 360
65 60 55 65 60 55 360
65 60 55 65 60 55 360
65 60 55 65 60 55 360
65 60 55 65 60 55 360
65 60 55 65 60 55 360
65 60 55 65 60 55 360
65 60 55 65 60 55 360
60 55 55 60 60 55 345
60 55 55 60 60 55 345
60 55 55 60 60 55 345
60 55 55 60 60 55 345
60 55 55 60 60 55 345
60 50 50 60 60 50 330
60 50 50 60 60 50 330
60 50 50 60 60 50 330
60 50 50 60 60 50 330
60 50 50 60 60 50 330
60 50 50 60 60 50 330
60 50 50 60 60 50 330
60 50 50 60 60 50 330
60 50 50 60 60 50 330
60 50 50 60 60 50 330
60 50 50 60 60 50 330
60 50 50 60 60 50 330
60 55 55 60 60 55 345
60 55 55 60 60 55 345
60 55 55 60 60 55 345
60 55 55 60 60 55 345
60 55 55 60 60 55 345
60 55 55 60 60 55 345
60 55 55 60 60 55 345
60 55 55 60 60 55 345
60 55 55 60 60 55 345
60 55 55 60 60 55 345
60 55 55 60 60 55 345
60 55 55 60 60 55 345
60 55 55 60 60 55 345
60 55 55 60 60 55 345
60 55 55 60 60 55 345
60 55 55 60 60 55 345
60 55 55 55 55 50 330
60 55 55 55 55 50 330
60 55 55 55 55 50 330
60 55 55 55 55 50 330
60 55 55 55 55 50 330
60 55 55 55 55 50 330
60 55 55 55 55 50 330
60 55 55 55 55 50 330
60 55 55 55 55 50 330
60 55 55 55 55 50 330
60 55 55 55 55 50 330
60 55 55 55 55 50 330
60 55 55 55 55 50 330
60 55 55 55 55 50 330
60 55 55 55 55 50 330
60 55 55 55 55 50 330
60 55 55 55 55 50 330
60 55 55 55 55 50 330
60 55 55 55 55 50 330
60 55 55 55 55 50 330
60 55 55 55 55 50 330
60 55 55 55 55 50 330
60 55 55 55 55 50 330
60 55 55 55 55 50 330
60 55 55 55 55 50 330
60 55 55 55 55 50 330
60 55 55 55 55 50 330
60 55 55 55 55 50 330
60 55 55 55 55 50 330
60 55 55 55 55 50 330
60 55 55 55 55 50 330
60 55 55 55 55 50 330
60 55 55 55 55 50 330
60 55 55 55 55 50 330
60 60 60 55 55 55 345
60 60 60 55 55 55 345
60 60 60 55 55 55 345
60 60 60 55 55 55 345
60 60 60 55 55 55 345
60 60 60 55 55 55 345
60 60 60 55 55 55 345
60 60 60 55 55 55 345
60 60 60 55 55 55 345
65 60 65 55 60 55 360
65 60 65 55 60 55 360
65 60 65 55 60 55 360
65 60 65 55 60 55 360
65 60 65 55 60 55 360
60 60 60 55 55 55 345
60 60 60 55 55 55 345
60 60 60 55 55 55 345
60 60 60 55 55 55 345
60 60 60 55 55 55 345
60 60 60 55 55 55 345
60 60 60 55 55 55 345
60 60 60 55 55 55 345
60 60 60 55 55 55 345
60 60 60 55 55 55 345
60 60 60 55 55 55 345
60 60 60 55 55 55 345
60 60 60 55 55 55 345
60 60 60 55 55 55 345
60 60 60 55 55 55 345
65 65 60 60 55 55 360
65 65 60 60 55 55 360
65 65 60 60 55 55 360
60 60 60 55 55 55 345
60 60 60 55 55 55 345
60 60 60 55 55 55 345
60 60 60 55 55 55 345
60 60 60 55 55 55 345
60 60 60 55 55 55 345
60 60 60 55 55 55 345
60 60 60 55 55 55 345
60 60 60 55 55 55 345
60 60 60 55 55 55 345
60 60 60 55 55 55 345
60 60 60 55 55 55 345
60 60 60 55 55 55 345
60 60 60 55 55 55 345
60 60 60 55 55 55 345
60 60 60 55 55 55 345
60 60 60 55 55 55 345
60 60 60 55 55 55 345
60 60 60 55 55 55 345
55 60 55 55 50 55 330
55 60 55 55 50 55 330
55 60 55 55 50 55 330
55 60 55 55 50 55 330
55 60 55 55 50 55 330
60 65 55 60 50 55 345
60 65 55 60 50 55 345
60 65 55 55 45 50 330
60 65 55 60 50 55 345
60 65 55 60 50 55 345
60 65 55 60 50 55 345
60 65 55 60 50 55 345
60 65 55 60 50 55 345
55 65 50 60 45 55 330
55 65 50 60 45 55 330
55 65 50 60 45 55 330
55 65 50 60 45 55 330
55 65 50 60 45 55 330
55 65 50 60 45 55 330
55 65 50 60 45 55 330
55 65 50 60 45 55 330
55 65 50 60 45 55 330
55 65 50 60 45 55 330
55 65 50 60 45 55 330
55 65 50 60 45 55 330
60 70 50 65 45 55 345
60 70 50 65 45 55 345
60 70 50 65 45 55 345
60 70 50 65 45 55 345
60 70 50 65 45 55 345
60 70 50 65 45 55 345
60 70 50 65 45 55 345
60 70 50 70 50 60 360
60 70 50 70 50 60 360
60 70 50 70 50 60 360
60 70 50 70 50 60 360
65 70 55 70 55 60 375
65 70 55 70 55 60 375
65 70 55 70 55 60 375
65 70 55 70 55 60 375
65 70 55 70 55 60 375
65 70 55 70 55 60 375
65 70 55 70 55 60 375
65 70 55 70 55 60 375
55 60 55 60 55 60 345
55 60 55 60 55 60 345
55 60 55 60 55 60 345
55 60 55 60 55 60 345
55 60 55 60 55 60 345
55 60 55 60 55 60 345
55 60 55 60 55 60 345
55 60 55 60 55 60 345
55 60 55 60 55 60 345
55 60 55 60 55 60 345
55 60 55 60 55 60 345
55 60 55 60 55 60 345
55 60 55 60 55 60 345
55 60 55 60 55 60 345
55 60 55 60 55 60 345
55 60 55 60 55 60 345
55 60 55 60 55 60 345
55 60 55 60 55 60 345
55 60 55 60 55 60 345
55 60 55 60 55 60 345
55 60 55 60 55 60 345
55 60 55 60 55 60 345
55 60 55 60 55 60 345
55 60 55 60 55 60 345
55 60 55 60 55 60 345
55 60 55 60 55 60 345
55 60 55 60 55 60 345
55 60 55 60 55 60 345
55 60 55 60 55 60 345
55 60 55 60 55 60 345
55 60 55 60 55 60 345
55 60 55 60 55 60 345
55 60 55 60 55 60 345
55 60 55 60 55 60 345
55 60 55 60 55 60 345
55 60 55 60 55 60 345
55 60 55 60 55 60 345
55 60 55 60 55 60 345
55 60 55 60 55 60 345
55 60 55 60 55 60 345
55 60 55 60 55 60 345
55 60 55 60 55 60 345
55 60 55 60 55 60 345
55 60 55 60 55 60 345
55 60 55 60 55 60 345
55 60 55 55 50 55 330
55 60 55 55 50 55 330
55 60 55 55 50 55 330
55 60 55 55 50 55 330
55 60 55 55 50 55 330
55 60 55 55 50 55 330
55 60 55 55 50 55 330
55 60 55 55 50 55 330
55 60 55 55 50 55 330
55 60 55 55 50 55 330
55 60 55 55 50 55 330
55 60 55 55 50 55 330
55 60 55 55 50 55 330
55 60 55 55 50 55 330
55 60 55 55 50 55 330
55 55 50 55 50 50 315
55 55 50 55 50 50 315
55 55 50 55 50 50 315
55 55 50 55 50 50 315
55 55 50 55 50 50 315
55 55 50 55 50 50 315
60 60 50 60 50 50 330
60 60 50 60 50 50 330
60 60 50 60 50 50 330
65 60 55 60 55 50 345
65 60 55 60 55 50 345
65 60 55 60 55 50 345
65 60 55 60 55 50 345
65 60 55 60 55 50 345
65 60 55 60 55 50 345
65 60 55 60 55 50 345
65 60 55 60 55 50 345
65 60 55 65 60 55 360
65 60 55 65 60 55 360
65 60 55 65 60 55 360
65 60 55 65 60 55 360
65 60 55 65 60 55 360
65 60 55 65 60 55 360
65 60 55 65 60 55 360
65 60 55 65 60 55 360
65 60 55 65 60 55 360
65 60 55 65 60 55 360
65 60 55 65 60 55 360
65 60 55 65 60 55 360
65 60 55 65 60 55 360
65 60 55 65 60 55 360
65 60 55 65 60 55 360
65 60 55 65 60 55 360
65 60 55 65 60 55 360
65 60 55 65 60 55 360
65 60 55 65 60 55 360
65 60 55 65 60 55 360
65 60 55 65 60 55 360
65 60 55 65 60 55 360
65 60 55 65 60 55 360
65 60 55 65 60 55 360
65 60 55 65 60 55 360
65 60 55 65 60 55 360
65 60 55 65 60 55 360
65 60 55 65 60 55 360
65 60 55 65 60 55 360
65 60 55 65 60 55 360
65 60 55 65 60 55 360
65 60 55 65 60 55 360
65 60 55 65 60 55 360
65 60 55 65 60 55 360
65 60 55 65 60 55 360
65 60 55 65 60 55 360
65 60 55 65 60 55 360
65 60 55 65 60 55 360
65 60 55 70 65 60 375
65 60 55 70 65 60 375
65 60 55 70 65 60 375
65 60 55 70 65 60 375
65 60 55 70 65 60 375
65 60 55 70 65 60 375
65 60 55 70 65 60 375
65 60 55 70 65 60 375
65 60 55 70 65 60 375
65 60 55 70 65 60 375
65 60 55 70 65 60 375
65 60 55 70 65 60 375
65 60 55 70 65 60 375
65 60 55 70 65 60 375
65 60 55 70 65 60 375
65 60 55 70 65 60 375
65 60 55 70 65 60 375
65 60 55 70 65 60 375
65 60 55 70 65 60 375
65 60 55 70 65 60 375
65 60 55 70 65 60 375
65 60 55 70 65 60 375
65 60 55 70 65 60 375
65 60 55 70 65 60 375
65 60 55 70 65 60 375
65 60 55 70 65 60 375
65 60 55 70 65 60 375
65 60 55 70 65 60 375
65 60 55 70 65 60 375
65 60 55 70 65 60 375
65 60 55 70 65 60 375
65 60 55 70 65 60 375
65 60 55 70 65 60 375
65 60 55 70 65 60 375
65 60 55 70 65 60 375
65 60 55 70 65 60 375
65 60 55 70 65 60 375
65 60 55 70 65 60 375
65 60 55 70 65 60 375
65 60 55 70 65 60 375
65 60 55 70 65 60 375
65 60 55 70 65 60 375
65 60 55 70 65 60 375
65 60 55 70 65 60 375
65 60 55 70 65 60 375
65 60 55 70 65 60 375
65 60 55 70 65 60 375
65 60 55 70 65 60 375
65 60 55 70 65 60 375
65 60 55 70 65 60 375
65 60 55 70 65 60 375
65 60 55 70 65 60 375
65 60 55 70 65 60 375
65 60 55 70 65 60 375
65 60 55 70 65 60 375
65 60 55 70 65 60 375
65 60 55 70 65 60 375
65 60 55 70 65 60 375
65 60 55 70 65 60 375
65 60 55 70 65 60 375
65 60 55 70 65 60 375
65 60 55 70 65 60 375
65 60 55 70 65 60 375
65 60 55 70 65 60 375
65 60 55 70 65 60 375
65 60 55 70 65 60 375
65 60 55 70 65 60 375
65 60 55 70 65 60 375
65 60 55 70 65 60 375
65 60 55 70 65 60 375
65 60 55 70 65 60 375
65 60 55 70 65 60 375
65 60 55 70 65 60 375
65 60 55 70 65 60 375
65 60 55 70 65 60 375
65 60 55 70 65 60 375
65 60 55 70 65 60 375
65 60 55 70 65 60 375
65 60 55 70 65 60 375
65 60 55 70 65 60 375
65 60 55 70 65 60 375
65 60 55 70 65 60 375
65 60 55 70 65 60 375
65 60 55 70 65 60 375
65 60 55 70 65 60 375
65 65 60 70 65 65 390
65 65 60 70 65 65 390
65 65 60 70 65 65 390
65 65 60 70 65 65 390
65 65 60 70 65 65 390
65 65 60 70 65 65 390
65 65 60 70 65 65 390
65 65 60 70 65 65 390
65 65 60 70 65 65 390
65 65 60 70 65 65 390
65 65 60 70 65 65 390
65 65 60 70 65 65 390
60 60 60 65 65 65 375
60 60 60 65 65 65 375
60 60 60 65 65 65 375
60 60 60 65 65 65 375
65 60 65 65 70 65 390
65 60 65 65 70 65 390
65 60 65 65 70 65 390
65 60 65 65 70 65 390
65 60 65 65 70 65 390
65 60 65 65 70 65 390
65 60 65 65 70 65 390
65 60 65 65 70 65 390
65 60 65 65 70 65 390
65 60 65 65 70 65 390
65 60 65 65 70 65 390
65 60 65 65 70 65 390
65 60 65 65 70 65 390
65 60 65 65 70 65 390
65 60 65 65 70 65 390
65 60 65 65 70 65 390
65 60 65 65 70 65 390
65 60 65 65 70 65 390
65 60 65 65 70 65 390
65 60 65 65 70 65 390
65 60 65 65 70 65 390
65 60 65 65 70 65 390
65 60 65 65 70 65 390
65 60 65 65 70 65 390
65 60 65 65 70 65 390
65 60 65 65 70 65 390
65 60 65 65 70 65 390
65 60 65 65 70 65 390
65 60 65 65 70 65 390
65 60 65 65 70 65 390
65 60 65 65 70 65 390
65 60 65 65 70 65 390
65 60 65 65 70 65 390
65 60 65 65 70 65 390
65 60 65 65 70 65 390
65 60 65 65 70 65 390
65 60 65 65 70 65 390
65 60 65 65 70 65 390
65 60 65 65 70 65 390
65 60 65 70 75 70 405
65 60 65 70 75 70 405
65 60 65 70 75 70 405
65 60 65 70 75 70 405
65 60 65 70 75 70 405
65 60 65 70 75 70 405
65 60 65 70 75 70 405
65 60 65 70 75 70 405
60 60 60 70 70 70 390
60 60 60 70 70 70 390
60 60 60 70 70 70 390
60 60 60 70 70 70 390
60 60 60 70 70 70 390
60 60 60 70 70 70 390
60 60 60 70 70 70 390
60 60 60 70 70 70 390
60 60 60 70 70 70 390
60 60 60 70 70 70 390
60 60 60 70 70 70 390
