0 66775 60225 63100 59900
100 66800 60225 63075 59900
200 66800 60225 63150 59825
300 66775 60200 63175 59850
400 66775 60225 63175 59825
500 66825 60225 63200 59750
600 66775 60275 63125 59825
700 66775 60300 63125 59800
800 66750 60225 63225 59800
900 66750 60200 63225 59825
1000 66750 60200 63275 59775
1100 66825 60175 63250 59750
1200 66825 60225 63300 59650
1300 66825 60225 63375 59575
1400 66825 60250 63350 59575
1500 66825 60275 63325 59575
1600 66800 60275 63325 59600
1700 66800 60300 63350 59550
1800 66825 60300 63300 59575
1900 66775 60250 63375 59600
2000 66775 60225 63400 59600
2100 66750 60150 63500 59600
2200 66775 60150 63450 59625
2300 66800 60100 63500 59600
2400 66775 60125 63500 59600
2500 66775 60125 63550 59550
2600 66750 60125 63600 59525
2700 66775 60175 63550 59500
2800 66775 60150 63550 59525
2900 66800 60175 63500 59525
3000 66775 60175 63525 59525
3100 66775 60175 63575 59475
3200 66775 60225 63550 59450
3300 66750 60225 63525 59500
3400 66700 60225 63550 59525
3500 66650 60250 63575 59525
3600 66675 60250 63550 59525
3700 66700 60175 63600 59525
3800 66625 60200 63600 59575
3900 66625 60200 63600 59575
4000 66650 60200 63575 59575
4100 66675 60175 63575 59575
4200 66675 60175 63600 59550
4300 66700 60125 63625 59550
4400 66725 60125 63575 59575
4500 66775 60100 63600 59525
4600 66800 60125 63600 59475
4700 66800 60125 63625 59450
4800 66775 60150 63650 59425
4900 66800 60175 63625 59400
5000 66800 60200 63650 59350
5100 66800 60200 63650 59350
5200 66800 60200 63650 59350
5300 66825 60200 63625 59350
5400 66800 60125 63675 59400
5500 66825 60075 63725 59375
5600 66825 60050 63725 59400
5700 66875 60100 63675 59350
5800 66850 60125 63675 59350
5900 66850 60125 63625 59400
6000 66875 60125 63625 59375
6100 66875 60075 63675 59375
6200 66875 60075 63675 59375
6300 66875 60075 63675 59375
6400 66825 60050 63725 59400
6500 66775 60050 63725 59450
6600 66825 60000 63725 59450
6700 66800 60000 63750 59450
6800 66825 60025 63775 59375
6900 66800 60025 63800 59375
7000 66825 60050 63750 59375
7100 66825 60050 63775 59350
7200 66825 60050 63775 59350
7300 66825 60050 63775 59350
7400 66850 60025 63850 59275
7500 66850 60050 63825 59275
7600 66825 60025 63875 59275
7700 66850 59975 63900 59275
7800 66850 59975 63900 59275
7900 66825 59975 63950 59250
8000 66800 60000 63975 59225
8100 66825 60000 63950 59225
8200 66825 60000 63950 59225
8300 66825 60000 63950 59225
8400 66800 59975 64000 59225
8500 66775 59950 64025 59250
8600 66800 59925 64050 59225
8700 66775 59925 64050 59250
8800 66775 59950 64050 59225
8900 66775 59975 64025 59225
9000 66775 59975 64025 59225
9100 66800 59975 64025 59200
9200 66800 59975 64025 59200
9300 66775 59975 64050 59200
9400 66750 60000 64025 59225
9500 66775 60000 64000 59225
9600 66725 60000 64050 59225
9700 66725 60000 64025 59250
9800 66700 60000 64025 59275
9900 66750 60000 64000 59250
10000 66750 60000 64025 59225
10100 66725 60000 64025 59250
10200 66750 60000 64025 59225
10300 66725 59975 64025 59275
10400 66775 59975 64000 59250
10500 66775 59975 64000 59250
10600 66775 60000 63975 59250
10700 66750 60025 64000 59225
10800 66725 60075 64000 59200
10900 66725 60050 64050 59175
11000 66725 60025 64075 59175
11100 66700 60050 64075 59175
11200 66750 60050 64025 59175
11300 66750 60050 64025 59175
11400 66750 60050 64025 59175
11500 66750 60050 64025 59175
11600 66700 60100 64050 59150
11700 66725 60100 64050 59125
11800 66725 60100 64050 59125
11900 66675 60125 64075 59125
12000 66725 60125 64025 59125
12100 66750 60125 64025 59100
12200 66750 60100 64050 59100
12300 66750 60100 64075 59075
12400 66725 60125 64050 59100
12500 66700 60125 64075 59100
12600 66700 60125 64075 59100
12700 66700 60100 64100 59100
12800 66675 60075 64175 59075
12900 66725 60075 64150 59050
13000 66725 60075 64150 59050
13100 66725 60050 64175 59050
13200 66725 60050 64175 59050
13300 66775 60050 64125 59050
13400 66775 60025 64150 59050
13500 66825 60025 64125 59025
13600 66775 60025 64125 59075
13700 66775 60025 64125 59075
13800 66775 60025 64150 59050
13900 66750 60000 64175 59075
14000 66750 60025 64150 59075
14100 66725 60050 64150 59075
14200 66725 60050 64150 59075
14300 66750 60025 64175 59050
14400 66750 60025 64200 59025
14500 66750 60050 64200 59000
14600 66725 60075 64200 59000
14700 66750 60100 64150 59000
14800 66750 60125 64125 59000
14900 66725 60075 64175 59025
15000 66725 60050 64200 59025
15100 66700 60025 64225 59050
15200 66700 60000 64250 59050
15300 66675 60025 64225 59075
15400 66675 60025 64250 59050
15500 66725 60025 64200 59050
15600 66700 60025 64225 59050
15700 66675 60025 64250 59050
15800 66675 60025 64250 59050
15900 66700 60025 64225 59050
16000 66700 60025 64200 59075
16100 66675 60025 64225 59075
16200 66675 60025 64225 59075
16300 66675 60025 64225 59075
16400 66700 60025 64225 59050
16500 66700 60025 64225 59050
16600 66700 60025 64225 59050
16700 66700 60000 64250 59050
16800 66725 60000 64250 59025
16900 66700 59975 64300 59025
17000 66700 59975 64275 59050
17100 66700 59950 64275 59075
17200 66725 59950 64275 59050
17300 66725 59950 64275 59050
17400 66725 59950 64300 59025
17500 66725 59975 64275 59025
17600 66725 59975 64275 59025
17700 66725 60000 64250 59025
17800 66725 60000 64250 59025
17900 66750 60000 64225 59025
18000 66725 59975 64300 59000
18100 66725 59975 64300 59000
18200 66725 59975 64300 59000
18300 66725 59975 64275 59025
18400 66750 59950 64300 59000
18500 66750 59950 64300 59000
18600 66725 59950 64300 59025
18700 66750 59975 64250 59025
18800 66675 60000 64300 59025
18900 66700 60000 64275 59025
19000 66750 60000 64250 59000
19100 66750 60000 64250 59000
19200 66750 60000 64250 59000
19300 66750 60000 64250 59000
19400 66750 59975 64275 59000
19500 66775 59975 64250 59000
19600 66775 60000 64250 58975
19700 66800 59950 64275 58975
19800 66775 60000 64250 58975
19900 66775 60025 64225 58975
20000 66775 60000 64275 58950
20100 66775 59975 64300 58950
20200 66750 59975 64300 58975
20300 66775 60000 64275 58950
20400 66775 60000 64275 58950
20500 66800 60000 64250 58950
20600 66775 60000 64275 58950
20700 66775 60000 64275 58950
20800 66775 60000 64300 58925
20900 66775 60025 64300 58900
21000 66775 60025 64300 58900
21100 66800 59975 64325 58900
21200 66775 59975 64350 58900
21300 66775 59950 64350 58925
21400 66775 59950 64350 58925
21500 66775 59925 64400 58900
21600 66800 59925 64375 58900
21700 66800 59925 64375 58900
21800 66800 59925 64375 58900
21900 66775 59950 64375 58900
22000 66800 59950 64375 58875
22100 66825 59950 64375 58850
22200 66800 60000 64400 58800
22300 66800 59975 64400 58825
22400 66800 59950 64425 58825
22500 66800 59950 64425 58825
22600 66800 59950 64450 58800
22700 66800 59950 64450 58800
22800 66775 59950 64475 58800
22900 66775 59950 64475 58800
23000 66800 59925 64500 58775
23100 66825 59925 64500 58750
23200 66825 59975 64475 58725
23300 66825 59975 64500 58700
23400 66775 60000 64500 58725
23500 66750 60025 64500 58725
23600 66725 60025 64525 58725
23700 66725 60025 64550 58700
23800 66750 60025 64550 58675
23900 66750 60000 64600 58650
24000 66725 60000 64600 58675
24100 66725 60025 64600 58650
24200 66700 60000 64625 58675
24300 66725 60000 64600 58675
24400 66725 60000 64600 58675
24500 66750 60000 64575 58675
24600 66725 60000 64600 58675
24700 66700 60000 64625 58675
24800 66675 60025 64625 58675
24900 66650 60050 64650 58650
25000 66650 60050 64650 58650
25100 66650 60050 64650 58650
25200 66650 60075 64625 58650
25300 66650 60075 64625 58650
25400 66650 60050 64650 58650
25500 66650 60125 64625 58600
25600 66650 60125 64650 58575
25700 66650 60125 64650 58575
25800 66650 60125 64650 58575
25900 66650 60125 64675 58550
26000 66650 60125 64700 58525
26100 66650 60125 64700 58525
26200 66625 60100 64725 58550
26300 66600 60125 64775 58500
26400 66600 60125 64775 58500
26500 66600 60200 64775 58425
26600 66600 60225 64775 58400
26700 66600 60250 64750 58400
26800 66600 60250 64750 58400
26900 66600 60275 64725 58400
27000 66575 60300 64725 58400
27100 66550 60325 64725 58400
27200 66550 60300 64750 58400
27300 66550 60300 64750 58400
27400 66575 60300 64725 58400
27500 66600 60300 64700 58400
27600 66575 60300 64700 58425
27700 66575 60300 64700 58425
27800 66575 60300 64700 58425
27900 66575 60275 64725 58425
28000 66575 60275 64750 58400
28100 66575 60275 64750 58400
28200 66575 60275 64750 58400
28300 66600 60275 64725 58400
28400 66625 60275 64700 58400
28500 66650 60300 64675 58375
28600 66650 60275 64725 58350
28700 66675 60275 64725 58325
28800 66675 60275 64725 58325
28900 66675 60250 64750 58325
29000 66675 60250 64750 58325
29100 66675 60250 64775 58300
29200 66675 60275 64750 58300
29300 66675 60275 64750 58300
29400 66700 60275 64725 58300
29500 66700 60225 64800 58275
29600 66675 60250 64800 58275
29700 66650 60275 64800 58275
29800 66675 60275 64800 58250
29900 66675 60250 64825 58250
30000 66700 60250 64825 58225
30100 66725 60250 64800 58225
30200 66700 60250 64800 58250
30300 66725 60250 64775 58250
30400 66700 60275 64775 58250
30500 66700 60275 64775 58250
30600 66700 60275 64775 58250
30700 66725 60275 64750 58250
30800 66700 60275 64775 58250
30900 66725 60275 64750 58250
31000 66750 60275 64725 58250
31100 66775 60225 64725 58275
31200 66775 60225 64725 58275
31300 66775 60200 64750 58275
31400 66750 60200 64750 58300
31500 66750 60200 64750 58300
31600 66750 60200 64750 58300
31700 66750 60175 64750 58325
31800 66750 60175 64750 58325
31900 66725 60150 64800 58325
32000 66725 60150 64800 58325
32100 66750 60125 64775 58350
32200 66750 60100 64775 58375
32300 66725 60100 64775 58400
32400 66750 60075 64775 58400
32500 66725 60100 64775 58400
32600 66725 60100 64775 58400
32700 66725 60100 64775 58400
32800 66725 60100 64775 58400
32900 66700 60125 64775 58400
33000 66700 60125 64775 58400
33100 66700 60125 64800 58375
33200 66675 60150 64775 58400
33300 66700 60125 64775 58400
33400 66675 60125 64775 58425
33500 66675 60125 64775 58425
33600 66675 60125 64800 58400
33700 66675 60125 64800 58400
33800 66675 60125 64800 58400
33900 66675 60125 64800 58400
34000 66675 60150 64800 58375
34100 66675 60150 64800 58375
34200 66675 60150 64800 58375
34300 66675 60150 64800 58375
34400 66675 60175 64800 58350
34500 66700 60150 64825 58325
34600 66700 60125 64850 58325
34700 66700 60100 64875 58325
34800 66700 60100 64875 58325
34900 66675 60100 64900 58325
35000 66675 60075 64925 58325
35100 66675 60075 64925 58325
35200 66675 60075 64950 58300
35300 66675 60075 64950 58300
35400 66650 60075 64975 58300
35500 66650 60075 64975 58300
35600 66625 60125 64950 58300
35700 66625 60125 64950 58300
35800 66650 60125 64975 58250
35900 66650 60125 64975 58250
36000 66650 60125 64975 58250
36100 66650 60125 64975 58250
36200 66675 60125 64950 58250
36300 66675 60125 64975 58225
36400 66700 60125 64950 58225
36500 66700 60150 64925 58225
36600 66675 60150 64975 58200
36700 66675 60175 64950 58200
36800 66675 60150 64975 58200
36900 66675 60175 65000 58150
37000 66675 60175 65000 58150
37100 66675 60175 65025 58125
37200 66700 60175 65000 58125
37300 66675 60175 65000 58150
37400 66675 60175 65000 58150
37500 66675 60175 65000 58150
37600 66675 60150 65025 58150
37700 66675 60150 65025 58150
37800 66675 60125 65050 58150
37900 66675 60125 65050 58150
38000 66700 60125 65050 58125
38100 66725 60100 65050 58125
38200 66700 60125 65050 58125
38300 66725 60075 65075 58125
38400 66725 60075 65075 58125
38500 66725 60075 65075 58125
38600 66725 60075 65075 58125
38700 66725 60075 65075 58125
38800 66700 60075 65100 58125
38900 66700 60075 65100 58125
39000 66700 60075 65100 58125
39100 66700 60050 65100 58150
39200 66700 60050 65100 58150
39300 66675 60075 65100 58150
39400 66675 60075 65100 58150
39500 66675 60075 65100 58150
39600 66650 60075 65100 58175
39700 66650 60075 65075 58200
39800 66650 60050 65100 58200
39900 66650 60050 65100 58200
40000 66675 60050 65075 58200
40100 66675 60075 65050 58200
40200 66675 60075 65050 58200
40300 66675 60075 65050 58200
40400 66675 60075 65050 58200
40500 66650 60100 65050 58200
40600 66650 60100 65050 58200
40700 66675 60100 65050 58175
40800 66650 60100 65050 58200
40900 66650 60075 65075 58200
41000 66625 60100 65075 58200
41100 66600 60100 65075 58225
41200 66625 60075 65075 58225
41300 66625 60075 65075 58225
41400 66625 60075 65075 58225
41500 66600 60075 65075 58250
41600 66600 60050 65075 58275
41700 66575 60050 65075 58300
41800 66575 60075 65075 58275
41900 66575 60100 65050 58275
42000 66575 60100 65050 58275
42100 66600 60100 65050 58250
42200 66600 60075 65075 58250
42300 66575 60075 65100 58250
42400 66575 60075 65100 58250
42500 66625 60075 65075 58225
42600 66625 60075 65075 58225
42700 66600 60100 65075 58225
42800 66600 60075 65100 58225
42900 66600 60075 65100 58225
43000 66600 60075 65100 58225
43100 66600 60075 65100 58225
43200 66575 60075 65125 58225
43300 66600 60075 65125 58200
43400 66625 60075 65100 58200
43500 66625 60075 65100 58200
43600 66600 60100 65100 58200
43700 66650 60100 65075 58175
43800 66675 60075 65100 58150
43900 66675 60050 65125 58150
44000 66675 60050 65125 58150
44100 66675 60050 65125 58150
44200 66650 60050 65125 58175
44300 66650 60050 65125 58175
44400 66650 60000 65150 58200
44500 66650 60000 65150 58200
44600 66675 60000 65125 58200
44700 66700 59975 65125 58200
44800 66700 59975 65125 58200
44900 66675 60000 65125 58200
45000 66675 60025 65125 58175
45100 66675 60000 65150 58175
45200 66675 60000 65150 58175
45300 66650 60000 65175 58175
45400 66650 60000 65175 58175
45500 66675 60000 65150 58175
45600 66675 60000 65150 58175
45700 66675 60000 65150 58175
45800 66675 60000 65150 58175
45900 66675 60000 65150 58175
46000 66675 60000 65150 58175
46100 66675 60000 65150 58175
46200 66700 60000 65125 58175
46300 66700 60000 65125 58175
46400 66700 60000 65125 58175
46500 66700 60000 65125 58175
46600 66700 60000 65100 58200
46700 66700 60025 65100 58175
46800 66725 60025 65075 58175
46900 66725 60025 65075 58175
47000 66725 60025 65100 58150
47100 66725 60025 65100 58150
47200 66750 60025 65100 58125
47300 66775 60000 65075 58150
47400 66775 60000 65100 58125
47500 66775 60000 65100 58125
47600 66800 60025 65100 58075
47700 66775 60050 65175 58000
47800 66800 60050 65150 58000
47900 66800 60050 65150 58000
48000 66775 60050 65175 58000
48100 66750 60075 65200 57975
48200 66750 60050 65225 57975
48300 66750 60050 65225 57975
48400 66725 60050 65250 57975
48500 66725 60050 65250 57975
48600 66725 60025 65275 57975
48700 66725 60025 65275 57975
48800 66725 60025 65275 57975
48900 66725 60025 65275 57975
49000 66725 60025 65275 57975
49100 66725 60025 65275 57975
49200 66725 60025 65275 57975
49300 66700 60075 65250 57975
49400 66725 60050 65225 58000
49500 66725 60075 65200 58000
49600 66750 60050 65200 58000
49700 66750 60050 65200 58000
49800 66750 60050 65200 58000
49900 66775 60025 65200 58000
50000 66750 60025 65200 58025
50100 66700 60050 65225 58025
50200 66700 60050 65225 58025
50300 66700 60050 65225 58025
50400 66725 60050 65225 58000
50500 66725 60000 65275 58000
50600 66725 60025 65250 58000
50700 66725 60025 65250 58000
50800 66725 60025 65250 58000
50900 66725 60025 65250 58000
51000 66725 60050 65225 58000
51100 66750 60075 65200 57975
51200 66750 60075 65200 57975
51300 66750 60075 65200 57975
51400 66750 60100 65175 57975
51500 66750 60100 65175 57975
51600 66750 60125 65150 57975
51700 66750 60125 65150 57975
51800 66725 60125 65150 58000
51900 66725 60075 65200 58000
52000 66725 60050 65225 58000
52100 66725 60050 65225 58000
52200 66725 60050 65225 58000
52300 66675 60075 65225 58025
52400 66675 60075 65225 58025
52500 66675 60075 65225 58025
52600 66675 60075 65225 58025
52700 66675 60025 65275 58025
52800 66700 60000 65275 58025
52900 66700 60000 65275 58025
53000 66700 60000 65275 58025
53100 66700 59975 65300 58025
53200 66675 59975 65300 58050
53300 66675 59975 65300 58050
53400 66625 60000 65300 58075
53500 66600 60000 65325 58075
53600 66600 59975 65325 58100
53700 66575 59975 65325 58125
53800 66575 59975 65325 58125
53900 66575 60000 65325 58100
54000 66575 60000 65325 58100
54100 66550 60000 65325 58125
54200 66525 60000 65325 58150
54300 66500 60025 65325 58150
54400 66525 60025 65300 58150
54500 66525 60025 65300 58150
54600 66525 60050 65275 58150
54700 66525 60050 65275 58150
54800 66500 60050 65300 58150
54900 66500 60050 65300 58150
55000 66500 60025 65325 58150
55100 66525 60025 65300 58150
55200 66525 60025 65300 58150
55300 66525 60025 65300 58150
55400 66525 60025 65300 58150
55500 66525 60025 65300 58150
55600 66525 60025 65300 58150
55700 66550 60000 65325 58125
55800 66525 60000 65350 58125
55900 66525 60000 65350 58125
56000 66525 60000 65350 58125
56100 66525 60000 65350 58125
56200 66525 59975 65350 58150
56300 66525 59975 65350 58150
56400 66525 59975 65350 58150
56500 66525 59975 65350 58150
56600 66500 59975 65375 58150
56700 66525 60000 65350 58125
56800 66525 60000 65350 58125
56900 66525 60000 65350 58125
57000 66575 59925 65325 58175
57100 66575 59925 65325 58175
57200 66575 59925 65325 58175
57300 66575 59925 65325 58175
57400 66575 59925 65325 58175
57500 66550 59950 65325 58175
57600 66550 59950 65325 58175
57700 66525 59950 65350 58175
57800 66525 59925 65375 58175
57900 66525 59925 65375 58175
58000 66525 59925 65375 58175
58100 66525 59925 65375 58175
58200 66525 59900 65400 58175
58300 66525 59900 65375 58200
58400 66500 59900 65400 58200
58500 66500 59900 65400 58200
58600 66500 59900 65425 58175
58700 66500 59900 65425 58175
58800 66525 59900 65400 58175
58900 66525 59900 65400 58175
59000 66525 59875 65425 58175
59100 66525 59900 65400 58175
59200 66500 59900 65400 58200
59300 66475 59925 65400 58200
59400 66475 59925 65400 58200
59500 66475 59925 65400 58200
59600 66475 59925 65400 58200
59700 66475 59900 65425 58200
59800 66475 59875 65425 58225
59900 66500 59875 65450 58175
60000 66500 59875 65425 58200
60100 66500 59875 65425 58200
60200 66475 59900 65425 58200
60300 66475 59900 65425 58200
60400 66475 59900 65425 58200
60500 66475 59900 65425 58200
60600 66475 59900 65425 58200
60700 66475 59900 65425 58200
60800 66475 59900 65425 58200
60900 66475 59900 65450 58175
61000 66475 59875 65475 58175
61100 66475 59900 65450 58175
61200 66475 59900 65450 58175
61300 66450 59925 65450 58175
61400 66450 59925 65450 58175
61500 66450 59900 65475 58175
61600 66450 59875 65500 58175
61700 66450 59875 65500 58175
61800 66450 59875 65500 58175
61900 66450 59900 65500 58150
62000 66475 59875 65500 58150
62100 66475 59875 65500 58150
62200 66475 59875 65500 58150
62300 66475 59875 65500 58150
62400 66475 59875 65500 58150
62500 66475 59875 65500 58150
62600 66500 59875 65475 58150
62700 66500 59875 65450 58175
62800 66500 59900 65425 58175
62900 66500 59900 65425 58175
63000 66500 59875 65450 58175
63100 66500 59875 65450 58175
63200 66500 59875 65475 58150
63300 66525 59875 65475 58125
63400 66525 59875 65475 58125
63500 66525 59875 65475 58125
63600 66525 59875 65475 58125
63700 66525 59875 65475 58125
63800 66525 59875 65475 58125
63900 66525 59850 65475 58150
64000 66550 59825 65475 58150
64100 66550 59825 65475 58150
64200 66575 59800 65475 58150
64300 66575 59825 65475 58125
64400 66575 59825 65475 58125
64500 66575 59825 65500 58100
64600 66575 59825 65500 58100
64700 66575 59825 65500 58100
64800 66575 59800 65500 58125
64900 66575 59800 65500 58125
65000 66575 59800 65500 58125
65100 66575 59800 65500 58125
65200 66550 59800 65525 58125
65300 66525 59825 65525 58125
65400 66525 59825 65500 58150
65500 66525 59825 65500 58150
65600 66525 59825 65500 58150
65700 66575 59825 65475 58125
65800 66575 59825 65475 58125
65900 66575 59825 65475 58125
66000 66575 59825 65500 58100
66100 66575 59825 65500 58100
66200 66575 59825 65500 58100
66300 66575 59825 65500 58100
66400 66625 59825 65475 58075
66500 66625 59825 65475 58075
66600 66600 59800 65500 58100
66700 66600 59800 65500 58100
66800 66625 59800 65475 58100
66900 66625 59800 65475 58100
67000 66650 59800 65450 58100
67100 66650 59800 65450 58100
67200 66650 59800 65450 58100
67300 66650 59800 65450 58100
67400 66650 59800 65450 58100
67500 66650 59800 65450 58100
67600 66650 59800 65450 58100
67700 66675 59775 65450 58100
67800 66675 59775 65450 58100
67900 66650 59800 65425 58125
68000 66650 59800 65400 58150
68100 66700 59775 65425 58100
68200 66725 59775 65425 58075
68300 66725 59800 65400 58075
68400 66725 59800 65400 58075
68500 66725 59800 65400 58075
68600 66700 59775 65400 58125
68700 66700 59775 65400 58125
68800 66675 59800 65400 58125
68900 66625 59850 65400 58125
69000 66625 59850 65400 58125
69100 66650 59850 65375 58125
69200 66650 59825 65400 58125
69300 66650 59800 65400 58150
69400 66650 59800 65400 58150
69500 66650 59800 65400 58150
69600 66650 59825 65375 58150
69700 66650 59825 65375 58150
69800 66625 59850 65375 58150
69900 66650 59850 65350 58150
70000 66650 59800 65375 58175
70100 66625 59825 65350 58200
70200 66600 59825 65350 58225
70300 66600 59825 65350 58225
70400 66600 59825 65350 58225
70500 66625 59825 65325 58225
70600 66625 59825 65325 58225
70700 66650 59850 65300 58200
70800 66625 59850 65350 58175
70900 66575 59825 65375 58225
71000 66575 59825 65375 58225
71100 66600 59850 65325 58225
71200 66625 59875 65275 58225
71300 66625 59850 65325 58200
71400 66625 59850 65325 58200
71500 66650 59850 65300 58200
71600 66650 59850 65300 58200
71700 66650 59825 65325 58200
71800 66675 59800 65325 58200
71900 66675 59800 65325 58200
72000 66675 59800 65325 58200
72100 66675 59800 65325 58200
72200 66675 59800 65325 58200
72300 66675 59775 65325 58225
72400 66675 59775 65325 58225
72500 66675 59775 65325 58225
72600 66675 59800 65325 58200
72700 66675 59800 65325 58200
72800 66675 59800 65325 58200
72900 66675 59800 65325 58200
73000 66675 59800 65325 58200
73100 66675 59800 65325 58200
73200 66675 59800 65325 58200
73300 66675 59800 65325 58200
73400 66675 59800 65325 58200
73500 66675 59800 65325 58200
73600 66675 59800 65325 58200
73700 66675 59800 65325 58200
73800 66675 59800 65325 58200
73900 66675 59800 65325 58200
74000 66675 59800 65325 58200
74100 66675 59800 65325 58200
74200 66700 59800 65300 58200
74300 66700 59825 65300 58175
74400 66700 59825 65300 58175
74500 66675 59825 65300 58200
74600 66675 59800 65325 58200
74700 66675 59800 65325 58200
74800 66675 59800 65325 58200
74900 66700 59775 65325 58200
75000 66700 59775 65325 58200
75100 66700 59775 65325 58200
75200 66725 59775 65300 58200
75300 66725 59775 65300 58200
75400 66725 59775 65300 58200
75500 66725 59775 65300 58200
75600 66725 59775 65300 58200
75700 66725 59775 65325 58175
75800 66725 59775 65325 58175
75900 66725 59775 65325 58175
76000 66700 59775 65350 58175
76100 66700 59775 65350 58175
76200 66700 59775 65350 58175
76300 66700 59775 65350 58175
76400 66700 59775 65350 58175
76500 66700 59775 65350 58175
76600 66700 59775 65350 58175
76700 66700 59775 65350 58175
76800 66700 59775 65350 58175
76900 66700 59800 65350 58150
77000 66700 59800 65350 58150
77100 66700 59800 65350 58150
77200 66700 59800 65350 58150
77300 66700 59775 65375 58150
77400 66700 59775 65375 58150
77500 66700 59775 65375 58150
77600 66700 59775 65375 58150
77700 66700 59800 65350 58150
77800 66700 59800 65350 58150
77900 66700 59800 65350 58150
78000 66700 59825 65350 58125
78100 66700 59825 65350 58125
78200 66700 59825 65350 58125
78300 66700 59825 65350 58125
78400 66700 59800 65350 58150
78500 66675 59825 65350 58150
78600 66675 59825 65350 58150
78700 66700 59825 65325 58150
78800 66700 59825 65325 58150
78900 66700 59850 65325 58125
79000 66725 59850 65325 58100
79100 66725 59850 65325 58100
79200 66725 59850 65325 58100
79300 66700 59850 65350 58100
79400 66700 59850 65350 58100
79500 66700 59850 65350 58100
79600 66700 59875 65350 58075
79700 66700 59875 65350 58075
79800 66700 59875 65350 58075
79900 66675 59850 65375 58100
80000 66675 59850 65375 58100
80100 66675 59850 65375 58100
80200 66675 59875 65375 58075
80300 66675 59900 65375 58050
80400 66675 59900 65350 58075
80500 66675 59900 65350 58075
80600 66675 59900 65350 58075
80700 66675 59950 65350 58025
80800 66675 59950 65350 58025
80900 66625 60000 65350 58025
81000 66625 60025 65350 58000
81100 66600 60050 65375 57975
81200 66600 60100 65375 57925
81300 66600 60125 65375 57900
81400 66600 60125 65375 57900
81500 66600 60125 65375 57900
81600 66600 60125 65400 57875
81700 66600 60100 65425 57875
81800 66600 60100 65425 57875
81900 66600 60075 65450 57875
82000 66625 60075 65425 57875
82100 66625 60075 65425 57875
82200 66625 60075 65425 57875
82300 66625 60075 65425 57875
82400 66625 60075 65425 57875
82500 66625 60075 65425 57875
82600 66625 60075 65425 57875
82700 66625 60075 65425 57875
82800 66625 60075 65425 57875
82900 66625 60075 65425 57875
83000 66625 60075 65425 57875
83100 66625 60075 65425 57875
83200 66625 60075 65425 57875
83300 66625 60025 65475 57875
83400 66625 60025 65450 57900
83500 66625 60025 65450 57900
83600 66625 60025 65450 57900
83700 66625 60025 65450 57900
83800 66625 60025 65425 57925
83900 66650 60000 65425 57925
84000 66650 59950 65475 57925
84100 66625 59950 65475 57950
84200 66650 59925 65475 57950
84300 66650 59925 65475 57950
84400 66650 59925 65475 57950
84500 66650 59925 65475 57950
84600 66650 59925 65475 57950
84700 66650 59925 65475 57950
84800 66650 59925 65475 57950
84900 66650 59925 65475 57950
85000 66650 59925 65475 57950
85100 66675 59925 65450 57950
85200 66675 59925 65450 57950
85300 66675 59925 65450 57950
85400 66675 59925 65450 57950
85500 66675 59925 65450 57950
85600 66675 59950 65425 57950
85700 66675 59950 65425 57950
85800 66675 59950 65425 57950
85900 66675 59950 65425 57950
86000 66650 59950 65450 57950
86100 66650 59950 65450 57950
86200 66650 59950 65450 57950
86300 66650 59950 65450 57950
86400 66650 59950 65450 57950
86500 66650 59950 65450 57950
86600 66650 59950 65450 57950
86700 66650 59950 65450 57950
86800 66650 59950 65450 57950
86900 66650 59950 65450 57950
87000 66650 59950 65475 57925
87100 66650 59950 65475 57925
87200 66650 59950 65475 57925
87300 66650 59950 65475 57925
87400 66650 59950 65475 57925
87500 66625 59950 65475 57950
87600 66625 59950 65475 57950
87700 66625 59950 65475 57950
87800 66650 59950 65475 57925
87900 66650 59950 65475 57925
88000 66650 59950 65475 57925
88100 66675 59950 65450 57925
88200 66700 59925 65450 57925
88300 66700 59925 65450 57925
88400 66700 59950 65425 57925
88500 66700 59950 65425 57925
88600 66700 59925 65450 57925
88700 66700 59900 65450 57950
88800 66700 59925 65425 57950
88900 66700 59925 65425 57950
89000 66675 59950 65425 57950
89100 66675 59950 65425 57950
89200 66675 59950 65425 57950
89300 66675 59950 65425 57950
89400 66675 59950 65425 57950
89500 66675 59950 65425 57950
89600 66675 59950 65425 57950
89700 66675 59950 65425 57950
89800 66675 59950 65425 57950
89900 66675 59950 65425 57950
90000 66650 59950 65425 57975
90100 66650 59950 65425 57975
90200 66675 59950 65425 57950
90300 66675 59950 65425 57950
90400 66650 59950 65450 57950
90500 66650 59950 65450 57950
90600 66650 59950 65450 57950
90700 66650 59950 65450 57950
90800 66650 59950 65450 57950
90900 66675 59950 65425 57950
91000 66700 59925 65425 57950
91100 66700 59925 65425 57950
91200 66700 59925 65425 57950
91300 66700 59925 65425 57950
91400 66700 59925 65425 57950
91500 66700 59950 65425 57925
91600 66700 59950 65425 57925
91700 66700 59950 65425 57925
91800 66700 59950 65425 57925
91900 66675 59975 65400 57950
92000 66650 59975 65400 57975
92100 66650 59975 65400 57975
92200 66650 59975 65400 57975
92300 66650 59975 65400 57975
92400 66650 59950 65425 57975
92500 66650 59950 65425 57975
92600 66675 59950 65425 57950
92700 66675 59925 65450 57950
92800 66675 59925 65450 57950
92900 66675 59925 65450 57950
93000 66650 59925 65450 57975
93100 66625 59925 65450 58000
93200 66600 59950 65450 58000
93300 66625 59950 65450 57975
93400 66600 59950 65450 58000
93500 66625 59925 65425 58025
93600 66625 59950 65400 58025
93700 66625 59950 65400 58025
93800 66600 59950 65400 58050
93900 66600 59950 65400 58050
94000 66600 59950 65400 58050
94100 66600 59975 65375 58050
94200 66625 59975 65375 58025
94300 66625 59975 65375 58025
94400 66600 59975 65400 58025
94500 66600 59975 65400 58025
94600 66600 59975 65400 58025
94700 66600 59975 65400 58025
94800 66600 59975 65400 58025
94900 66600 59975 65400 58025
95000 66600 59975 65400 58025
95100 66625 60000 65375 58000
95200 66625 60000 65375 58000
95300 66625 59975 65400 58000
95400 66650 59975 65400 57975
95500 66650 60000 65375 57975
95600 66650 60000 65375 57975
95700 66650 60000 65375 57975
95800 66650 60000 65375 57975
95900 66675 60025 65350 57950
96000 66725 60000 65350 57925
96100 66725 60025 65325 57925
96200 66725 60025 65325 57925
96300 66725 60025 65325 57925
96400 66725 60025 65325 57925
96500 66725 60025 65300 57950
96600 66725 60025 65300 57950
96700 66725 60025 65300 57950
96800 66725 60025 65300 57950
96900 66725 60025 65300 57950
97000 66700 60050 65300 57950
97100 66700 60050 65300 57950
97200 66700 60050 65300 57950
97300 66700 60050 65325 57925
97400 66700 60050 65325 57925
97500 66700 60025 65350 57925
97600 66700 60025 65350 57925
97700 66700 60025 65350 57925
97800 66675 60025 65375 57925
97900 66675 60025 65375 57925
98000 66675 60025 65375 57925
98100 66675 60025 65375 57925
98200 66700 59975 65375 57950
98300 66700 59975 65375 57950
98400 66700 59975 65375 57950
98500 66700 59975 65375 57950
98600 66700 59975 65375 57950
98700 66700 59975 65350 57975
98800 66700 59975 65350 57975
98900 66700 59975 65350 57975
99000 66700 59950 65375 57975
99100 66700 59950 65375 57975
99200 66700 59950 65375 57975
99300 66700 59950 65375 57975
99400 66700 59950 65375 57975
99500 66700 59925 65400 57975
99600 66700 59925 65400 57975
99700 66725 59925 65375 57975
99800 66725 59925 65375 57975
99900 66725 59900 65400 57975
100000 66725 59900 65400 57975
