# gr0gr1_gb gr0gr2_gb gr0gr3_gb gr1gr2_gb gr1gr3_gb gr2gr3_gb total (total2 if different)
1390 1450 515 1400 2055 480 6865 7290
1410 1450 520 1420 2050 490 6895 7340
1410 1470 540 1420 2050 490 6910 7380
1415 1470 540 1430 2045 490 6885 7390
1400 1450 535 1440 2035 490 6880 7350
1405 1450 530 1460 2030 500 6850 7375
1425 1450 530 1450 2025 510 6835 7390
1425 1430 530 1440 2015 510 6825 7350
1395 1420 535 1440 2005 510 6815 7305
1415 1420 540 1430 1995 510 6805 7310
1415 1420 540 1430 1985 500 6795 7290
1410 1410 540 1440 1970 500 6780 7270
1415 1410 540 1440 1965 500 6795 7270
1430 1410 540 1440 1960 510 6755 7290
1410 1395 535 1440 1945 510 6720 7235
1400 1385 540 1440 1950 500 6720 7215
1395 1385 545 1460 1950 500 6730 7235
1420 1385 550 1460 1945 500 6730 7260
1435 1385 555 1460 1950 500 6735 7285
1435 1385 565 1460 1940 500 6735 7285
1425 1370 565 1460 1940 500 6720 7260
1425 1370 570 1470 1945 500 6715 7280
1410 1370 565 1460 1940 500 6710 7245
1410 1370 560 1460 1940 500 6700 7240
1425 1370 560 1450 1925 500 6720 7230
1420 1350 560 1440 1910 500 6720 7180
1425 1350 560 1440 1905 490 6735 7170
1435 1350 560 1435 1900 490 6720 7170
1420 1350 560 1430 1895 490 6675 7145
1410 1350 560 1425 1895 490 6660 7130
1410 1345 565 1420 1890 490 6650 7120
1420 1335 575 1430 1890 490 6630 7140
1415 1330 575 1430 1875 490 6630 7115
1435 1330 580 1430 1870 490 6630 7135
1440 1330 580 1430 1870 490 6630 7140
1425 1330 580 1450 1870 490 6630 7145
1425 1330 580 1450 1865 490 6620 7140
1410 1310 575 1450 1870 490 6610 7105
1420 1310 570 1450 1870 480 6590 7100
1410 1310 570 1450 1865 490 6575 7095
1410 1310 570 1450 1855 490 6575 7085
1420 1310 575 1470 1860 510 6595 7145
1420 1310 575 1470 1860 510 6615 7145
1430 1300 580 1450 1850 510 6590 7120
1440 1300 575 1430 1850 510 6590 7105
1450 1300 570 1440 1850 510 6600 7120
1460 1300 575 1440 1845 520 6595 7140
1455 1300 585 1440 1840 520 6590 7140
1470 1300 590 1420 1830 520 6580 7130
1470 1300 590 1420 1830 520 6580 7130
1460 1290 590 1450 1820 530 6590 7140
1455 1290 590 1450 1825 520 6585 7130
1455 1290 590 1460 1825 520 6600 7140
1460 1290 590 1460 1815 520 6600 7135
1455 1290 590 1470 1815 520 6605 7140
1450 1275 590 1470 1820 520 6595 7125
1450 1270 590 1475 1810 520 6550 7115
1455 1270 600 1470 1800 520 6555 7115
1455 1265 600 1470 1795 520 6560 7105
1440 1260 590 1460 1795 520 6535 7065
1435 1255 575 1470 1790 520 6540 7045
1430 1250 570 1470 1780 520 6495 7020
1440 1250 560 1465 1780 520 6485 7015
1430 1240 560 1460 1780 520 6460 6990
1430 1230 565 1460 1775 520 6455 6980
1430 1230 570 1450 1775 520 6445 6975
1425 1230 570 1440 1760 520 6410 6945
1420 1220 570 1435 1765 510 6390 6920
1425 1215 575 1445 1765 510 6400 6935
1435 1215 580 1440 1745 510 6400 6925
1435 1215 580 1440 1745 510 6410 6925
1425 1215 580 1430 1750 510 6420 6910
1430 1215 580 1450 1750 515 6440 6940
1440 1215 580 1465 1750 520 6445 6970
1435 1215 580 1480 1750 520 6450 6980
1435 1215 580 1480 1745 520 6435 6975
1440 1215 580 1470 1735 520 6430 6960
1435 1215 580 1470 1735 520 6440 6955
1435 1215 580 1460 1730 520 6440 6940
1450 1220 580 1460 1730 520 6455 6960
1440 1225 580 1460 1730 520 6435 6955
1440 1225 580 1480 1730 530 6445 6985
1440 1230 585 1475 1730 540 6455 7000
1440 1230 590 1485 1730 540 6470 7015
1435 1235 590 1470 1725 540 6445 6995
1430 1235 580 1480 1725 530 6455 6980
1435 1235 585 1470 1715 530 6440 6970
1435 1235 590 1470 1710 525 6435 6965
1440 1235 590 1470 1710 520 6445 6965
1430 1235 590 1465 1715 520 6445 6955
1425 1235 590 1460 1705 520 6440 6935
1420 1235 585 1460 1705 510 6430 6915
1420 1235 575 1460 1705 505 6420 6900
1420 1235 565 1465 1710 510 6415 6905
1420 1235 560 1475 1710 510 6415 6910
1425 1235 560 1480 1710 510 6425 6920
1425 1235 560 1480 1700 510 6420 6910
1435 1240 560 1495 1690 520 6410 6940
1425 1235 560 1500 1690 520 6415 6930
1425 1235 560 1490 1690 520 6415 6920
1425 1225 560 1480 1700 530 6415 6920
1425 1215 560 1470 1700 530 6410 6900
1420 1215 560 1455 1695 530 6390 6875
1420 1215 565 1450 1695 530 6395 6875
1425 1215 570 1470 1695 530 6385 6905
1420 1215 575 1470 1695 530 6375 6905
1420 1215 575 1470 1695 530 6365 6905
1425 1215 580 1470 1695 530 6360 6915
1430 1215 580 1450 1695 530 6355 6900
1430 1215 580 1440 1695 530 6335 6890
1430 1215 580 1440 1700 530 6335 6895
1430 1215 580 1435 1695 530 6340 6885
1425 1215 580 1450 1695 530 6350 6895
1420 1215 580 1460 1690 530 6350 6895
1425 1215 580 1460 1690 530 6360 6900
1430 1220 580 1465 1690 525 6360 6910
1445 1225 580 1480 1690 520 6370 6940
1445 1225 580 1480 1690 520 6370 6940
1445 1225 585 1480 1675 520 6385 6930
1450 1225 580 1490 1675 530 6395 6950
1445 1225 575 1490 1665 530 6390 6930
1455 1225 580 1500 1655 530 6425 6945
1450 1225 590 1510 1655 530 6440 6960
1450 1225 595 1510 1655 530 6435 6965
1445 1225 595 1500 1650 540 6420 6955
1455 1235 600 1500 1650 550 6415 6990
1460 1235 600 1495 1645 550 6405 6985
1455 1235 600 1490 1645 550 6405 6975
1455 1235 600 1490 1645 550 6420 6975
1450 1235 600 1480 1650 550 6400 6965
1445 1235 600 1485 1645 540 6390 6950
1445 1245 600 1480 1635 540 6400 6945
1440 1255 605 1490 1625 540 6395 6955
1440 1255 595 1480 1615 540 6390 6925
1450 1255 590 1480 1615 540 6385 6930
1455 1255 590 1475 1615 540 6385 6930
1460 1255 585 1460 1615 535 6370 6910
1460 1255 580 1440 1615 520 6350 6870
1455 1255 575 1440 1615 515 6345 6855
1450 1250 570 1435 1615 510 6340 6830
1445 1245 565 1445 1615 520 6330 6835
1445 1245 560 1470 1615 520 6340 6855
1445 1245 560 1470 1615 520 6335 6855
1440 1250 560 1470 1615 525 6330 6860
1445 1260 560 1470 1615 530 6335 6880
1445 1265 560 1470 1605 530 6325 6875
1450 1265 560 1470 1605 540 6320 6890
1455 1265 560 1475 1605 540 6335 6900
1460 1265 560 1470 1605 540 6340 6900
1460 1265 570 1470 1605 540 6340 6910
1455 1265 570 1470 1605 540 6340 6905
1450 1265 570 1480 1605 540 6355 6910
1450 1265 570 1510 1615 540 6375 6950
1440 1260 570 1520 1620 540 6385 6950
1440 1255 570 1525 1620 540 6385 6950
1440 1260 570 1530 1620 540 6395 6960
1435 1265 570 1540 1610 540 6385 6960
1430 1265 570 1540 1610 540 6385 6955
1430 1265 570 1540 1610 540 6385 6955
1435 1265 570 1535 1615 540 6375 6960
1445 1265 570 1540 1615 540 6370 6975
1445 1265 570 1540 1610 540 6370 6970
1450 1265 570 1540 1610 540 6385 6975
1450 1265 570 1540 1605 535 6390 6965
1460 1280 575 1550 1600 535 6405 7000
1465 1280 575 1545 1600 530 6430 6995
1470 1285 580 1520 1590 540 6425 6985
1465 1285 580 1520 1570 530 6415 6950
1465 1285 575 1520 1570 530 6405 6945
1460 1285 570 1525 1570 545 6395 6955
1460 1290 575 1530 1570 550 6395 6975
1470 1280 585 1510 1565 550 6385 6960
1475 1275 590 1500 1565 550 6375 6955
1470 1275 595 1500 1565 550 6380 6955
1460 1270 595 1495 1565 550 6370 6935
1455 1270 595 1480 1565 550 6360 6915
1460 1275 595 1475 1575 550 6350 6930
1455 1275 595 1475 1565 550 6325 6915
1455 1275 600 1480 1565 550 6320 6925
1460 1280 610 1480 1565 550 6335 6945
1460 1285 610 1470 1570 540 6335 6935
1460 1285 610 1470 1570 540 6325 6935
1460 1295 610 1470 1570 540 6345 6945
1460 1295 610 1465 1570 540 6335 6940
1455 1310 610 1450 1570 540 6335 6935
1455 1310 610 1455 1575 540 6340 6945
1450 1310 610 1450 1565 540 6315 6925
1455 1310 605 1440 1565 540 6320 6915
1455 1310 600 1450 1565 540 6315 6920
1465 1310 600 1450 1565 540 6320 6930
1460 1310 600 1455 1565 535 6320 6925
1455 1310 600 1460 1565 530 6325 6920
1445 1310 600 1460 1565 530 6320 6910
1440 1310 595 1460 1555 530 6310 6890
1440 1310 590 1465 1555 530 6315 6890
1440 1310 585 1470 1555 530 6325 6890
1445 1310 585 1490 1555 530 6350 6915
1450 1310 590 1490 1555 530 6355 6925
1455 1305 590 1490 1545 530 6350 6915
1455 1305 590 1485 1545 540 6345 6920
1455 1300 590 1470 1545 540 6340 6900
1455 1300 590 1470 1545 540 6330 6900
1455 1300 590 1470 1540 540 6325 6895
1460 1300 590 1470 1540 540 6330 6900
1460 1300 590 1470 1540 540 6335 6900
1465 1300 595 1475 1545 540 6345 6920
1465 1300 600 1480 1545 540 6355 6930
1470 1300 600 1480 1545 540 6355 6935
1465 1300 600 1490 1545 540 6355 6940
1470 1300 590 1490 1545 530 6350 6925
1480 1300 590 1490 1550 530 6365 6940
1480 1300 590 1490 1540 530 6370 6930
1475 1300 585 1490 1540 525 6360 6915
1475 1300 580 1500 1540 520 6360 6915
1480 1295 580 1495 1540 520 6355 6910
1475 1290 580 1490 1540 520 6350 6895
1475 1290 580 1490 1535 520 6350 6890
1475 1290 580 1490 1535 520 6355 6890
1480 1290 580 1490 1535 525 6360 6900
1475 1290 580 1490 1535 520 6355 6890
1475 1290 580 1490 1535 520 6345 6890
1475 1290 580 1480 1535 520 6335 6880
1475 1290 580 1460 1535 520 6325 6860
1460 1285 580 1470 1535 520 6330 6850
1455 1280 580 1470 1535 525 6340 6845
1455 1275 580 1480 1535 535 6340 6860
1455 1270 580 1480 1535 540 6340 6860
1455 1270 580 1470 1545 540 6320 6860
1450 1270 580 1480 1550 540 6330 6870
1445 1270 580 1480 1545 540 6325 6860
1445 1270 575 1480 1545 540 6320 6855
1445 1270 570 1480 1545 540 6320 6850
1450 1270 575 1485 1550 540 6330 6870
1445 1270 580 1490 1550 540 6330 6875
1445 1270 580 1495 1550 530 6335 6870
1445 1265 580 1500 1550 530 6345 6870
1445 1260 585 1500 1550 530 6345 6870
1440 1260 590 1500 1550 530 6340 6870
1435 1260 590 1500 1550 530 6340 6865
1440 1260 590 1515 1550 530 6365 6885
1440 1260 590 1515 1550 530 6375 6885
1445 1260 590 1510 1550 530 6390 6885
1445 1260 590 1510 1550 530 6390 6885
1445 1260 590 1500 1540 530 6395 6865
1450 1255 590 1500 1540 530 6400 6865
1450 1250 590 1500 1540 530 6400 6860
1440 1250 590 1510 1540 530 6405 6860
1445 1250 590 1520 1540 530 6415 6875
1445 1250 590 1520 1540 530 6410 6875
1445 1250 590 1520 1540 530 6405 6875
1445 1250 590 1520 1545 530 6405 6880
1445 1250 590 1520 1545 520 6405 6870
1445 1250 590 1515 1545 520 6415 6865
1450 1240 590 1510 1550 520 6420 6860
1450 1240 590 1505 1545 520 6410 6850
1455 1240 590 1500 1545 520 6410 6850
1455 1240 590 1500 1545 520 6405 6850
1455 1240 590 1505 1540 520 6405 6850
1460 1240 590 1515 1540 520 6420 6865
1465 1240 590 1515 1540 530 6425 6880
1470 1235 590 1510 1540 530 6415 6875
1465 1230 590 1510 1545 530 6415 6870
1470 1230 590 1500 1545 530 6400 6865
1475 1235 590 1500 1545 535 6400 6880
1475 1240 580 1500 1550 540 6400 6885
1475 1240 585 1505 1550 545 6400 6900
1480 1235 580 1515 1550 550 6400 6910
1485 1230 580 1520 1550 550 6380 6915
1490 1230 580 1520 1550 550 6385 6920
1485 1230 580 1520 1550 550 6375 6915
1485 1230 580 1520 1550 550 6370 6915
1480 1220 580 1510 1550 550 6340 6890
1480 1225 585 1515 1550 550 6335 6905
1480 1230 590 1520 1555 550 6340 6925
1480 1220 590 1515 1555 550 6330 6910
1480 1215 590 1510 1555 550 6320 6900
1480 1215 590 1510 1555 550 6320 6900
1475 1215 590 1510 1555 550 6315 6895
1475 1215 585 1510 1555 540 6320 6880
1470 1215 580 1505 1565 530 6320 6865
1470 1215 585 1495 1565 540 6315 6870
1475 1215 590 1490 1565 535 6315 6870
1475 1215 585 1490 1565 525 6310 6855
1470 1215 575 1490 1570 520 6305 6840
1470 1210 575 1485 1565 520 6305 6825
1470 1205 570 1480 1570 520 6310 6815
1470 1215 570 1480 1570 530 6320 6835
1470 1215 570 1485 1570 530 6325 6840
1465 1215 570 1490 1570 530 6325 6840
1460 1215 570 1495 1570 530 6325 6840
1455 1215 565 1500 1570 530 6330 6835
1450 1215 560 1500 1575 530 6335 6830
1445 1215 560 1500 1580 530 6335 6830
1440 1215 560 1505 1580 540 6330 6840
1440 1215 560 1510 1575 540 6330 6840
1435 1215 560 1510 1570 540 6330 6830
1430 1215 560 1510 1570 540 6325 6825
1430 1215 560 1510 1575 540 6330 6830
1435 1215 560 1510 1580 530 6335 6830
1435 1215 560 1510 1580 530 6335 6830
1435 1215 560 1510 1580 530 6335 6830
1435 1215 560 1510 1580 530 6335 6830
1435 1215 560 1510 1585 530 6330 6835
1435 1215 560 1510 1600 530 6345 6850
1440 1215 560 1510 1600 530 6355 6855
1440 1215 560 1510 1600 530 6350 6855
1440 1215 560 1520 1600 530 6350 6865
1445 1215 560 1525 1610 530 6370 6885
1445 1215 560 1525 1610 530 6370 6885
1445 1215 560 1525 1610 530 6370 6885
1445 1215 560 1520 1620 530 6380 6890
1445 1215 560 1535 1620 540 6390 6915
1450 1215 560 1545 1630 540 6415 6940
1450 1210 565 1555 1640 540 6430 6960
1450 1205 570 1555 1645 540 6435 6965
1450 1205 570 1560 1645 540 6445 6970
1450 1205 570 1570 1645 540 6450 6980
1455 1205 565 1570 1645 540 6455 6980
1455 1205 560 1570 1645 540 6455 6975
1455 1205 560 1570 1645 545 6455 6980
1460 1205 560 1570 1645 550 6460 6990
1465 1205 560 1570 1640 550 6465 6990
1465 1205 560 1570 1640 545 6465 6985
1465 1205 560 1570 1640 540 6465 6980
1480 1205 560 1565 1640 540 6465 6990
1480 1205 560 1560 1650 540 6470 6995
1500 1205 560 1560 1650 545 6475 7020
1505 1205 560 1560 1650 550 6475 7030
1510 1205 560 1560 1645 550 6480 7030
1510 1205 560 1555 1645 550 6475 7025
1510 1205 560 1550 1645 550 6475 7020
1505 1200 560 1550 1645 555 6475 7015
1500 1195 560 1550 1645 560 6470 7010
1500 1195 560 1550 1640 560 6460 7005
1500 1195 565 1550 1635 560 6460 7005
1500 1195 565 1550 1635 560 6460 7005
1500 1195 570 1550 1635 560 6460 7010
1500 1195 570 1550 1635 560 6465 7010
1495 1195 570 1545 1635 560 6460 7000
1495 1195 570 1540 1635 560 6460 6995
1495 1195 570 1540 1635 560 6455 6995
1495 1195 570 1540 1635 560 6455 6995
1495 1195 570 1540 1635 560 6455 6995
1495 1195 570 1540 1645 560 6465 7005
1495 1195 570 1540 1645 560 6465 7005
1495 1195 575 1540 1645 560 6465 7010
1495 1195 580 1540 1645 560 6465 7015
1495 1195 580 1540 1645 560 6470 7015
1495 1195 580 1540 1645 560 6475 7015
1495 1195 580 1535 1645 560 6470 7010
1490 1195 580 1520 1645 560 6460 6990
1490 1200 580 1515 1640 560 6450 6985
1490 1200 580 1510 1640 560 6440 6980
1490 1200 575 1510 1635 560 6440 6970
1490 1205 580 1510 1635 560 6440 6980
1490 1205 580 1510 1635 560 6440 6980
1490 1205 580 1520 1635 560 6450 6990
1485 1205 580 1515 1635 560 6440 6980
1485 1205 575 1500 1645 560 6435 6970
1485 1205 570 1505 1645 560 6435 6970
1485 1205 570 1510 1645 555 6435 6970
1485 1205 570 1510 1645 550 6430 6965
1485 1205 570 1510 1640 550 6420 6960
1485 1205 570 1505 1635 550 6415 6950
1485 1205 570 1500 1630 550 6415 6940
1485 1205 570 1500 1630 550 6405 6940
1480 1205 570 1500 1630 550 6395 6935
1480 1205 570 1505 1630 550 6390 6940
1480 1205 570 1505 1625 550 6390 6935
1480 1205 570 1510 1620 550 6395 6935
1480 1205 570 1510 1615 550 6395 6930
1475 1205 570 1510 1625 550 6405 6935
1475 1205 570 1510 1625 550 6405 6935
1470 1205 570 1510 1625 550 6405 6930
1460 1205 570 1510 1625 550 6410 6920
1460 1205 570 1510 1625 545 6420 6915
1450 1205 570 1510 1625 540 6405 6900
1440 1205 570 1520 1625 545 6395 6905
1425 1205 570 1520 1625 550 6380 6895
1410 1205 570 1520 1625 550 6360 6880
1405 1205 570 1520 1625 550 6360 6875
1395 1205 570 1525 1630 550 6355 6875
1380 1205 570 1530 1635 550 6345 6870
1380 1205 570 1535 1635 550 6350 6875
1380 1205 570 1540 1635 550 6360 6880
1380 1205 565 1540 1635 550 6350 6875
1380 1205 565 1540 1635 550 6350 6875
1380 1205 565 1540 1635 550 6360 6875
1380 1205 565 1540 1635 550 6365 6875
1380 1205 565 1540 1635 550 6375 6875
1380 1205 570 1540 1645 550 6385 6890
1380 1205 565 1535 1645 545 6385 6875
1380 1205 555 1535 1645 540 6385 6860
1380 1205 555 1530 1645 540 6385 6855
1380 1205 550 1525 1645 540 6380 6845
1380 1205 550 1525 1645 540 6380 6845
1380 1205 550 1530 1645 540 6390 6850
1380 1205 550 1530 1655 540 6395 6860
1380 1205 550 1535 1655 540 6400 6865
1380 1205 550 1540 1655 540 6405 6870
1380 1205 550 1540 1650 540 6405 6865
1380 1205 550 1540 1645 540 6405 6860
1380 1205 550 1540 1645 540 6410 6860
1380 1205 550 1545 1655 540 6425 6875
1380 1205 550 1555 1655 540 6435 6885
1380 1205 550 1560 1655 540 6440 6890
1380 1205 550 1560 1655 540 6440 6890
1380 1205 550 1560 1655 540 6440 6890
1380 1205 550 1560 1665 540 6450 6900
1380 1205 550 1560 1665 540 6450 6900
1380 1205 550 1560 1665 540 6440 6900
1380 1205 555 1560 1665 540 6440 6905
1380 1205 555 1560 1670 540 6450 6910
1380 1205 555 1560 1670 540 6445 6910
1385 1205 560 1560 1670 540 6440 6920
1395 1205 560 1565 1680 535 6445 6940
1395 1205 555 1570 1680 525 6445 6930
1400 1205 550 1580 1690 520 6450 6945
1400 1205 550 1580 1700 520 6460 6955
1400 1205 550 1580 1705 525 6460 6965
1400 1205 550 1580 1700 530 6455 6965
1400 1205 550 1580 1700 530 6450 6965
1405 1205 550 1575 1700 530 6450 6965
1405 1205 550 1575 1700 530 6450 6965
1410 1205 550 1570 1700 530 6455 6965
1415 1205 550 1575 1700 530 6460 6975
1415 1205 550 1575 1700 530 6460 6975
1420 1205 550 1580 1700 530 6460 6985
1420 1205 550 1580 1695 530 6460 6980
1425 1205 550 1580 1690 535 6460 6985
1425 1205 555 1580 1690 540 6465 6995
1430 1205 555 1580 1690 540 6460 7000
1430 1205 560 1580 1690 540 6450 7005
1435 1205 560 1575 1690 540 6440 7005
1435 1205 560 1575 1690 540 6440 7005
1435 1205 560 1570 1685 535 6435 6990
1440 1205 560 1570 1680 530 6440 6985
1440 1205 560 1570 1680 530 6440 6985
1445 1205 560 1575 1680 530 6445 6995
1445 1205 560 1575 1680 530 6440 6995
1445 1205 560 1575 1680 530 6440 6995
1445 1205 560 1570 1680 530 6435 6990
1445 1205 560 1570 1680 530 6430 6990
1455 1205 560 1570 1680 530 6430 7000
1455 1205 560 1565 1680 530 6430 6995
1460 1205 560 1560 1680 530 6430 6995
1460 1205 560 1560 1680 530 6425 6995
1460 1205 560 1565 1680 530 6430 7000
1460 1205 560 1565 1680 530 6430 7000
1460 1205 560 1565 1680 530 6430 7000
1460 1205 555 1575 1680 530 6435 7005
1465 1205 555 1580 1680 530 6440 7015
1465 1205 550 1580 1680 530 6440 7010
1465 1205 550 1580 1680 530 6435 7010
1470 1205 550 1580 1680 530 6440 7015
1465 1200 550 1580 1670 530 6435 6995
1465 1200 550 1580 1670 530 6430 6995
1460 1195 550 1575 1670 530 6425 6980
1460 1195 550 1570 1670 530 6425 6975
1460 1195 550 1570 1670 530 6425 6975
1465 1195 550 1565 1670 530 6425 6975
1465 1195 550 1555 1665 530 6420 6960
1465 1195 550 1550 1660 530 6420 6950
1465 1195 550 1550 1660 530 6420 6950
1470 1195 550 1550 1660 530 6425 6955
1470 1195 550 1550 1660 530 6425 6955
1470 1195 555 1550 1660 530 6430 6960
1470 1195 560 1550 1660 530 6430 6965
1470 1195 560 1550 1660 525 6435 6960
1470 1195 560 1545 1660 520 6430 6950
1470 1195 560 1535 1660 520 6420 6940
1470 1195 560 1530 1660 520 6415 6935
1475 1195 560 1530 1660 520 6420 6940
1475 1195 560 1525 1660 520 6415 6935
1475 1195 560 1520 1660 520 6410 6930
1480 1195 560 1520 1660 515 6415 6930
1480 1195 560 1520 1660 510 6415 6925
1480 1195 560 1520 1660 510 6410 6925
1480 1195 560 1520 1660 510 6405 6925
1480 1195 560 1520 1660 510 6410 6925
1475 1195 560 1520 1655 510 6415 6915
1475 1195 560 1520 1650 510 6405 6910
1475 1195 560 1520 1650 510 6415 6910
1475 1195 560 1525 1650 510 6415 6915
1475 1195 560 1525 1650 510 6420 6915
1475 1195 560 1530 1650 510 6425 6920
1480 1195 560 1530 1650 515 6430 6930
1480 1195 560 1530 1650 515 6430 6930
1480 1200 560 1530 1650 525 6430 6945
1480 1205 560 1530 1650 530 6430 6955
1485 1205 560 1530 1650 530 6435 6960
1485 1205 565 1525 1650 530 6435 6960
1480 1205 565 1525 1650 530 6440 6955
1480 1205 570 1520 1650 535 6445 6960
1475 1205 570 1520 1650 535 6440 6955
1475 1205 570 1520 1650 540 6440 6960
1475 1205 570 1520 1650 540 6435 6960
1475 1205 570 1520 1650 540 6435 6960
1475 1205 570 1520 1650 540 6435 6960
1475 1210 570 1520 1650 545 6435 6970
1475 1215 570 1520 1650 550 6435 6980
1475 1215 565 1520 1650 550 6430 6975
1475 1215 565 1515 1650 550 6435 6970
1475 1215 560 1520 1650 550 6425 6970
1480 1215 560 1515 1650 550 6420 6970
1475 1210 560 1520 1650 550 6420 6965
1470 1205 560 1520 1650 550 6415 6955
1465 1205 560 1520 1640 550 6405 6940
1465 1205 560 1520 1640 550 6400 6940
1465 1205 560 1525 1640 550 6405 6945
1470 1205 560 1525 1640 550 6410 6950
1470 1205 560 1530 1640 550 6415 6955
1470 1205 560 1530 1640 550 6415 6955
1470 1205 560 1530 1640 550 6415 6955
1470 1205 560 1530 1640 550 6415 6955
1470 1205 560 1530 1640 550 6420 6955
1470 1205 560 1530 1640 550 6420 6955
1470 1205 560 1530 1640 550 6420 6955
1470 1205 560 1530 1640 550 6420 6955
1465 1205 560 1530 1645 550 6420 6955
1465 1205 560 1530 1645 550 6420 6955
1465 1205 560 1530 1645 545 6430 6950
1465 1205 560 1530 1645 540 6425 6945
1465 1205 560 1530 1645 540 6425 6945
1470 1205 560 1530 1645 540 6425 6950
1470 1205 560 1530 1650 540 6430 6955
1470 1205 560 1530 1650 540 6430 6955
1470 1205 560 1530 1650 540 6435 6955
1470 1205 555 1530 1650 535 6435 6945
1470 1205 555 1535 1650 535 6440 6950
1470 1205 550 1535 1650 530 6440 6940
1470 1205 550 1540 1650 530 6445 6945
1475 1205 550 1540 1650 530 6450 6950
1475 1205 550 1545 1650 530 6455 6955
1475 1205 550 1545 1650 530 6455 6955
1475 1205 550 1550 1640 530 6455 6950
1475 1205 550 1550 1640 530 6450 6950
1475 1205 550 1550 1640 530 6450 6950
1475 1205 550 1550 1640 530 6450 6950
1475 1205 550 1550 1640 530 6445 6950
1475 1205 550 1545 1640 530 6445 6945
1480 1205 550 1545 1640 530 6450 6950
1480 1205 550 1540 1640 530 6450 6945
1480 1205 550 1545 1640 530 6465 6950
1480 1205 550 1545 1640 530 6465 6950
1480 1205 550 1550 1640 530 6470 6955
1480 1205 545 1550 1640 530 6475 6950
1480 1210 550 1550 1640 530 6475 6960
1480 1210 550 1555 1640 530 6480 6965
1480 1215 550 1550 1640 530 6480 6965
1480 1215 550 1555 1640 530 6485 6970
1480 1215 550 1550 1640 530 6485 6965
1480 1215 550 1555 1640 530 6490 6970
1480 1215 545 1560 1640 525 6500 6965
1480 1215 545 1565 1640 525 6505 6970
1475 1215 540 1565 1635 515 6525 6945
1475 1215 540 1565 1635 520 6525 6950
1470 1215 540 1560 1635 520 6530 6940
1470 1215 540 1560 1635 520 6540 6940
1470 1215 545 1560 1635 520 6530 6945
1470 1215 545 1560 1635 520 6530 6945
1475 1215 545 1560 1640 520 6525 6955
1475 1215 550 1560 1640 520 6525 6960
1475 1215 550 1560 1640 520 6525 6960
1475 1215 550 1560 1645 520 6530 6965
1475 1215 550 1560 1645 520 6530 6965
1475 1215 550 1560 1635 520 6520 6955
1475 1215 550 1560 1635 520 6520 6955
1475 1215 550 1560 1635 520 6520 6955
1475 1215 550 1560 1635 520 6525 6955
1480 1215 550 1565 1635 525 6530 6970
1480 1215 550 1565 1635 525 6535 6970
1480 1215 550 1570 1635 530 6535 6980
1480 1215 550 1570 1635 530 6535 6980
1480 1215 550 1570 1635 530 6535 6980
1480 1215 550 1570 1635 530 6530 6980
1485 1215 550 1570 1635 530 6535 6985
1485 1215 550 1570 1635 530 6535 6985
1485 1215 550 1570 1635 530 6535 6985
1490 1215 550 1570 1635 530 6540 6990
1490 1215 550 1570 1635 530 6545 6990
1490 1215 550 1570 1635 530 6550 6990
1490 1215 550 1570 1635 530 6550 6990
1490 1215 545 1570 1635 530 6550 6985
1485 1215 545 1570 1635 535 6545 6985
1485 1215 545 1570 1635 535 6545 6985
1485 1215 545 1570 1640 540 6545 6995
1485 1215 540 1565 1640 540 6545 6985
1485 1215 540 1565 1645 540 6545 6990
1485 1215 540 1560 1645 540 6540 6985
1485 1215 535 1560 1645 540 6540 6980
1485 1215 535 1560 1645 540 6535 6980
1485 1215 530 1560 1645 540 6535 6975
1485 1215 530 1560 1645 540 6535 6975
1485 1215 530 1560 1645 540 6535 6975
1485 1215 530 1560 1645 540 6535 6975
1485 1215 530 1560 1645 540 6535 6975
1485 1215 530 1560 1645 540 6535 6975
1485 1215 530 1560 1645 540 6535 6975
1480 1215 530 1560 1645 540 6535 6970
1480 1215 530 1560 1645 540 6535 6970
1475 1215 530 1560 1640 540 6535 6960
1475 1215 530 1560 1635 540 6525 6955
1480 1215 530 1560 1635 540 6530 6960
1480 1215 530 1560 1640 540 6530 6965
1485 1215 530 1565 1645 540 6535 6980
1485 1215 530 1565 1645 540 6535 6980
1485 1215 530 1565 1645 540 6535 6980
1485 1215 530 1570 1645 540 6535 6985
1485 1215 530 1570 1645 540 6535 6985
1485 1215 530 1570 1645 540 6535 6985
1480 1215 530 1570 1645 540 6530 6980
1480 1215 530 1570 1645 540 6530 6980
1480 1215 530 1570 1645 540 6530 6980
1480 1215 530 1570 1650 540 6535 6985
1475 1215 530 1570 1655 540 6530 6985
1475 1215 530 1570 1655 540 6530 6985
1475 1215 535 1570 1655 540 6535 6990
1475 1215 535 1570 1655 540 6545 6990
1475 1215 535 1565 1655 540 6540 6985
1475 1215 540 1565 1660 540 6540 6995
1475 1215 540 1560 1665 540 6540 6995
1475 1215 540 1560 1665 540 6535 6995
1475 1215 540 1560 1665 540 6535 6995
1475 1215 540 1560 1665 540 6535 6995
1475 1215 540 1560 1665 540 6535 6995
1475 1215 540 1560 1665 540 6540 6995
1480 1215 540 1560 1665 540 6540 7000
1480 1215 540 1560 1665 540 6540 7000
1480 1215 540 1560 1665 540 6540 7000
1475 1215 540 1560 1670 545 6540 7005
1475 1215 540 1560 1675 545 6545 7010
1475 1215 540 1560 1675 550 6545 7015
1485 1215 540 1560 1675 550 6555 7025
1485 1215 540 1560 1675 550 6555 7025
1485 1215 540 1560 1675 550 6555 7025
1485 1215 540 1560 1675 545 6555 7020
1485 1215 540 1560 1675 545 6555 7020
1485 1210 540 1555 1675 540 6555 7005
1485 1210 540 1555 1675 540 6560 7005
1485 1210 540 1555 1675 540 6560 7005
1485 1210 540 1555 1675 540 6560 7005
1485 1205 540 1550 1675 540 6560 6995
1485 1205 540 1550 1675 540 6560 6995
1485 1215 540 1550 1670 540 6550 7000
1485 1215 540 1550 1665 540 6545 6995
1485 1215 540 1550 1665 540 6555 6995
1485 1215 540 1545 1665 540 6550 6990
1485 1215 540 1545 1665 540 6550 6990
1485 1225 540 1540 1665 540 6545 6995
1490 1225 540 1545 1665 540 6545 7005
1485 1225 540 1545 1665 540 6540 7000
1485 1225 540 1545 1665 540 6540 7000
1490 1225 540 1550 1665 540 6540 7010
1490 1225 540 1550 1665 540 6540 7010
1485 1225 540 1550 1665 540 6535 7005
1485 1225 540 1545 1665 540 6530 7000
1485 1235 540 1545 1665 540 6530 7010
1485 1235 540 1545 1665 540 6530 7010
1480 1235 540 1545 1665 540 6540 7005
1480 1235 540 1545 1665 540 6535 7005
1475 1235 540 1545 1665 540 6535 7000
1475 1245 540 1545 1665 540 6530 7010
1475 1245 540 1550 1665 540 6530 7015
1475 1245 540 1550 1665 540 6530 7015
1475 1245 540 1550 1665 540 6540 7015
1480 1255 540 1555 1665 540 6545 7035
1480 1255 540 1555 1665 540 6555 7035
1480 1275 540 1555 1665 540 6560 7055
1485 1290 540 1565 1665 535 6565 7080
1485 1290 545 1565 1665 535 6565 7085
1485 1290 545 1560 1665 535 6560 7080
1485 1290 545 1560 1665 530 6560 7075
1485 1290 550 1555 1665 530 6555 7075
1485 1290 550 1555 1665 530 6550 7075
1485 1290 550 1555 1665 530 6555 7075
1485 1290 550 1555 1665 530 6555 7075
1485 1290 550 1555 1665 530 6550 7075
1485 1290 550 1555 1665 530 6555 7075
1480 1290 550 1555 1665 530 6555 7070
1485 1290 550 1550 1670 530 6550 7075
1490 1290 550 1550 1675 530 6550 7085
1490 1290 550 1550 1675 530 6555 7085
1490 1290 545 1550 1675 530 6555 7080
1495 1290 545 1550 1675 530 6560 7085
1495 1290 545 1550 1675 530 6560 7085
1500 1290 545 1550 1675 535 6560 7095
1500 1290 540 1550 1675 535 6560 7090
1500 1290 540 1550 1675 540 6560 7095
1505 1290 540 1555 1675 540 6560 7105
1505 1290 540 1555 1675 540 6560 7105
1510 1290 540 1555 1675 540 6555 7110
1510 1290 540 1555 1675 540 6555 7110
1515 1290 540 1555 1680 540 6555 7120
1515 1290 540 1550 1680 540 6550 7115
1510 1290 540 1550 1680 540 6545 7110
1510 1290 540 1550 1680 540 6545 7110
1510 1290 540 1550 1680 540 6545 7110
1505 1290 540 1550 1680 540 6540 7105
1505 1290 540 1550 1680 540 6540 7105
1505 1290 540 1550 1680 540 6540 7105
1505 1290 540 1550 1680 540 6540 7105
1505 1290 540 1550 1680 540 6540 7105
1505 1290 540 1550 1680 540 6540 7105
1505 1290 540 1550 1675 540 6535 7100
1505 1290 540 1550 1670 540 6530 7095
1505 1290 540 1550 1670 540 6530 7095
1505 1290 540 1545 1670 540 6525 7090
1500 1290 540 1545 1670 540 6515 7085
1500 1290 540 1545 1670 540 6515 7085
1500 1290 540 1540 1670 540 6510 7080
1500 1290 540 1540 1670 540 6500 7080
1500 1290 540 1540 1670 540 6505 7080
1500 1290 540 1540 1670 540 6505 7080
1495 1290 540 1545 1670 540 6510 7080
1495 1290 540 1545 1670 540 6515 7080
1505 1290 545 1545 1670 540 6515 7095
1505 1290 545 1550 1670 540 6520 7100
1505 1290 545 1550 1670 540 6520 7100
1505 1290 545 1550 1670 540 6520 7100
1505 1290 545 1545 1670 540 6515 7095
1505 1290 545 1545 1670 540 6515 7095
1505 1290 545 1540 1670 540 6510 7090
1505 1290 545 1540 1670 540 6505 7090
1510 1290 545 1535 1670 540 6505 7090
1510 1290 545 1535 1670 540 6505 7090
1510 1290 545 1535 1670 535 6500 7085
1505 1285 545 1535 1670 535 6500 7075
1505 1285 545 1535 1670 530 6500 7070
1505 1280 545 1535 1670 530 6500 7065
1505 1280 545 1530 1670 530 6495 7060
1510 1280 550 1530 1670 530 6495 7070
1515 1280 550 1525 1670 530 6490 7070
1515 1280 550 1525 1670 530 6490 7070
1520 1280 550 1515 1670 530 6485 7065
1520 1280 550 1510 1670 530 6480 7060
1520 1280 550 1510 1670 530 6480 7060
1520 1280 550 1510 1670 530 6480 7060
1515 1275 550 1510 1670 530 6480 7050
1515 1275 550 1510 1670 530 6480 7050
1515 1275 550 1505 1670 530 6475 7045
1510 1270 550 1500 1670 530 6465 7030
1510 1270 555 1500 1670 530 6465 7035
1505 1270 555 1500 1670 530 6460 7030
1505 1270 555 1500 1670 530 6455 7030
1505 1270 555 1500 1670 530 6455 7030
1505 1270 560 1500 1670 530 6455 7035
1500 1270 560 1500 1670 530 6450 7030
1500 1270 560 1500 1670 530 6450 7030
1500 1270 560 1500 1670 530 6450 7030
1500 1270 560 1500 1670 530 6450 7030
1500 1270 560 1500 1670 530 6450 7030
1500 1270 560 1500 1670 530 6450 7030
1500 1270 560 1500 1670 530 6450 7030
1500 1270 560 1500 1670 530 6450 7030
1500 1270 560 1500 1670 530 6450 7030
1500 1270 560 1500 1670 530 6450 7030
1500 1270 560 1500 1670 530 6455 7030
1500 1270 560 1500 1670 530 6455 7030
1500 1270 560 1500 1670 530 6455 7030
1500 1270 560 1500 1670 530 6455 7030
1500 1270 560 1510 1670 530 6460 7040
1500 1270 560 1510 1670 530 6460 7040
1500 1270 560 1510 1670 530 6460 7040
1500 1270 555 1515 1670 530 6470 7040
1500 1270 555 1515 1670 530 6470 7040
1500 1270 555 1520 1670 530 6470 7045
1500 1270 555 1520 1670 530 6470 7045
1500 1270 550 1520 1670 530 6465 7040
1500 1270 550 1520 1670 530 6465 7040
1500 1270 550 1525 1670 535 6465 7050
1500 1270 550 1525 1670 535 6470 7050
1500 1270 550 1525 1670 535 6465 7050
1500 1270 550 1525 1670 535 6465 7050
1500 1270 550 1530 1670 540 6470 7060
1500 1270 550 1530 1670 540 6470 7060
1500 1270 550 1530 1670 540 6470 7060
1500 1270 550 1530 1670 540 6470 7060
1500 1270 550 1530 1670 540 6470 7060
1500 1270 550 1530 1670 540 6470 7060
1500 1270 550 1530 1670 540 6470 7060
1500 1270 550 1530 1670 540 6470 7060
1500 1270 550 1530 1670 540 6470 7060
1505 1270 550 1530 1670 540 6475 7065
1505 1270 550 1530 1670 540 6475 7065
1505 1270 550 1530 1670 540 6480 7065
1505 1270 550 1530 1670 540 6485 7065
1510 1270 550 1530 1670 540 6485 7070
1510 1270 550 1535 1670 545 6485 7080
1515 1270 550 1535 1670 545 6495 7085
1515 1270 550 1535 1670 545 6495 7085
1520 1270 550 1535 1670 545 6495 7090
1520 1270 550 1535 1670 545 6495 7090
1520 1270 550 1540 1670 550 6495 7100
1520 1270 550 1540 1670 550 6490 7100
1520 1270 550 1545 1670 555 6490 7110
1520 1270 550 1545 1670 555 6490 7110
1520 1270 550 1545 1670 555 6485 7110
1520 1270 550 1545 1670 560 6485 7115
1520 1270 550 1545 1670 560 6485 7115
1520 1270 550 1545 1670 560 6485 7115
1520 1270 550 1545 1670 560 6480 7115
1520 1270 550 1545 1670 560 6480 7115
1520 1270 550 1550 1670 560 6480 7120
1520 1270 555 1550 1670 560 6480 7125
1520 1270 555 1550 1670 560 6480 7125
1520 1270 555 1555 1670 560 6485 7130
1520 1270 555 1555 1670 560 6485 7130
1520 1270 555 1555 1670 555 6485 7125
1515 1270 560 1560 1670 555 6485 7130
1515 1270 560 1560 1670 555 6485 7130
1515 1270 560 1560 1670 555 6485 7130
1515 1270 560 1560 1670 550 6485 7125
1515 1270 560 1555 1670 550 6485 7120
1515 1270 560 1555 1670 550 6485 7120
1510 1270 560 1555 1670 550 6480 7115
1510 1270 560 1555 1670 550 6480 7115
1510 1270 560 1550 1670 550 6480 7110
1505 1270 560 1550 1670 550 6475 7105
1505 1270 560 1550 1670 550 6480 7105
1500 1270 560 1550 1670 550 6475 7100
1500 1270 560 1550 1670 550 6480 7100
1500 1270 560 1550 1670 550 6480 7100
1500 1270 555 1550 1670 545 6480 7090
1500 1270 555 1550 1670 545 6480 7090
1500 1270 555 1550 1670 545 6485 7090
1505 1270 560 1555 1670 545 6485 7105
1505 1270 555 1555 1670 540 6485 7095
1505 1270 555 1555 1670 540 6480 7095
1505 1270 555 1555 1670 540 6480 7095
1505 1270 555 1555 1670 540 6480 7095
1505 1270 550 1555 1665 540 6480 7085
1505 1270 550 1555 1665 540 6475 7085
1510 1270 555 1555 1665 540 6475 7095
1510 1270 550 1555 1660 540 6480 7085
1510 1270 550 1555 1660 540 6480 7085
1510 1270 550 1555 1660 540 6480 7085
1510 1270 550 1555 1660 540 6480 7085
1510 1270 550 1555 1660 540 6480 7085
1510 1270 550 1555 1660 540 6480 7085
1510 1270 550 1555 1660 540 6480 7085
1510 1270 550 1560 1660 540 6480 7090
1510 1270 545 1560 1660 540 6480 7085
1510 1270 545 1560 1660 540 6480 7085
1510 1270 545 1560 1660 540 6480 7085
1510 1270 545 1560 1660 540 6480 7085
1510 1270 545 1560 1660 540 6480 7085
1510 1270 540 1560 1660 540 6480 7080
1510 1270 540 1560 1660 540 6480 7080
1510 1270 540 1560 1660 540 6480 7080
1510 1270 540 1560 1660 540 6480 7080
1510 1270 540 1560 1660 540 6480 7080
1510 1270 540 1565 1660 540 6485 7085
1510 1270 540 1565 1660 540 6485 7085
1510 1270 540 1565 1660 540 6485 7085
1510 1270 540 1565 1660 540 6480 7085
1510 1270 540 1570 1660 540 6485 7090
1510 1270 540 1570 1660 540 6485 7090
1510 1270 540 1570 1660 540 6485 7090
1510 1270 540 1570 1660 540 6480 7090
1510 1270 540 1570 1660 540 6480 7090
1510 1270 540 1570 1660 540 6480 7090
1510 1270 540 1570 1660 540 6480 7090
1510 1270 540 1570 1660 540 6480 7090
1510 1270 540 1570 1660 540 6480 7090
1510 1270 540 1570 1660 540 6480 7090
1510 1270 540 1570 1660 540 6480 7090
1510 1270 540 1570 1660 540 6480 7090
1510 1270 540 1570 1660 540 6480 7090
1510 1270 540 1570 1660 540 6480 7090
1510 1270 540 1570 1660 540 6480 7090
1510 1270 540 1570 1660 540 6480 7090
1510 1270 540 1570 1660 540 6480 7090
1510 1270 540 1570 1660 540 6480 7090
1510 1270 540 1570 1660 540 6480 7090
1515 1270 540 1570 1660 540 6480 7095
1515 1270 540 1570 1660 540 6480 7095
1515 1270 540 1570 1660 540 6480 7095
1515 1270 540 1570 1660 540 6480 7095
1515 1270 540 1570 1660 540 6480 7095
1515 1270 540 1570 1655 540 6480 7090
1510 1270 540 1570 1655 545 6480 7090
1510 1270 540 1570 1655 545 6480 7090
1510 1270 540 1570 1655 545 6480 7090
1510 1270 540 1570 1655 545 6480 7090
1510 1270 540 1570 1655 550 6480 7095
1505 1270 540 1570 1655 550 6480 7090
1505 1270 540 1570 1655 550 6485 7090
1505 1270 540 1570 1655 550 6485 7090
1505 1270 540 1570 1655 550 6485 7090
1505 1270 540 1570 1655 550 6485 7090
1505 1270 540 1570 1655 550 6485 7090
1505 1270 540 1570 1655 550 6485 7090
1505 1270 540 1565 1655 550 6490 7085
1505 1270 540 1565 1655 550 6490 7085
1505 1270 540 1565 1655 550 6490 7085
1505 1270 540 1565 1660 550 6495 7090
1505 1270 540 1560 1665 550 6500 7090
1505 1270 540 1560 1665 550 6500 7090
1505 1270 540 1560 1665 550 6500 7090
1505 1270 540 1560 1665 550 6500 7090
1505 1270 540 1565 1665 550 6505 7095
1505 1270 540 1565 1665 550 6505 7095
1505 1270 540 1565 1665 550 6505 7095
1505 1270 540 1565 1665 550 6505 7095
1505 1270 540 1565 1665 550 6505 7095
1505 1270 540 1570 1665 550 6510 7100
1505 1270 540 1570 1665 550 6505 7100
1505 1270 540 1570 1665 550 6505 7100
1505 1270 540 1570 1665 550 6505 7100
1505 1270 540 1570 1665 550 6505 7100
1505 1270 540 1570 1665 550 6500 7100
1505 1270 540 1570 1665 550 6500 7100
1505 1270 540 1570 1665 550 6500 7100
1505 1270 540 1570 1665 550 6500 7100
1505 1270 540 1570 1665 550 6500 7100
1505 1270 540 1570 1665 550 6500 7100
1500 1270 540 1570 1660 550 6500 7090
1500 1270 540 1570 1660 550 6500 7090
1500 1270 540 1570 1660 550 6500 7090
1500 1270 540 1570 1660 550 6505 7090
1500 1270 540 1570 1660 550 6505 7090
1500 1270 540 1570 1660 550 6505 7090
1500 1270 540 1570 1660 550 6505 7090
1500 1270 540 1570 1660 550 6505 7090
1500 1270 540 1570 1660 555 6510 7095
1500 1270 540 1570 1660 555 6510 7095
1500 1270 535 1570 1660 555 6510 7090
1500 1270 535 1570 1660 555 6510 7090
1500 1270 540 1570 1660 555 6510 7095
1500 1270 540 1570 1660 560 6510 7100
1500 1270 540 1570 1660 560 6510 7100
1500 1270 535 1570 1660 560 6510 7095
1500 1270 535 1570 1660 560 6510 7095
1500 1270 535 1570 1660 560 6510 7095
1500 1270 540 1570 1660 560 6510 7100
1500 1270 540 1570 1660 560 6510 7100
1500 1270 540 1570 1660 560 6510 7100
1505 1270 540 1570 1660 560 6515 7105
1505 1270 540 1570 1660 560 6515 7105
1505 1270 540 1570 1660 560 6515 7105
1505 1270 540 1570 1660 560 6515 7105
1505 1270 540 1570 1660 560 6515 7105
1505 1270 535 1570 1655 560 6515 7095
1505 1270 535 1570 1655 560 6515 7095
1505 1270 535 1570 1655 560 6515 7095
1505 1270 535 1570 1655 560 6515 7095
1505 1270 535 1570 1655 560 6515 7095
1505 1270 535 1570 1655 560 6515 7095
1505 1270 535 1570 1655 560 6515 7095
1505 1270 530 1570 1650 560 6515 7085
1505 1270 530 1570 1650 560 6515 7085
1510 1270 530 1570 1650 560 6520 7090
1510 1270 530 1570 1650 560 6520 7090
1505 1270 530 1570 1650 560 6515 7085
1505 1270 530 1570 1650 560 6515 7085
1505 1270 530 1570 1650 560 6515 7085
1510 1270 530 1570 1650 560 6515 7090
1510 1270 530 1575 1650 560 6520 7095
1510 1270 530 1575 1650 560 6520 7095
1510 1270 530 1575 1650 555 6520 7090
1510 1270 530 1575 1650 555 6520 7090
1510 1270 530 1575 1650 555 6515 7090
1510 1270 530 1575 1650 555 6515 7090
1510 1270 530 1580 1650 555 6520 7095
1505 1270 530 1580 1650 550 6515 7085
1505 1270 530 1580 1650 550 6510 7085
1505 1270 530 1580 1655 550 6515 7090
1505 1270 530 1580 1660 550 6515 7095
1505 1270 530 1580 1660 550 6515 7095
1505 1270 530 1580 1660 550 6515 7095
1505 1270 530 1575 1660 550 6510 7090
1505 1270 530 1575 1660 550 6510 7090
1505 1270 530 1575 1660 550 6505 7090
1505 1270 530 1575 1660 550 6505 7090
1505 1270 530 1575 1660 550 6505 7090
1505 1270 530 1575 1660 550 6505 7090
1505 1270 530 1570 1660 550 6505 7085
1505 1270 530 1570 1660 550 6500 7085
1505 1270 530 1570 1660 550 6500 7085
1505 1270 530 1570 1660 550 6500 7085
1510 1270 530 1575 1660 550 6500 7095
1510 1270 530 1575 1660 550 6500 7095
1510 1270 530 1575 1660 550 6500 7095
1510 1270 530 1575 1660 550 6500 7095
1510 1270 530 1575 1660 550 6500 7095
1510 1270 530 1575 1660 550 6500 7095
1515 1270 530 1580 1660 550 6500 7105
1520 1270 530 1580 1660 550 6500 7110
1520 1270 530 1580 1660 550 6500 7110
1520 1270 530 1580 1660 550 6500 7110
1520 1270 525 1580 1660 545 6500 7100
1520 1270 525 1580 1660 545 6500 7100
1520 1270 525 1580 1660 545 6500 7100
1520 1270 525 1580 1660 545 6500 7100
1520 1270 525 1580 1660 545 6500 7100
