# Step gr0 gr1 gr2 gr3 
500 45675 103175 43825 23000
600 45575 103175 43775 23000
700 45575 103200 43725 22950
800 45600 103275 43725 22975
900 45625 103275 43725 22975
1000 45600 103350 43825 22975
1100 45625 103350 43825 23025
1200 45625 103400 43775 23075
1300 45625 103450 43775 23075
1400 45625 103475 43775 23100
1500 45575 103500 43825 23125
1600 45625 103525 43825 23125
1700 45575 103500 43825 23125
1800 45600 103650 43825 23150
1900 45650 103700 43875 23175
2000 45625 103675 43925 23175
2100 45650 103700 43875 23125
2200 45600 103725 43875 23150
2300 45550 103750 43875 23150
2400 45425 103850 43875 23175
2500 45500 103850 43875 23175
2600 45500 103825 43925 23175
2700 45475 103900 43875 23200
2800 45500 103925 43875 23200
2900 45425 103875 43875 23225
3000 45400 103800 43925 23275
3100 45425 103750 43875 23275
3200 45425 103750 43925 23300
3300 45450 103825 43975 23375
3400 45375 103975 43975 23375
3500 45400 104075 43975 23300
3600 45375 104150 44025 23300
3700 45375 104150 44025 23300
3800 45325 104125 44025 23375
3900 45325 104175 43975 23375
4000 45350 104200 43925 23375
4100 45400 104175 43925 23400
4200 45400 104225 43975 23350
4300 45425 104300 43975 23350
4400 45450 104325 43975 23375
4500 45375 104350 43975 23425
4600 45375 104350 43925 23375
4700 45375 104325 43875 23350
4800 45325 104400 43975 23350
4900 45300 104375 44025 23350
5000 45250 104375 44025 23350
5100 45200 104375 44075 23375
5200 45200 104400 44075 23375
5300 45125 104475 44075 23425
5400 45125 104475 44075 23425
5500 45125 104400 44075 23450
5600 45125 104425 44075 23450
5700 45100 104425 44025 23450
5800 45075 104425 44025 23475
5900 45075 104450 43975 23475
6000 45075 104475 44000 23475
6100 45050 104575 44175 23450
6200 44975 104600 44175 23475
6300 44925 104600 44175 23500
6400 44975 104675 44175 23500
6500 45000 104675 44125 23500
6600 45050 104775 44175 23525
6700 45050 104825 44175 23525
6800 45125 104875 44175 23525
6900 45100 104875 44225 23525
7000 45100 104925 44225 23525
7100 45125 104950 44275 23600
7200 45125 105025 44300 23600
7300 45100 105050 44250 23600
7400 45075 105050 44250 23625
7500 45050 105025 44250 23625
7600 45025 105050 44250 23575
7700 45000 105075 44150 23575
7800 45000 105050 44150 23575
7900 45000 105025 44150 23575
8000 45000 105025 44200 23600
8100 44925 105075 44200 23650
8200 44900 105075 44200 23625
8300 44875 105100 44200 23625
8400 44850 105100 44150 23625
8500 44850 105150 44200 23625
8600 44850 105125 44200 23600
8700 44850 105150 44200 23525
8800 44825 105150 44150 23525
8900 44800 105275 44150 23550
9000 44800 105250 44150 23525
9100 44775 105275 44200 23550
9200 44775 105275 44200 23575
9300 44725 105300 44200 23550
9400 44750 105300 44200 23525
9500 44725 105350 44200 23525
9600 44750 105375 44200 23525
9700 44800 105375 44200 23525
9800 44850 105375 44150 23550
9900 44875 105375 44125 23550
10000 44850 105375 44100 23550
10100 44850 105375 44100 23575
10200 44850 105375 44100 23625
10300 44825 105375 44100 23625
10400 44800 105400 44100 23625
10500 44775 105425 44100 23625
10600 44725 105450 44150 23625
10700 44700 105550 44150 23650
10800 44650 105525 44200 23650
10900 44650 105525 44250 23650
11000 44650 105550 44250 23675
11100 44650 105600 44250 23675
11200 44650 105625 44250 23675
11300 44650 105700 44250 23625
11400 44650 105750 44250 23675
11500 44650 105750 44250 23675
11600 44625 105725 44250 23700
11700 44600 105750 44200 23700
11800 44600 105775 44150 23725
11900 44575 105800 44100 23725
12000 44575 105800 44100 23725
12100 44525 105800 44100 23725
12200 44525 105800 44100 23725
12300 44500 105775 44100 23700
12400 44475 105775 44075 23700
12500 44475 105800 44100 23675
12600 44400 105800 44050 23625
12700 44400 105825 44000 23575
12800 44425 105825 44000 23575
12900 44450 105850 44000 23600
13000 44400 105925 44000 23600
13100 44375 105975 44000 23625
13200 44375 105975 44000 23625
13300 44350 105925 44000 23625
13400 44350 105950 44050 23650
13500 44375 105975 44025 23675
13600 44350 106025 43950 23675
13700 44325 106025 43950 23725
13800 44325 105975 43950 23800
13900 44300 105975 44000 23800
14000 44275 106000 44000 23800
14100 44250 106100 44000 23800
14200 44250 106200 44000 23800
14300 44250 106200 44025 23800
14400 44250 106200 44050 23800
14500 44275 106250 44025 23800
14600 44275 106275 44000 23750
14700 44300 106275 44000 23750
14800 44300 106325 44000 23725
14900 44300 106325 44000 23700
15000 44300 106325 44000 23750
15100 44275 106325 44050 23750
15200 44250 106275 44050 23750
15300 44225 106275 44050 23750
15400 44225 106275 44050 23750
15500 44225 106275 44050 23750
15600 44200 106250 44025 23750
15700 44200 106275 43900 23750
15800 44200 106275 43850 23750
15900 44200 106275 43850 23750
16000 44200 106250 43825 23750
16100 44200 106275 43800 23800
16200 44175 106300 43800 23800
16300 44200 106275 43800 23800
16400 44200 106325 43800 23800
16500 44175 106375 43800 23800
16600 44175 106375 43800 23800
16700 44100 106375 43800 23800
16800 44075 106375 43800 23800
16900 44000 106375 43800 23800
17000 43975 106325 43800 23750
17100 43975 106325 43850 23725
17200 43975 106350 43850 23750
17300 43975 106400 43850 23750
17400 43975 106425 43900 23725
17500 43975 106450 43900 23700
17600 43975 106500 43900 23700
17700 43950 106575 43900 23700
17800 43925 106575 43900 23700
17900 43925 106625 43900 23700
18000 43900 106700 43900 23700
18100 43850 106750 43950 23700
18200 43850 106825 43950 23750
18300 43825 106875 43950 23750
18400 43775 106850 43950 23750
18500 43775 106850 43950 23750
18600 43775 106850 44000 23750
18700 43725 106800 44000 23750
18800 43725 106825 44025 23750
18900 43650 106925 44000 23750
19000 43625 106925 44000 23750
19100 43625 106950 44050 23800
19200 43600 106950 44050 23800
19300 43625 106950 44050 23800
19400 43600 106950 44050 23800
19500 43600 106975 44025 23800
19600 43600 106975 44000 23800
19700 43600 107000 44000 23800
19800 43600 107000 44000 23850
19900 43600 107000 43975 23850
20000 43600 106975 43975 23825
20100 43575 106975 43900 23800
20200 43575 106975 43900 23775
20300 43550 107000 43900 23800
20400 43550 107025 43900 23800
20500 43550 107050 43900 23800
20600 43550 107050 43900 23850
20700 43525 107075 43900 23875
20800 43525 107075 43900 23850
20900 43500 107100 43900 23825
21000 43475 107075 43900 23825
21100 43450 107075 43925 23775
21200 43425 107075 43950 23775
21300 43425 107075 43950 23775
21400 43425 107100 43950 23775
21500 43400 107075 43950 23750
21600 43400 107075 43950 23725
21700 43425 107100 43950 23725
21800 43450 107125 43900 23725
21900 43450 107150 43900 23725
22000 43450 107225 43900 23675
22100 43450 107250 43875 23675
22200 43450 107250 43850 23675
22300 43425 107250 43850 23675
22400 43425 107250 43875 23675
22500 43425 107275 43900 23675
22600 43400 107350 43900 23675
22700 43400 107400 43900 23675
22800 43400 107425 43850 23675
22900 43400 107375 43850 23675
23000 43400 107375 43850 23675
23100 43400 107375 43850 23675
23200 43400 107425 43900 23675
23300 43400 107375 43900 23675
23400 43400 107400 43900 23675
23500 43400 107425 43900 23675
23600 43400 107425 43900 23675
23700 43400 107400 43875 23675
23800 43400 107425 43850 23675
23900 43400 107425 43825 23675
24000 43400 107425 43800 23650
24100 43400 107450 43800 23625
24200 43400 107475 43800 23625
24300 43400 107475 43800 23625
24400 43375 107475 43700 23625
24500 43325 107475 43700 23625
24600 43250 107475 43700 23625
24700 43250 107475 43700 23625
24800 43225 107475 43700 23625
24900 43200 107475 43700 23625
25000 43200 107475 43700 23625
25100 43200 107475 43675 23625
25200 43175 107475 43650 23625
25300 43175 107500 43650 23625
25400 43175 107525 43650 23625
25500 43175 107525 43650 23625
25600 43175 107525 43650 23625
25700 43200 107425 43650 23650
25800 43175 107425 43650 23650
25900 43175 107450 43675 23650
26000 43150 107475 43700 23625
26100 43125 107425 43825 23600
26200 43100 107425 43850 23600
26300 43100 107450 43825 23525
26400 43100 107475 43800 23500
26500 43100 107500 43800 23525
26600 43100 107500 43800 23525
26700 43100 107525 43850 23525
26800 43075 107550 43850 23525
26900 43075 107550 43850 23525
27000 43075 107575 43850 23500
27100 43075 107575 43850 23500
27200 43075 107575 43950 23500
27300 43050 107575 43950 23500
27400 43075 107600 43950 23500
27500 43100 107600 43950 23500
27600 43150 107675 43975 23500
27700 43150 107675 44000 23500
27800 43150 107650 44000 23500
27900 43150 107650 44050 23500
28000 43150 107675 44075 23500
28100 43150 107675 44075 23500
28200 43150 107700 44075 23500
28300 43150 107675 44075 23500
28400 43150 107700 44075 23475
28500 43150 107750 44075 23450
28600 43125 107775 44075 23450
28700 43125 107775 44100 23450
28800 43125 107775 44125 23450
28900 43125 107775 44125 23450
29000 43100 107775 44125 23450
29100 43100 107775 44125 23400
29200 43100 107775 44100 23400
29300 43100 107800 44075 23400
29400 43100 107800 44075 23400
29500 43100 107825 44050 23375
29600 43100 107800 44050 23375
29700 43100 107775 44075 23375
29800 43100 107800 44075 23375
29900 43075 107825 44075 23375
30000 43075 107825 44075 23375
30100 43075 107850 44075 23375
30200 43075 107825 44075 23375
30300 43050 107800 44075 23400
30400 43050 107800 44075 23400
30500 43050 107800 44075 23400
30600 43050 107800 44075 23400
30700 43050 107775 44125 23400
30800 43075 107700 44125 23375
30900 43050 107725 44100 23350
31000 43050 107775 44075 23350
31100 43050 107775 44050 23375
31200 43025 107725 44025 23375
31300 43025 107725 44025 23375
31400 43025 107725 44025 23375
31500 43025 107675 44025 23375
31600 43025 107650 44000 23375
31700 43000 107600 43950 23375
31800 43000 107550 43925 23375
31900 43000 107550 43900 23375
32000 43000 107500 43900 23375
32100 43000 107500 43875 23375
32200 42975 107500 43875 23375
32300 42975 107500 43875 23375
32400 42975 107500 43875 23375
32500 42950 107500 43875 23375
32600 42925 107500 43875 23375
32700 42925 107500 43875 23375
32800 42925 107500 43875 23375
32900 42875 107525 43900 23375
33000 42850 107500 43925 23375
33100 42825 107500 43925 23375
33200 42800 107500 43925 23400
33300 42800 107500 43925 23375
33400 42800 107500 43950 23375
33500 42800 107525 43975 23325
33600 42800 107550 43975 23300
33700 42800 107575 43975 23300
33800 42800 107600 43975 23325
33900 42800 107600 43975 23325
34000 42800 107600 43975 23325
34100 42800 107600 43975 23325
34200 42775 107600 43975 23325
34300 42775 107625 43975 23325
34400 42750 107650 43975 23325
34500 42750 107675 43975 23325
34600 42750 107675 43975 23325
34700 42750 107675 43975 23325
34800 42750 107625 43975 23325
34900 42750 107625 43975 23325
35000 42750 107625 43975 23325
35100 42750 107625 43975 23325
35200 42750 107625 43950 23325
35300 42750 107625 43925 23325
35400 42750 107650 43925 23325
35500 42750 107700 43925 23325
35600 42750 107725 43950 23325
35700 42750 107750 43975 23325
35800 42750 107750 43975 23325
35900 42750 107750 43975 23325
36000 42750 107750 43975 23325
36100 42750 107750 43925 23325
36200 42750 107800 43925 23325
36300 42750 107825 43925 23325
36400 42750 107825 43925 23325
36500 42750 107825 43925 23325
36600 42775 107825 43925 23325
36700 42800 107825 43950 23325
36800 42800 107825 43975 23325
36900 42800 107825 43975 23325
37000 42800 107825 44000 23350
37100 42800 107850 44025 23350
37200 42800 107875 44025 23350
37300 42800 107875 44025 23350
37400 42800 107875 44025 23325
37500 42800 107875 44025 23325
37600 42775 107825 44025 23350
37700 42775 107825 44025 23350
37800 42750 107850 44025 23350
37900 42750 107850 44025 23325
38000 42750 107825 44025 23300
38100 42750 107850 44075 23300
38200 42750 107900 44075 23300
38300 42750 107975 44075 23300
38400 42750 108075 44075 23300
38500 42750 108100 44050 23300
38600 42750 108150 44025 23300
38700 42750 108200 44025 23300
38800 42750 108200 44000 23300
38900 42750 108200 43975 23275
39000 42750 108200 44025 23275
39100 42750 108200 44025 23275
39200 42750 108175 44025 23250
39300 42750 108175 44025 23225
39400 42750 108175 44025 23175
39500 42750 108125 44025 23175
39600 42750 108125 44025 23175
39700 42750 108125 44025 23175
39800 42750 108125 44025 23175
39900 42750 108150 44025 23175
40000 42750 108150 43975 23225
40100 42750 108150 43925 23225
40200 42750 108125 43925 23225
40300 42750 108125 43900 23225
40400 42750 108125 43875 23225
40500 42750 108125 43875 23225
40600 42750 108125 43875 23225
40700 42750 108100 43875 23225
40800 42750 108050 43850 23225
40900 42750 108050 43800 23225
41000 42750 108050 43775 23225
41100 42750 108050 43775 23225
41200 42750 108050 43775 23225
41300 42750 108000 43775 23225
41400 42750 108000 43775 23225
41500 42750 108000 43775 23275
41600 42750 108000 43775 23275
41700 42750 107950 43775 23275
41800 42775 107950 43775 23275
41900 42775 107950 43775 23300
42000 42800 107900 43775 23300
42100 42800 107900 43775 23300
42200 42825 107850 43800 23275
42300 42800 107800 43825 23275
42400 42775 107800 43825 23300
42500 42800 107800 43825 23300
42600 42800 107825 43825 23300
42700 42800 107825 43825 23300
42800 42800 107825 43825 23300
42900 42800 107825 43825 23275
43000 42800 107825 43825 23250
43100 42800 107825 43825 23250
43200 42800 107850 43825 23225
43300 42775 107875 43825 23225
43400 42775 107875 43825 23225
43500 42750 107875 43825 23225
43600 42775 107875 43825 23225
43700 42775 107875 43825 23275
43800 42800 107900 43825 23275
43900 42800 107900 43825 23275
44000 42800 107925 43825 23275
44100 42775 107925 43825 23275
44200 42775 107925 43825 23275
44300 42750 107925 43825 23275
44400 42750 107925 43850 23275
44500 42750 107925 43850 23275
44600 42750 107925 43875 23275
44700 42750 107950 43875 23275
44800 42725 107975 43875 23275
44900 42725 107975 43875 23275
45000 42700 108000 43875 23275
45100 42700 108025 43875 23275
45200 42700 108025 43850 23275
45300 42700 108025 43850 23275
45400 42700 108025 43850 23275
45500 42700 108025 43825 23275
45600 42675 108025 43825 23275
45700 42675 108025 43825 23275
45800 42700 108025 43825 23275
45900 42675 108025 43825 23275
46000 42700 108025 43825 23275
46100 42700 108025 43825 23300
46200 42700 108050 43825 23300
46300 42700 108075 43825 23275
46400 42700 108075 43825 23275
46500 42675 108100 43825 23275
46600 42675 108125 43825 23275
46700 42675 108125 43825 23275
46800 42675 108125 43825 23275
46900 42650 108125 43825 23275
47000 42650 108125 43825 23275
47100 42625 108125 43825 23275
47200 42625 108125 43825 23275
47300 42600 108125 43825 23275
47400 42600 108150 43825 23275
47500 42600 108200 43825 23275
47600 42600 108225 43825 23275
47700 42575 108225 43825 23275
47800 42575 108250 43825 23275
47900 42575 108275 43825 23275
48000 42550 108275 43825 23275
48100 42550 108275 43825 23275
48200 42550 108275 43850 23275
48300 42550 108275 43875 23275
48400 42550 108275 43850 23275
48500 42550 108275 43825 23275
48600 42550 108275 43825 23325
48700 42550 108225 43825 23325
48800 42550 108225 43825 23325
48900 42550 108225 43825 23300
49000 42550 108225 43825 23275
49100 42525 108225 43825 23275
49200 42525 108225 43825 23275
49300 42525 108225 43825 23275
49400 42525 108225 43825 23275
49500 42500 108225 43825 23275
49600 42500 108225 43825 23275
49700 42500 108225 43825 23250
49800 42500 108225 43825 23225
49900 42500 108250 43825 23225
50000 42500 108250 43825 23225
50100 42500 108275 43825 23225
50200 42500 108275 43825 23225
50300 42500 108275 43825 23225
50400 42500 108275 43825 23225
50500 42500 108275 43825 23225
50600 42500 108275 43850 23225
50700 42500 108275 43850 23200
50800 42525 108300 43850 23200
50900 42525 108325 43875 23175
51000 42525 108350 43850 23175
51100 42525 108350 43875 23175
51200 42525 108375 43875 23200
51300 42525 108375 43875 23225
51400 42525 108375 43850 23225
51500 42500 108375 43850 23225
51600 42500 108375 43825 23225
51700 42500 108375 43825 23225
51800 42500 108375 43825 23225
51900 42500 108375 43825 23225
52000 42500 108375 43825 23200
52100 42500 108375 43825 23200
52200 42500 108375 43825 23200
52300 42500 108375 43825 23200
52400 42475 108400 43825 23200
52500 42475 108400 43825 23200
52600 42450 108400 43825 23175
52700 42450 108425 43825 23175
52800 42450 108425 43825 23175
52900 42450 108425 43825 23175
53000 42450 108425 43825 23150
53100 42450 108425 43825 23150
53200 42450 108425 43825 23125
53300 42450 108425 43825 23125
53400 42450 108425 43800 23125
53500 42450 108425 43800 23125
53600 42450 108425 43775 23125
53700 42425 108425 43775 23125
53800 42425 108425 43750 23125
53900 42425 108425 43750 23125
54000 42425 108425 43725 23150
54100 42425 108425 43725 23175
54200 42400 108450 43725 23175
54300 42400 108450 43725 23175
54400 42400 108475 43725 23175
54500 42400 108475 43725 23175
54600 42400 108475 43725 23150
54700 42400 108475 43725 23150
54800 42400 108475 43700 23100
54900 42400 108475 43700 23100
55000 42400 108475 43675 23100
55100 42400 108475 43675 23075
55200 42400 108475 43675 23075
55300 42400 108475 43650 23075
55400 42400 108475 43650 23075
55500 42400 108475 43625 23075
55600 42400 108475 43625 23075
55700 42400 108475 43600 23075
55800 42400 108475 43575 23050
55900 42400 108475 43550 23050
56000 42400 108475 43525 22975
56100 42400 108475 43525 22975
56200 42375 108500 43525 22950
56300 42350 108475 43550 22925
56400 42350 108500 43575 22925
56500 42350 108475 43600 22925
56600 42350 108475 43625 22925
56700 42350 108475 43625 22925
56800 42350 108475 43625 22925
56900 42325 108475 43625 22925
57000 42325 108475 43625 22925
57100 42350 108475 43625 22950
57200 42350 108475 43625 22950
57300 42350 108475 43625 22950
57400 42350 108475 43625 22925
57500 42325 108475 43625 22925
57600 42325 108475 43625 22900
57700 42325 108475 43625 22900
57800 42325 108500 43625 22875
57900 42325 108500 43625 22875
58000 42325 108525 43625 22875
58100 42300 108525 43625 22875
58200 42300 108525 43625 22875
58300 42300 108525 43625 22875
58400 42275 108525 43625 22875
58500 42250 108525 43625 22875
58600 42200 108550 43625 22875
58700 42200 108550 43625 22875
58800 42200 108550 43625 22875
58900 42200 108575 43625 22875
59000 42200 108575 43625 22875
59100 42200 108575 43625 22875
59200 42200 108575 43625 22875
59300 42200 108575 43625 22875
59400 42200 108600 43625 22875
59500 42200 108600 43625 22875
59600 42200 108625 43625 22875
59700 42200 108625 43625 22875
59800 42200 108625 43625 22875
59900 42200 108625 43625 22875
60000 42200 108625 43625 22875
60100 42200 108625 43625 22875
60200 42200 108625 43625 22875
60300 42200 108625 43625 22875
60400 42200 108625 43625 22875
60500 42200 108625 43625 22875
60600 42200 108625 43625 22875
60700 42200 108625 43625 22925
60800 42175 108625 43625 22925
60900 42175 108625 43625 22925
61000 42150 108625 43625 22925
61100 42150 108625 43625 22925
61200 42150 108625 43625 22925
61300 42150 108625 43625 22925
61400 42150 108625 43625 22925
61500 42150 108625 43625 22925
61600 42150 108650 43625 22925
61700 42150 108650 43625 22925
61800 42150 108650 43625 22925
61900 42150 108650 43625 22900
62000 42150 108675 43625 22900
62100 42150 108675 43625 22900
62200 42150 108675 43625 22875
62300 42100 108675 43625 22875
62400 42100 108700 43625 22875
62500 42100 108700 43625 22875
62600 42100 108700 43625 22875
62700 42100 108725 43625 22875
62800 42100 108725 43625 22875
62900 42100 108725 43625 22875
63000 42100 108725 43625 22875
63100 42075 108725 43625 22875
63200 42075 108725 43625 22875
63300 42075 108725 43625 22875
63400 42075 108725 43625 22875
63500 42075 108725 43625 22875
63600 42050 108725 43625 22875
63700 42050 108725 43625 22875
63800 42000 108725 43625 22875
63900 42000 108725 43625 22875
64000 42000 108725 43625 22875
64100 42000 108725 43625 22875
64200 42000 108725 43625 22875
64300 42000 108725 43625 22875
64400 42000 108725 43600 22875
64500 42000 108725 43625 22850
64600 42000 108725 43625 22850
64700 42000 108750 43600 22850
64800 42000 108750 43625 22825
64900 42000 108775 43625 22850
65000 42000 108775 43625 22875
65100 41950 108775 43625 22875
65200 41950 108800 43625 22875
65300 41950 108800 43625 22875
65400 41950 108825 43625 22875
65500 41950 108825 43625 22875
65600 41950 108850 43625 22875
65700 41950 108850 43625 22875
65800 41950 108850 43625 22875
65900 41950 108850 43625 22875
66000 41950 108875 43625 22875
66100 41950 108900 43625 22875
66200 41950 108900 43625 22875
66300 41950 108900 43625 22875
66400 41900 108900 43625 22875
66500 41900 108925 43625 22875
66600 41900 108925 43625 22875
66700 41900 108950 43625 22875
66800 41900 108950 43625 22875
66900 41900 108950 43625 22875
67000 41850 108950 43625 22875
67100 41825 108950 43625 22875
67200 41775 108950 43625 22875
67300 41750 108950 43625 22875
67400 41725 108950 43625 22875
67500 41725 108950 43625 22875
67600 41725 108975 43625 22875
67700 41725 108975 43625 22875
67800 41725 109000 43625 22875
67900 41725 109000 43650 22875
68000 41725 109000 43650 22850
68100 41725 109000 43650 22850
68200 41725 109000 43675 22850
68300 41725 109000 43675 22825
68400 41725 109000 43675 22825
68500 41725 109025 43675 22825
68600 41725 109025 43675 22825
68700 41725 109025 43675 22800
68800 41725 109025 43675 22800
68900 41725 109025 43675 22775
69000 41725 109025 43675 22775
69100 41725 109025 43675 22775
69200 41725 109025 43675 22775
69300 41725 109025 43675 22775
69400 41725 109025 43675 22775
69500 41725 109025 43675 22775
69600 41725 109050 43675 22775
69700 41725 109050 43675 22775
69800 41725 109050 43675 22775
69900 41725 109075 43675 22775
70000 41725 109100 43675 22775
70100 41725 109100 43675 22775
70200 41725 109100 43675 22775
70300 41725 109125 43675 22775
70400 41725 109125 43675 22775
70500 41725 109125 43675 22775
70600 41725 109125 43675 22775
70700 41725 109125 43675 22775
70800 41725 109125 43675 22775
70900 41725 109125 43675 22800
71000 41725 109125 43675 22825
71100 41725 109125 43675 22825
71200 41725 109150 43675 22825
71300 41725 109175 43700 22825
71400 41725 109175 43700 22825
71500 41725 109200 43700 22825
71600 41750 109200 43725 22825
71700 41725 109225 43700 22825
71800 41725 109225 43700 22825
71900 41700 109225 43700 22825
72000 41700 109225 43675 22825
72100 41700 109225 43675 22825
72200 41675 109225 43675 22825
72300 41675 109225 43675 22825
72400 41675 109225 43675 22825
72500 41675 109250 43675 22825
72600 41675 109250 43675 22825
72700 41675 109275 43675 22825
72800 41675 109300 43675 22825
72900 41650 109325 43675 22825
73000 41650 109325 43675 22825
73100 41650 109350 43675 22825
73200 41650 109350 43675 22825
73300 41650 109350 43675 22825
73400 41650 109350 43675 22825
73500 41650 109375 43675 22825
73600 41650 109375 43675 22825
73700 41650 109400 43675 22825
73800 41650 109400 43675 22825
73900 41625 109450 43675 22825
74000 41625 109475 43675 22825
74100 41625 109475 43675 22825
74200 41625 109475 43675 22825
74300 41625 109475 43675 22825
74400 41625 109475 43675 22825
74500 41625 109500 43675 22825
74600 41625 109550 43675 22825
74700 41625 109550 43675 22825
74800 41625 109575 43675 22825
74900 41625 109600 43675 22825
75000 41625 109600 43675 22825
75100 41625 109600 43675 22825
75200 41625 109625 43675 22825
75300 41625 109625 43675 22825
75400 41625 109625 43675 22825
75500 41625 109625 43675 22825
75600 41625 109625 43675 22825
75700 41625 109625 43675 22825
75800 41625 109625 43675 22825
75900 41625 109625 43675 22825
76000 41625 109625 43675 22825
76100 41625 109625 43675 22825
76200 41625 109600 43675 22825
76300 41625 109600 43675 22825
76400 41625 109600 43675 22825
76500 41625 109600 43675 22825
76600 41625 109600 43650 22825
76700 41625 109600 43650 22825
76800 41625 109600 43650 22825
76900 41625 109575 43625 22825
77000 41625 109575 43625 22825
77100 41625 109575 43625 22825
77200 41625 109575 43625 22825
77300 41650 109575 43625 22825
77400 41650 109575 43625 22825
77500 41650 109575 43625 22825
77600 41650 109575 43625 22800
77700 41675 109575 43625 22800
77800 41675 109575 43625 22800
77900 41675 109575 43625 22775
78000 41675 109575 43625 22775
78100 41675 109575 43625 22775
78200 41675 109575 43625 22775
78300 41675 109575 43625 22775
78400 41675 109575 43625 22775
78500 41675 109575 43625 22775
78600 41675 109575 43625 22775
78700 41675 109575 43625 22775
78800 41650 109575 43625 22775
78900 41650 109575 43625 22775
79000 41625 109575 43625 22775
79100 41625 109575 43625 22750
79200 41625 109575 43625 22750
79300 41625 109575 43625 22750
79400 41575 109575 43650 22725
79500 41575 109575 43650 22725
79600 41575 109575 43650 22725
79700 41575 109575 43650 22725
79800 41575 109575 43650 22725
79900 41575 109575 43675 22725
80000 41575 109575 43675 22725
80100 41575 109575 43675 22725
80200 41575 109575 43700 22725
80300 41575 109575 43700 22725
80400 41575 109575 43700 22725
80500 41575 109575 43700 22725
80600 41575 109575 43725 22725
80700 41575 109575 43725 22725
80800 41575 109575 43725 22725
80900 41575 109575 43725 22725
81000 41575 109575 43725 22725
81100 41575 109575 43700 22725
81200 41575 109575 43700 22725
81300 41575 109575 43700 22725
81400 41575 109600 43675 22725
81500 41575 109600 43675 22725
81600 41575 109600 43675 22725
81700 41575 109600 43675 22725
81800 41575 109600 43675 22725
81900 41575 109600 43675 22725
82000 41575 109625 43675 22725
82100 41575 109625 43675 22725
82200 41575 109625 43675 22725
82300 41575 109650 43675 22725
82400 41575 109625 43675 22725
82500 41575 109650 43675 22725
82600 41575 109650 43675 22700
82700 41575 109650 43675 22700
82800 41575 109650 43675 22700
82900 41575 109650 43675 22700
83000 41575 109650 43675 22675
83100 41575 109650 43675 22675
83200 41575 109650 43675 22675
83300 41575 109650 43700 22675
83400 41575 109650 43700 22675
83500 41575 109650 43700 22675
83600 41575 109650 43700 22675
83700 41575 109650 43725 22675
83800 41575 109650 43725 22675
83900 41575 109625 43725 22675
84000 41575 109625 43725 22675
84100 41575 109625 43725 22675
84200 41575 109625 43725 22675
84300 41575 109625 43725 22675
84400 41575 109625 43725 22675
84500 41575 109625 43725 22675
84600 41575 109625 43725 22675
84700 41575 109625 43725 22675
84800 41575 109625 43725 22675
84900 41575 109625 43725 22675
85000 41575 109625 43725 22675
85100 41575 109625 43725 22675
85200 41575 109625 43725 22675
85300 41575 109625 43725 22675
85400 41575 109625 43725 22675
85500 41575 109625 43725 22675
85600 41575 109625 43725 22675
85700 41575 109625 43700 22675
85800 41575 109625 43700 22675
85900 41575 109625 43700 22675
86000 41600 109625 43700 22675
86100 41600 109625 43675 22675
86200 41600 109625 43675 22675
86300 41600 109625 43675 22675
86400 41625 109625 43675 22675
86500 41625 109625 43675 22675
86600 41625 109625 43675 22675
86700 41625 109625 43675 22675
86800 41625 109625 43675 22675
86900 41625 109625 43675 22675
87000 41625 109625 43675 22675
87100 41625 109625 43675 22675
87200 41625 109625 43675 22675
87300 41625 109625 43675 22675
87400 41625 109625 43675 22675
87500 41625 109625 43675 22675
87600 41625 109625 43675 22675
87700 41625 109625 43675 22675
87800 41625 109625 43675 22675
87900 41625 109625 43675 22675
88000 41600 109625 43700 22675
88100 41600 109625 43700 22675
88200 41600 109625 43700 22675
88300 41600 109625 43700 22675
88400 41600 109625 43700 22675
88500 41575 109625 43725 22675
88600 41575 109625 43725 22675
88700 41575 109625 43725 22675
88800 41575 109625 43725 22675
88900 41575 109625 43725 22675
89000 41575 109625 43725 22675
89100 41575 109625 43725 22675
89200 41575 109625 43725 22650
89300 41575 109625 43725 22650
89400 41575 109625 43725 22650
89500 41575 109625 43725 22650
89600 41575 109625 43725 22650
89700 41575 109625 43725 22650
89800 41575 109625 43725 22625
89900 41575 109625 43725 22625
90000 41575 109625 43725 22625
90100 41575 109625 43725 22600
90200 41575 109625 43725 22575
90300 41575 109625 43725 22575
90400 41575 109625 43725 22575
90500 41575 109625 43725 22575
90600 41575 109625 43700 22575
90700 41575 109625 43700 22575
90800 41575 109625 43700 22575
90900 41575 109625 43700 22575
91000 41575 109625 43700 22575
91100 41575 109625 43675 22575
91200 41575 109650 43675 22575
91300 41575 109650 43675 22575
91400 41575 109650 43675 22575
91500 41575 109650 43675 22575
91600 41575 109675 43675 22575
91700 41575 109675 43675 22575
91800 41575 109675 43675 22575
91900 41575 109675 43675 22575
92000 41575 109675 43675 22575
92100 41575 109675 43675 22575
92200 41575 109675 43675 22575
92300 41575 109675 43675 22575
92400 41575 109675 43675 22575
92500 41575 109675 43650 22575
92600 41575 109675 43650 22575
92700 41575 109675 43650 22575
92800 41575 109675 43650 22575
92900 41575 109675 43650 22575
93000 41575 109675 43625 22575
93100 41575 109675 43625 22575
93200 41575 109675 43625 22575
93300 41575 109675 43625 22575
93400 41575 109675 43625 22575
93500 41575 109675 43625 22575
93600 41575 109675 43625 22575
93700 41575 109675 43625 22575
93800 41575 109675 43625 22575
93900 41575 109675 43625 22575
94000 41575 109675 43625 22575
94100 41575 109675 43625 22575
94200 41575 109675 43625 22575
94300 41550 109675 43625 22575
94400 41550 109675 43625 22575
94500 41550 109675 43625 22575
94600 41550 109675 43625 22575
94700 41550 109675 43625 22575
94800 41550 109675 43625 22575
94900 41550 109675 43625 22575
95000 41550 109675 43625 22575
95100 41550 109675 43625 22575
95200 41550 109675 43625 22575
95300 41550 109675 43625 22575
95400 41550 109675 43625 22575
95500 41550 109675 43625 22575
95600 41550 109675 43625 22575
95700 41525 109675 43625 22575
95800 41525 109675 43625 22575
95900 41525 109700 43625 22575
96000 41525 109700 43625 22575
96100 41525 109700 43625 22575
96200 41525 109700 43625 22575
96300 41525 109700 43600 22575
96400 41525 109700 43600 22575
96500 41525 109700 43600 22575
96600 41525 109700 43600 22575
96700 41525 109725 43600 22575
96800 41525 109725 43600 22575
96900 41525 109725 43575 22575
97000 41525 109750 43575 22575
97100 41525 109750 43600 22575
97200 41525 109750 43600 22550
97300 41525 109775 43600 22525
97400 41525 109775 43600 22525
97500 41525 109775 43600 22525
97600 41525 109775 43625 22525
97700 41525 109775 43625 22525
97800 41525 109800 43625 22525
97900 41525 109800 43625 22525
98000 41525 109800 43625 22525
98100 41525 109800 43625 22525
98200 41525 109800 43625 22525
98300 41525 109825 43625 22525
98400 41525 109825 43625 22525
98500 41525 109825 43625 22525
98600 41525 109825 43625 22525
98700 41525 109825 43625 22525
98800 41525 109825 43625 22525
98900 41525 109825 43625 22525
99000 41525 109825 43625 22525
99100 41525 109825 43625 22525
99200 41525 109825 43625 22525
99300 41525 109825 43625 22525
99400 41525 109825 43625 22525
99500 41525 109825 43625 22525
99600 41525 109825 43625 22525
99700 41525 109825 43625 22525
99800 41525 109825 43625 22525
99900 41525 109825 43625 22525
100000 41525 109825 43625 22525
