0 66775 60225 63100 59900
100 66825 60225 63025 59925
200 66825 60250 62950 59975
300 66875 60250 62875 60000
400 66850 60225 62925 60000
500 66900 60250 62875 59975
600 66875 60300 62850 59975
700 66900 60300 62825 59975
800 67025 60300 62725 59950
900 67050 60300 62650 60000
1000 67075 60300 62625 60000
1100 67175 60250 62575 60000
1200 67200 60225 62600 59975
1300 67250 60225 62525 60000
1400 67275 60225 62500 60000
1500 67300 60225 62500 59975
1600 67300 60225 62475 60000
1700 67350 60225 62450 59975
1800 67350 60200 62500 59950
1900 67450 60225 62375 59950
2000 67550 60250 62200 60000
2100 67575 60225 62175 60025
2200 67675 60150 62100 60075
2300 67750 60175 62000 60075
2400 67725 60200 61975 60100
2500 67775 60225 61900 60100
2600 67800 60175 61925 60100
2700 67850 60150 61900 60100
2800 67900 60100 61925 60075
2900 67925 60075 61925 60075
3000 67950 60100 61875 60075
3100 68000 60125 61800 60075
3200 67975 60150 61825 60050
3300 68000 60150 61775 60075
3400 68025 60175 61725 60075
3500 68050 60225 61650 60075
3600 68050 60200 61650 60100
3700 68125 60175 61600 60100
3800 68075 60175 61625 60125
3900 68075 60200 61575 60150
4000 68150 60225 61500 60125
4100 68175 60225 61475 60125
4200 68325 60175 61375 60125
4300 68400 60150 61325 60125
4400 68425 60150 61325 60100
4500 68475 60150 61275 60100
4600 68500 60175 61275 60050
4700 68500 60175 61250 60075
4800 68500 60175 61250 60075
4900 68550 60200 61175 60075
5000 68625 60225 61075 60075
5100 68650 60250 61000 60100
5200 68650 60225 61050 60075
5300 68650 60200 61050 60100
5400 68700 60175 61025 60100
5500 68750 60175 61025 60050
5600 68750 60175 61000 60075
5700 68800 60175 60975 60050
5800 68850 60200 60900 60050
5900 68850 60225 60850 60075
6000 68900 60225 60775 60100
6100 68950 60225 60725 60100
6200 69000 60200 60675 60125
6300 69000 60225 60650 60125
6400 68950 60225 60650 60175
6500 68950 60225 60675 60150
6600 69050 60225 60575 60150
6700 69075 60225 60575 60125
6800 69075 60250 60550 60125
6900 69075 60275 60525 60125
7000 69150 60275 60425 60150
7100 69175 60275 60425 60125
7200 69225 60275 60375 60125
7300 69275 60275 60325 60125
7400 69300 60275 60300 60125
7500 69325 60275 60325 60075
7600 69325 60275 60325 60075
7700 69375 60275 60275 60075
7800 69400 60275 60250 60075
7900 69400 60275 60275 60050
8000 69450 60250 60250 60050
8100 69500 60200 60250 60050
8200 69525 60175 60225 60075
8300 69525 60200 60200 60075
8400 69575 60225 60125 60075
8500 69575 60225 60125 60075
8600 69600 60200 60100 60100
8700 69625 60200 60025 60150
8800 69650 60225 60000 60125
8900 69625 60225 60025 60125
9000 69625 60250 60000 60125
9100 69650 60300 59950 60100
9200 69650 60325 59925 60100
9300 69725 60350 59850 60075
9400 69800 60300 59825 60075
9500 69825 60250 59850 60075
9600 69825 60275 59800 60100
9700 69875 60275 59750 60100
9800 69850 60325 59750 60075
9900 69850 60325 59750 60075
10000 69875 60325 59700 60100
10100 69925 60275 59700 60100
10200 69950 60250 59700 60100
10300 70000 60250 59675 60075
10400 70000 60250 59675 60075
10500 70050 60250 59625 60075
10600 70075 60250 59600 60075
10700 70100 60250 59600 60050
10800 70100 60325 59525 60050
10900 70125 60325 59525 60025
11000 70175 60300 59500 60025
11100 70200 60300 59450 60050
11200 70200 60350 59400 60050
11300 70250 60300 59400 60050
11400 70275 60275 59425 60025
11500 70275 60300 59400 60025
11600 70275 60325 59375 60025
11700 70275 60350 59375 60000
11800 70300 60375 59325 60000
11900 70325 60350 59300 60025
12000 70325 60350 59300 60025
12100 70325 60375 59275 60025
12200 70375 60400 59225 60000
12300 70350 60425 59225 60000
12400 70350 60425 59225 60000
12500 70325 60450 59200 60025
12600 70350 60450 59175 60025
12700 70375 60450 59150 60025
12800 70375 60475 59150 60000
12900 70400 60425 59200 59975
13000 70375 60400 59200 60025
13100 70400 60400 59175 60025
13200 70450 60350 59175 60025
13300 70525 60350 59125 60000
13400 70550 60350 59125 59975
13500 70525 60350 59100 60025
13600 70550 60375 59025 60050
13700 70550 60375 59025 60050
13800 70550 60375 59000 60075
13900 70575 60350 59000 60075
14000 70650 60325 58925 60100
14100 70625 60350 58925 60100
14200 70625 60300 58975 60100
14300 70650 60275 58975 60100
14400 70675 60275 58925 60125
14500 70700 60275 58900 60125
14600 70725 60300 58850 60125
14700 70725 60325 58850 60100
14800 70775 60325 58775 60125
14900 70825 60325 58750 60100
15000 70825 60300 58775 60100
15100 70825 60300 58775 60100
15200 70825 60300 58775 60100
15300 70875 60300 58725 60100
15400 70850 60350 58675 60125
15500 70875 60325 58675 60125
15600 71000 60300 58625 60075
15700 71000 60300 58650 60050
15800 71050 60300 58600 60050
15900 71075 60300 58575 60050
16000 71100 60300 58550 60050
16100 71100 60275 58600 60025
16200 71100 60275 58600 60025
16300 71100 60275 58600 60025
16400 71125 60275 58550 60050
16500 71125 60275 58550 60050
16600 71200 60275 58500 60025
16700 71225 60275 58475 60025
16800 71225 60275 58475 60025
16900 71250 60275 58450 60025
17000 71250 60275 58450 60025
17100 71250 60300 58425 60025
17200 71250 60300 58425 60025
17300 71275 60325 58375 60025
17400 71300 60325 58350 60025
17500 71325 60350 58325 60000
17600 71300 60375 58350 59975
17700 71325 60350 58350 59975
17800 71375 60350 58300 59975
17900 71325 60350 58300 60025
18000 71350 60350 58275 60025
18100 71375 60300 58300 60025
18200 71400 60300 58275 60025
18300 71450 60300 58225 60025
18400 71400 60325 58225 60050
18500 71425 60300 58225 60050
18600 71425 60300 58225 60050
18700 71450 60300 58200 60050
18800 71450 60300 58200 60050
18900 71475 60300 58200 60025
19000 71500 60325 58150 60025
19100 71525 60325 58125 60025
19200 71600 60300 58050 60050
19300 71575 60300 58075 60050
19400 71575 60300 58075 60050
19500 71575 60300 58050 60075
19600 71600 60300 58025 60075
19700 71600 60275 58050 60075
19800 71625 60275 58025 60075
19900 71625 60275 58025 60075
20000 71700 60275 57950 60075
20100 71725 60275 57975 60025
20200 71725 60275 57975 60025
20300 71725 60275 57950 60050
20400 71725 60250 57975 60050
20500 71750 60250 57950 60050
20600 71775 60250 57925 60050
20700 71775 60250 57925 60050
20800 71800 60250 57900 60050
20900 71800 60250 57900 60050
21000 71800 60250 57900 60050
21100 71875 60200 57875 60050
21200 71925 60200 57850 60025
21300 71900 60250 57825 60025
21400 71900 60225 57825 60050
21500 71900 60250 57800 60050
21600 71900 60225 57775 60100
21700 71950 60200 57750 60100
21800 71975 60225 57725 60075
21900 71975 60225 57725 60075
22000 71975 60225 57725 60075
22100 72000 60225 57700 60075
22200 72000 60225 57700 60075
22300 72025 60225 57675 60075
22400 72075 60225 57625 60075
22500 72125 60225 57600 60050
22600 72100 60225 57625 60050
22700 72100 60225 57625 60050
22800 72100 60225 57625 60050
22900 72100 60225 57625 60050
23000 72125 60225 57600 60050
23100 72100 60225 57600 60075
23200 72075 60225 57600 60100
23300 72075 60250 57600 60075
23400 72125 60250 57550 60075
23500 72150 60250 57525 60075
23600 72125 60250 57500 60125
23700 72100 60250 57500 60150
23800 72100 60250 57500 60150
23900 72075 60250 57500 60175
24000 72025 60250 57500 60225
24100 72025 60250 57525 60200
24200 72075 60275 57450 60200
24300 72075 60275 57450 60200
24400 72150 60275 57400 60175
24500 72150 60275 57400 60175
24600 72150 60275 57400 60175
24700 72150 60300 57400 60150
24800 72175 60275 57375 60175
24900 72200 60275 57350 60175
25000 72225 60300 57275 60200
25100 72225 60300 57275 60200
25200 72225 60300 57300 60175
25300 72250 60300 57275 60175
25400 72225 60325 57275 60175
25500 72250 60350 57225 60175
25600 72225 60325 57225 60225
25700 72225 60325 57225 60225
25800 72250 60325 57225 60200
25900 72275 60325 57225 60175
26000 72275 60375 57200 60150
26100 72275 60350 57225 60150
26200 72275 60350 57225 60150
26300 72300 60350 57200 60150
26400 72325 60325 57250 60100
26500 72375 60325 57200 60100
26600 72400 60325 57175 60100
26700 72400 60350 57175 60075
26800 72400 60350 57175 60075
26900 72350 60400 57200 60050
27000 72325 60400 57200 60075
27100 72325 60425 57200 60050
27200 72325 60400 57200 60075
27300 72375 60400 57175 60050
27400 72375 60400 57175 60050
27500 72425 60375 57175 60025
27600 72450 60375 57150 60025
27700 72500 60375 57125 60000
27800 72525 60350 57125 60000
27900 72525 60350 57125 60000
28000 72525 60325 57150 60000
28100 72525 60350 57150 59975
28200 72550 60350 57125 59975
28300 72575 60325 57125 59975
28400 72575 60325 57125 59975
28500 72575 60300 57125 60000
28600 72600 60300 57100 60000
28700 72575 60325 57100 60000
28800 72575 60325 57100 60000
28900 72575 60325 57100 60000
29000 72575 60325 57100 60000
29100 72600 60350 57050 60000
29200 72600 60350 57050 60000
29300 72600 60350 57050 60000
29400 72625 60350 57050 59975
29500 72625 60350 57050 59975
29600 72650 60325 57050 59975
29700 72675 60325 57025 59975
29800 72675 60325 57025 59975
29900 72675 60325 57000 60000
30000 72700 60325 57000 59975
30100 72700 60325 57000 59975
30200 72675 60325 57000 60000
30300 72675 60350 57000 59975
30400 72625 60350 57000 60025
30500 72650 60350 57000 60000
30600 72650 60375 56950 60025
30700 72650 60375 56925 60050
30800 72675 60375 56925 60025
30900 72700 60375 56900 60025
31000 72700 60375 56900 60025
31100 72700 60375 56900 60025
31200 72700 60400 56900 60000
31300 72725 60400 56900 59975
31400 72725 60425 56900 59950
31500 72725 60475 56875 59925
31600 72725 60500 56875 59900
31700 72725 60500 56875 59900
31800 72725 60500 56875 59900
31900 72725 60500 56875 59900
32000 72750 60500 56850 59900
32100 72750 60500 56850 59900
32200 72775 60475 56825 59925
32300 72800 60450 56800 59950
32400 72800 60450 56800 59950
32500 72800 60450 56800 59950
32600 72800 60450 56825 59925
32700 72800 60425 56850 59925
32800 72775 60425 56850 59950
32900 72775 60425 56850 59950
33000 72800 60450 56800 59950
33100 72875 60400 56775 59950
33200 72875 60400 56725 60000
33300 72875 60375 56750 60000
33400 72875 60375 56750 60000
33500 72900 60350 56750 60000
33600 72900 60325 56750 60025
33700 72900 60325 56750 60025
33800 72925 60300 56700 60075
33900 72925 60275 56675 60125
34000 72925 60275 56675 60125
34100 72950 60250 56675 60125
34200 72950 60250 56675 60125
34300 72975 60225 56675 60125
34400 72975 60225 56675 60125
34500 73000 60200 56675 60125
34600 73000 60200 56675 60125
34700 73025 60175 56675 60125
34800 73050 60150 56700 60100
34900 73050 60175 56700 60075
35000 73075 60175 56700 60050
35100 73050 60200 56700 60050
35200 73075 60200 56675 60050
35300 73075 60225 56625 60075
35400 73075 60200 56650 60075
35500 73100 60175 56650 60075
35600 73125 60175 56625 60075
35700 73125 60150 56650 60075
35800 73125 60150 56650 60075
35900 73125 60150 56650 60075
36000 73125 60150 56650 60075
36100 73125 60175 56625 60075
36200 73100 60175 56625 60100
36300 73125 60200 56625 60050
36400 73125 60200 56625 60050
36500 73125 60200 56625 60050
36600 73125 60200 56625 60050
36700 73100 60200 56625 60075
36800 73075 60200 56625 60100
36900 73100 60200 56600 60100
37000 73100 60200 56650 60050
37100 73100 60225 56625 60050
37200 73100 60250 56600 60050
37300 73100 60275 56575 60050
37400 73125 60275 56550 60050
37500 73100 60275 56575 60050
37600 73100 60300 56550 60050
37700 73075 60300 56550 60075
37800 73075 60300 56550 60075
37900 73100 60300 56550 60050
38000 73100 60300 56525 60075
38100 73075 60325 56525 60075
38200 73100 60325 56525 60050
38300 73100 60325 56525 60050
38400 73075 60325 56525 60075
38500 73050 60325 56500 60125
38600 73075 60325 56475 60125
38700 73075 60325 56475 60125
38800 73050 60325 56500 60125
38900 73050 60350 56475 60125
39000 73050 60350 56475 60125
39100 73050 60350 56475 60125
39200 73050 60350 56475 60125
39300 73025 60375 56475 60125
39400 73025 60375 56475 60125
39500 73025 60375 56475 60125
39600 73050 60375 56475 60100
39700 73050 60375 56475 60100
39800 73050 60325 56525 60100
39900 73075 60325 56500 60100
40000 73075 60325 56500 60100
40100 73125 60325 56475 60075
40200 73125 60350 56450 60075
40300 73125 60350 56450 60075
40400 73150 60350 56425 60075
40500 73150 60350 56425 60075
40600 73125 60375 56425 60075
40700 73150 60375 56425 60050
40800 73125 60375 56425 60075
40900 73150 60350 56425 60075
41000 73150 60350 56425 60075
41100 73175 60350 56425 60050
41200 73200 60350 56400 60050
41300 73225 60350 56400 60025
41400 73250 60350 56400 60000
41500 73250 60350 56400 60000
41600 73225 60350 56425 60000
41700 73225 60350 56450 59975
41800 73250 60350 56425 59975
41900 73250 60325 56450 59975
42000 73250 60325 56450 59975
42100 73250 60325 56450 59975
42200 73225 60350 56450 59975
42300 73225 60325 56475 59975
42400 73250 60325 56450 59975
42500 73250 60325 56450 59975
42600 73250 60325 56450 59975
42700 73250 60325 56450 59975
42800 73250 60325 56425 60000
42900 73250 60325 56425 60000
43000 73250 60325 56425 60000
43100 73250 60325 56425 60000
43200 73250 60325 56425 60000
43300 73250 60300 56450 60000
43400 73250 60300 56450 60000
43500 73300 60325 56375 60000
43600 73300 60325 56375 60000
43700 73300 60325 56375 60000
43800 73300 60300 56400 60000
43900 73300 60300 56375 60025
44000 73300 60275 56400 60025
44100 73300 60250 56425 60025
44200 73300 60250 56425 60025
44300 73325 60200 56450 60025
44400 73325 60200 56450 60025
44500 73325 60200 56450 60025
44600 73350 60200 56425 60025
44700 73350 60200 56425 60025
44800 73350 60225 56400 60025
44900 73350 60225 56400 60025
45000 73325 60225 56400 60050
45100 73350 60225 56400 60025
45200 73375 60225 56375 60025
45300 73375 60225 56375 60025
45400 73375 60225 56375 60025
45500 73375 60225 56375 60025
45600 73400 60225 56350 60025
45700 73400 60225 56350 60025
45800 73375 60250 56350 60025
45900 73375 60250 56350 60025
46000 73350 60275 56350 60025
46100 73325 60275 56375 60025
46200 73325 60275 56375 60025
46300 73325 60275 56375 60025
46400 73325 60275 56375 60025
46500 73350 60275 56350 60025
46600 73375 60275 56325 60025
46700 73375 60275 56325 60025
46800 73375 60275 56325 60025
46900 73350 60275 56325 60050
47000 73375 60250 56325 60050
47100 73375 60250 56325 60050
47200 73350 60250 56350 60050
47300 73325 60225 56375 60075
47400 73325 60225 56375 60075
47500 73375 60225 56325 60075
47600 73375 60225 56325 60075
47700 73350 60250 56350 60050
47800 73350 60275 56325 60050
47900 73325 60300 56325 60050
48000 73350 60300 56300 60050
48100 73350 60300 56300 60050
48200 73325 60300 56325 60050
48300 73300 60300 56325 60075
48400 73275 60325 56300 60100
48500 73300 60325 56275 60100
48600 73275 60325 56275 60125
48700 73275 60325 56275 60125
48800 73275 60300 56275 60150
48900 73275 60300 56275 60150
49000 73275 60300 56275 60150
49100 73275 60300 56275 60150
49200 73275 60300 56275 60150
49300 73275 60300 56275 60150
49400 73300 60300 56250 60150
49500 73300 60300 56275 60125
49600 73325 60300 56250 60125
49700 73350 60300 56250 60100
49800 73375 60275 56250 60100
49900 73375 60275 56250 60100
50000 73375 60275 56250 60100
50100 73375 60275 56250 60100
50200 73375 60275 56250 60100
50300 73375 60275 56250 60100
50400 73375 60300 56225 60100
50500 73375 60300 56225 60100
50600 73375 60300 56225 60100
50700 73375 60300 56275 60050
50800 73350 60300 56300 60050
50900 73350 60300 56300 60050
51000 73375 60300 56300 60025
51100 73375 60300 56300 60025
51200 73375 60300 56300 60025
51300 73350 60300 56300 60050
51400 73375 60275 56300 60050
51500 73375 60275 56300 60050
51600 73375 60275 56275 60075
51700 73375 60275 56275 60075
51800 73375 60250 56300 60075
51900 73400 60275 56275 60050
52000 73400 60300 56250 60050
52100 73425 60300 56225 60050
52200 73425 60300 56225 60050
52300 73425 60300 56225 60050
52400 73450 60275 56225 60050
52500 73475 60275 56225 60025
52600 73450 60275 56225 60050
52700 73475 60250 56225 60050
52800 73475 60250 56225 60050
52900 73475 60250 56225 60050
53000 73475 60250 56225 60050
53100 73475 60275 56200 60050
53200 73475 60300 56200 60025
53300 73475 60300 56200 60025
53400 73475 60325 56175 60025
53500 73500 60300 56175 60025
53600 73500 60325 56150 60025
53700 73500 60325 56150 60025
53800 73500 60325 56150 60025
53900 73500 60325 56150 60025
54000 73500 60325 56150 60025
54100 73500 60325 56150 60025
54200 73500 60350 56150 60000
54300 73525 60325 56150 60000
54400 73550 60325 56125 60000
54500 73525 60300 56150 60025
54600 73525 60275 56175 60025
54700 73525 60275 56175 60025
54800 73550 60275 56150 60025
54900 73525 60250 56175 60050
55000 73525 60250 56175 60050
55100 73525 60250 56175 60050
55200 73525 60250 56175 60050
55300 73550 60250 56175 60025
55400 73525 60250 56200 60025
55500 73575 60200 56200 60025
55600 73575 60200 56175 60050
55700 73575 60200 56150 60075
55800 73550 60225 56125 60100
55900 73550 60225 56125 60100
56000 73575 60225 56125 60075
56100 73575 60250 56100 60075
56200 73575 60200 56150 60075
56300 73600 60200 56125 60075
56400 73600 60200 56125 60075
56500 73600 60200 56125 60075
56600 73600 60200 56125 60075
56700 73600 60200 56125 60075
56800 73575 60225 56125 60075
56900 73575 60175 56175 60075
57000 73600 60150 56175 60075
57100 73600 60150 56175 60075
57200 73600 60150 56175 60075
57300 73625 60150 56175 60050
57400 73625 60150 56175 60050
57500 73625 60150 56175 60050
57600 73625 60150 56175 60050
57700 73625 60150 56175 60050
57800 73625 60150 56175 60050
57900 73675 60150 56175 60000
58000 73700 60150 56150 60000
58100 73700 60150 56150 60000
58200 73725 60150 56125 60000
58300 73675 60150 56150 60025
58400 73625 60175 56150 60050
58500 73600 60200 56150 60050
58600 73600 60200 56150 60050
58700 73600 60200 56150 60050
58800 73600 60200 56150 60050
58900 73600 60200 56150 60050
59000 73600 60200 56150 60050
59100 73600 60225 56125 60050
59200 73600 60225 56125 60050
59300 73600 60225 56125 60050
59400 73600 60225 56125 60050
59500 73600 60250 56100 60050
59600 73600 60250 56100 60050
59700 73600 60250 56100 60050
59800 73600 60250 56100 60050
59900 73600 60250 56100 60050
60000 73600 60250 56100 60050
60100 73575 60250 56100 60075
60200 73600 60250 56075 60075
60300 73575 60250 56075 60100
60400 73575 60250 56100 60075
60500 73575 60250 56100 60075
60600 73575 60250 56100 60075
60700 73550 60250 56100 60100
60800 73550 60250 56100 60100
60900 73550 60250 56100 60100
61000 73550 60250 56100 60100
61100 73550 60250 56100 60100
61200 73550 60250 56100 60100
61300 73525 60250 56100 60125
61400 73525 60250 56100 60125
61500 73550 60225 56100 60125
61600 73550 60225 56100 60125
61700 73500 60225 56100 60175
61800 73500 60225 56075 60200
61900 73500 60250 56050 60200
62000 73525 60250 56025 60200
62100 73525 60250 56025 60200
62200 73525 60250 56025 60200
62300 73525 60250 56000 60225
62400 73500 60250 56025 60225
62500 73500 60250 56025 60225
62600 73500 60250 56025 60225
62700 73500 60250 56025 60225
62800 73525 60250 56050 60175
62900 73525 60275 56025 60175
63000 73525 60275 56025 60175
63100 73525 60275 56025 60175
63200 73525 60275 56025 60175
63300 73525 60275 56025 60175
63400 73525 60275 56025 60175
63500 73525 60275 56025 60175
63600 73525 60275 56025 60175
63700 73550 60275 56000 60175
63800 73550 60275 56000 60175
63900 73550 60275 56000 60175
64000 73550 60275 56000 60175
64100 73550 60275 56000 60175
64200 73550 60275 56000 60175
64300 73550 60275 56000 60175
64400 73550 60275 56025 60150
64500 73550 60275 56025 60150
64600 73550 60275 56025 60150
64700 73550 60275 56025 60150
64800 73550 60250 56050 60150
64900 73550 60250 56050 60150
65000 73575 60250 56025 60150
65100 73550 60275 56025 60150
65200 73550 60275 56000 60175
65300 73550 60275 56000 60175
65400 73550 60250 56025 60175
65500 73550 60250 56025 60175
65600 73550 60250 56025 60175
65700 73550 60250 56050 60150
65800 73550 60275 56025 60150
65900 73550 60275 56025 60150
66000 73550 60275 56025 60150
66100 73550 60275 56025 60150
66200 73550 60275 56025 60150
66300 73550 60275 56025 60150
66400 73525 60275 56050 60150
66500 73550 60275 56025 60150
66600 73525 60300 56025 60150
66700 73525 60275 56025 60175
66800 73525 60275 56025 60175
66900 73525 60275 56025 60175
67000 73525 60275 56025 60175
67100 73550 60275 56025 60150
67200 73550 60300 56025 60125
67300 73550 60300 56025 60125
67400 73550 60300 56025 60125
67500 73550 60300 56025 60125
67600 73525 60300 56050 60125
67700 73525 60300 56050 60125
67800 73575 60275 56025 60125
67900 73575 60275 56025 60125
68000 73600 60275 56000 60125
68100 73600 60250 56025 60125
68200 73600 60250 56025 60125
68300 73600 60275 56000 60125
68400 73600 60275 56000 60125
68500 73600 60275 56000 60125
68600 73575 60275 56000 60150
68700 73575 60275 56000 60150
68800 73575 60275 56025 60125
68900 73575 60275 56050 60100
69000 73600 60275 56025 60100
69100 73600 60275 56025 60100
69200 73575 60275 56025 60125
69300 73575 60275 56025 60125
69400 73575 60275 56025 60125
69500 73575 60250 56050 60125
69600 73575 60250 56075 60100
69700 73575 60250 56075 60100
69800 73575 60250 56075 60100
69900 73575 60250 56075 60100
70000 73575 60250 56075 60100
70100 73525 60275 56100 60100
70200 73525 60300 56075 60100
70300 73550 60300 56050 60100
70400 73550 60300 56050 60100
70500 73575 60275 56075 60075
70600 73575 60275 56075 60075
70700 73600 60275 56050 60075
70800 73600 60275 56050 60075
70900 73600 60275 56050 60075
71000 73600 60275 56050 60075
71100 73600 60275 56050 60075
71200 73600 60275 56050 60075
71300 73625 60275 56050 60050
71400 73625 60275 56050 60050
71500 73625 60275 56050 60050
71600 73675 60250 56025 60050
71700 73675 60275 56000 60050
71800 73675 60275 56000 60050
71900 73675 60275 56000 60050
72000 73675 60275 56000 60050
72100 73675 60275 56000 60050
72200 73675 60275 56000 60050
72300 73700 60250 56000 60050
72400 73700 60225 56000 60075
72500 73675 60225 56000 60100
72600 73675 60250 55975 60100
72700 73675 60250 55975 60100
72800 73675 60250 55975 60100
72900 73675 60250 55975 60100
73000 73675 60250 55975 60100
73100 73700 60250 55950 60100
73200 73675 60275 55950 60100
73300 73675 60275 55950 60100
73400 73700 60275 55925 60100
73500 73700 60275 55925 60100
73600 73700 60275 55925 60100
73700 73700 60225 55975 60100
73800 73700 60225 55975 60100
73900 73700 60225 55975 60100
74000 73700 60225 55975 60100
74100 73700 60225 55975 60100
74200 73700 60225 55975 60100
74300 73675 60250 55975 60100
74400 73700 60225 56000 60075
74500 73700 60200 56025 60075
74600 73700 60200 56025 60075
74700 73700 60200 56025 60075
74800 73700 60200 56025 60075
74900 73700 60200 56025 60075
75000 73700 60200 56025 60075
75100 73675 60200 56025 60100
75200 73675 60200 56025 60100
75300 73650 60200 56025 60125
75400 73650 60200 56025 60125
75500 73650 60200 56025 60125
75600 73650 60200 56025 60125
75700 73675 60200 56025 60100
75800 73625 60200 56050 60125
75900 73625 60200 56050 60125
76000 73625 60200 56050 60125
76100 73625 60200 56050 60125
76200 73625 60200 56050 60125
76300 73625 60200 56050 60125
76400 73625 60200 56050 60125
76500 73625 60225 56025 60125
76600 73625 60225 56025 60125
76700 73625 60225 56025 60125
76800 73625 60225 56025 60125
76900 73650 60200 56025 60125
77000 73650 60200 56025 60125
77100 73650 60200 56025 60125
77200 73650 60200 56025 60125
77300 73650 60200 56025 60125
77400 73650 60200 56025 60125
77500 73650 60200 56025 60125
77600 73650 60200 56025 60125
77700 73650 60200 56025 60125
77800 73650 60200 56025 60125
77900 73625 60200 56025 60150
78000 73600 60200 56050 60150
78100 73600 60200 56050 60150
78200 73600 60200 56050 60150
78300 73600 60200 56050 60150
78400 73600 60225 56025 60150
78500 73575 60225 56025 60175
78600 73600 60200 56025 60175
78700 73625 60175 56025 60175
78800 73625 60175 56025 60175
78900 73625 60175 56025 60175
79000 73625 60175 56025 60175
79100 73650 60175 56025 60150
79200 73650 60175 56025 60150
79300 73650 60175 56025 60150
79400 73650 60175 56025 60150
79500 73650 60175 56025 60150
79600 73650 60175 56025 60150
79700 73650 60175 56025 60150
79800 73650 60175 56025 60150
79900 73625 60200 56025 60150
80000 73625 60200 56025 60150
80100 73625 60200 56025 60150
80200 73625 60200 56025 60150
80300 73650 60200 56000 60150
80400 73650 60200 56000 60150
80500 73650 60200 55975 60175
80600 73650 60200 55975 60175
80700 73650 60225 55950 60175
80800 73650 60225 55950 60175
80900 73675 60225 55950 60150
81000 73675 60225 55950 60150
81100 73650 60225 55950 60175
81200 73700 60200 55950 60150
81300 73700 60200 55950 60150
81400 73700 60200 55950 60150
81500 73700 60175 55975 60150
81600 73675 60200 55975 60150
81700 73675 60200 55975 60150
81800 73675 60200 55975 60150
81900 73675 60200 55975 60150
82000 73675 60200 56000 60125
82100 73675 60200 56000 60125
82200 73700 60200 56000 60100
82300 73700 60200 56000 60100
82400 73700 60200 56000 60100
82500 73725 60200 56000 60075
82600 73725 60175 56000 60100
82700 73725 60175 56000 60100
82800 73725 60175 56000 60100
82900 73725 60175 56000 60100
83000 73700 60175 56025 60100
83100 73725 60150 56025 60100
83200 73725 60150 56025 60100
83300 73725 60150 56025 60100
83400 73725 60150 56000 60125
83500 73725 60150 56000 60125
83600 73725 60150 56000 60125
83700 73725 60150 56000 60125
83800 73725 60150 56000 60125
83900 73725 60150 56000 60125
84000 73725 60150 56000 60125
84100 73725 60150 56000 60125
84200 73725 60150 56000 60125
84300 73725 60150 56000 60125
84400 73725 60125 56025 60125
84500 73700 60175 56000 60125
84600 73725 60150 56000 60125
84700 73725 60150 56000 60125
84800 73725 60150 56000 60125
84900 73725 60125 56025 60125
85000 73725 60125 56025 60125
85100 73750 60125 56000 60125
85200 73750 60125 56000 60125
85300 73750 60125 56000 60125
85400 73750 60125 56000 60125
85500 73775 60100 56000 60125
85600 73775 60100 56000 60125
85700 73800 60075 56025 60100
85800 73775 60075 56050 60100
85900 73750 60075 56075 60100
86000 73750 60050 56075 60125
86100 73750 60050 56075 60125
86200 73725 60050 56075 60150
86300 73725 60050 56075 60150
86400 73725 60050 56075 60150
86500 73725 60050 56075 60150
86600 73700 60050 56075 60175
86700 73700 60075 56050 60175
86800 73700 60075 56050 60175
86900 73700 60075 56050 60175
87000 73700 60075 56050 60175
87100 73700 60075 56050 60175
87200 73700 60075 56050 60175
87300 73700 60075 56050 60175
87400 73675 60075 56075 60175
87500 73675 60075 56075 60175
87600 73675 60075 56075 60175
87700 73675 60075 56075 60175
87800 73675 60075 56075 60175
87900 73675 60100 56050 60175
88000 73675 60100 56050 60175
88100 73675 60100 56050 60175
88200 73675 60100 56050 60175
88300 73675 60100 56050 60175
88400 73675 60100 56050 60175
88500 73675 60100 56050 60175
88600 73675 60100 56050 60175
88700 73675 60075 56075 60175
88800 73675 60075 56075 60175
88900 73675 60075 56075 60175
89000 73675 60075 56100 60150
89100 73650 60075 56125 60150
89200 73650 60075 56125 60150
89300 73650 60100 56100 60150
89400 73625 60100 56125 60150
89500 73625 60100 56125 60150
89600 73625 60100 56125 60150
89700 73625 60100 56125 60150
89800 73625 60100 56125 60150
89900 73625 60100 56125 60150
90000 73625 60100 56125 60150
90100 73625 60100 56125 60150
90200 73625 60100 56125 60150
90300 73600 60100 56125 60175
90400 73600 60100 56125 60175
90500 73600 60100 56125 60175
90600 73600 60100 56125 60175
90700 73600 60100 56125 60175
90800 73625 60100 56100 60175
90900 73625 60125 56075 60175
91000 73625 60125 56075 60175
91100 73625 60125 56075 60175
91200 73625 60125 56075 60175
91300 73625 60125 56075 60175
91400 73625 60125 56075 60175
91500 73625 60100 56075 60200
91600 73625 60100 56075 60200
91700 73625 60100 56100 60175
91800 73625 60100 56100 60175
91900 73625 60075 56125 60175
92000 73625 60075 56125 60175
92100 73625 60075 56125 60175
92200 73625 60075 56125 60175
92300 73625 60075 56125 60175
92400 73625 60075 56125 60175
92500 73625 60075 56125 60175
92600 73625 60075 56125 60175
92700 73600 60100 56125 60175
92800 73600 60100 56125 60175
92900 73600 60100 56125 60175
93000 73600 60100 56125 60175
93100 73600 60100 56125 60175
93200 73600 60100 56125 60175
93300 73550 60125 56125 60200
93400 73525 60175 56100 60200
93500 73525 60175 56100 60200
93600 73525 60175 56100 60200
93700 73525 60175 56100 60200
93800 73525 60175 56125 60175
93900 73500 60175 56150 60175
94000 73525 60175 56150 60150
94100 73525 60175 56150 60150
94200 73525 60175 56150 60150
94300 73525 60175 56150 60150
94400 73525 60175 56150 60150
94500 73525 60175 56150 60150
94600 73525 60175 56150 60150
94700 73525 60150 56175 60150
94800 73525 60150 56175 60150
94900 73525 60150 56175 60150
95000 73525 60150 56175 60150
95100 73525 60150 56175 60150
95200 73500 60150 56150 60200
95300 73500 60150 56150 60200
95400 73500 60150 56150 60200
95500 73500 60150 56175 60175
95600 73500 60150 56175 60175
95700 73500 60150 56200 60150
95800 73500 60150 56200 60150
95900 73500 60150 56200 60150
96000 73500 60175 56175 60150
96100 73500 60175 56175 60150
96200 73500 60175 56175 60150
96300 73500 60175 56175 60150
96400 73525 60175 56150 60150
96500 73525 60175 56150 60150
96600 73500 60175 56175 60150
96700 73500 60175 56175 60150
96800 73500 60175 56200 60125
96900 73500 60150 56225 60125
97000 73475 60150 56250 60125
97100 73475 60150 56250 60125
97200 73475 60150 56250 60125
97300 73475 60150 56250 60125
97400 73500 60125 56250 60125
97500 73500 60100 56275 60125
97600 73500 60100 56275 60125
97700 73500 60100 56275 60125
97800 73500 60100 56275 60125
97900 73500 60100 56275 60125
98000 73500 60100 56275 60125
98100 73475 60100 56300 60125
98200 73475 60100 56300 60125
98300 73475 60100 56300 60125
98400 73475 60100 56300 60125
98500 73475 60100 56300 60125
98600 73475 60075 56325 60125
98700 73475 60075 56325 60125
98800 73475 60075 56325 60125
98900 73500 60050 56325 60125
99000 73500 60025 56325 60150
99100 73525 60000 56350 60125
99200 73525 60000 56350 60125
99300 73525 60000 56325 60150
99400 73525 60000 56325 60150
99500 73500 60025 56300 60175
99600 73500 60025 56300 60175
99700 73500 60025 56275 60200
99800 73500 60025 56275 60200
99900 73475 60025 56275 60225
100000 73475 60025 56275 60225
