# Step gr0 gr1 gr2 gr3 
500 59525 16550 57975 82325
600 59500 16450 57950 82225
700 59525 16475 57950 82250
800 59550 16550 57975 82325
900 59625 16525 58025 82325
1000 59650 16450 58025 82325
1100 59750 16350 58025 82300
1200 59825 16350 58100 82275
1300 59800 16350 58100 82275
1400 59900 16350 58025 82275
1500 59925 16325 58100 82275
1600 60000 16300 58100 82300
1700 60075 16300 58050 82400
1800 60100 16250 58050 82400
1900 60125 16275 58125 82400
2000 60175 16200 58175 82400
2100 60225 16225 58175 82425
2200 60225 16250 58175 82425
2300 60325 16250 58175 82425
2400 60375 16250 58200 82450
2500 60400 16225 58175 82450
2600 60425 16225 58175 82450
2700 60475 16200 58175 82450
2800 60525 16175 58175 82500
2900 60550 16175 58200 82475
3000 60600 16175 58200 82500
3100 60600 16200 58250 82500
3200 60600 16175 58250 82475
3300 60625 16175 58250 82475
3400 60700 16125 58275 82525
3500 60725 16125 58275 82525
3600 60700 16100 58325 82500
3700 60725 16100 58350 82500
3800 60750 16100 58350 82500
3900 60775 16025 58400 82500
4000 60775 16000 58400 82525
4100 60825 15975 58350 82525
4200 60825 15925 58350 82550
4300 60875 15900 58350 82600
4400 60875 15950 58350 82600
4500 60850 15975 58350 82600
4600 60875 15925 58350 82650
4700 60875 15925 58375 82650
4800 60900 15900 58400 82650
4900 60950 15900 58400 82650
5000 60950 15900 58400 82650
5100 61000 15925 58375 82650
5200 61000 15925 58375 82650
5300 61050 15925 58400 82650
5400 61100 15925 58375 82700
5500 61100 15925 58375 82700
5600 61100 15975 58375 82700
5700 61100 15950 58400 82700
5800 61100 15975 58400 82700
5900 61100 15975 58400 82700
6000 61100 15975 58400 82725
6100 61100 15950 58400 82725
6200 61100 16000 58375 82725
6300 61125 16000 58400 82725
6400 61150 16025 58400 82725
6500 61175 16050 58400 82750
6600 61200 16075 58400 82750
6700 61200 16075 58450 82800
6800 61200 16075 58400 82800
6900 61225 16025 58375 82800
7000 61175 15975 58350 82775
7100 61200 15975 58350 82775
7200 61200 15950 58325 82750
7300 61225 15950 58275 82750
7400 61225 15950 58275 82750
7500 61225 15925 58275 82750
7600 61250 15900 58275 82725
7700 61250 15875 58275 82725
7800 61300 15875 58300 82750
7900 61350 15875 58325 82750
8000 61300 15875 58350 82750
8100 61300 15850 58350 82725
8200 61300 15825 58350 82725
8300 61300 15825 58350 82700
8400 61350 15825 58350 82700
8500 61350 15775 58350 82700
8600 61350 15750 58350 82675
8700 61375 15750 58375 82675
8800 61375 15725 58350 82675
8900 61375 15725 58375 82675
9000 61400 15725 58375 82700
9100 61425 15700 58350 82700
9200 61425 15700 58350 82675
9300 61450 15700 58350 82700
9400 61450 15675 58350 82700
9500 61450 15650 58375 82725
9600 61450 15650 58350 82725
9700 61475 15650 58350 82700
9800 61475 15650 58350 82700
9900 61475 15650 58350 82750
10000 61475 15625 58375 82750
10100 61500 15625 58400 82775
10200 61525 15625 58400 82775
10300 61550 15600 58425 82775
10400 61550 15525 58425 82775
10500 61525 15500 58450 82775
10600 61525 15500 58475 82800
10700 61500 15475 58500 82800
10800 61525 15475 58500 82850
10900 61575 15475 58475 82875
11000 61550 15450 58475 82900
11100 61550 15450 58475 82925
11200 61550 15450 58475 82950
11300 61575 15425 58475 82975
11400 61575 15425 58475 82975
11500 61575 15425 58450 83000
11600 61575 15425 58450 83000
11700 61575 15425 58450 83000
11800 61575 15425 58450 83025
11900 61600 15425 58450 83000
12000 61625 15425 58475 82975
12100 61625 15375 58475 83000
12200 61625 15350 58475 82975
12300 61625 15350 58500 82975
12400 61625 15325 58500 82975
12500 61600 15325 58525 82975
12600 61600 15300 58525 82975
12700 61625 15300 58525 82950
12800 61625 15300 58525 82925
12900 61650 15300 58525 82950
13000 61650 15300 58500 82975
13100 61650 15250 58500 82975
13200 61650 15250 58500 83000
13300 61650 15250 58500 83025
13400 61650 15250 58500 83025
13500 61650 15250 58500 83000
13600 61650 15250 58500 83000
13700 61650 15250 58500 83000
13800 61650 15250 58450 83000
13900 61650 15250 58450 83025
14000 61625 15250 58450 83025
14100 61625 15250 58450 83025
14200 61625 15250 58450 83025
14300 61625 15200 58450 83025
14400 61650 15200 58475 83025
14500 61675 15175 58500 83025
14600 61650 15175 58500 83025
14700 61650 15150 58525 83000
14800 61650 15125 58525 82975
14900 61675 15125 58525 82975
15000 61700 15125 58525 82950
15100 61700 15100 58475 82925
15200 61650 15100 58475 82925
15300 61650 15100 58475 82925
15400 61650 15075 58475 82925
15500 61650 15075 58475 82925
15600 61650 15075 58475 82925
15700 61650 15075 58450 82900
15800 61650 15075 58450 82875
15900 61650 15075 58450 82850
16000 61650 15075 58450 82875
16100 61650 15075 58425 82925
16200 61650 15050 58400 82950
16300 61650 15050 58425 82950
16400 61650 15050 58425 82925
16500 61650 15050 58425 82925
16600 61650 15050 58425 82900
16700 61600 15050 58425 82900
16800 61600 15050 58400 82900
16900 61600 15050 58400 82900
17000 61600 15050 58400 82875
17100 61550 15050 58400 82850
17200 61550 15050 58400 82800
17300 61550 15050 58400 82800
17400 61550 15050 58425 82775
17500 61550 15050 58425 82775
17600 61550 15050 58450 82750
17700 61550 15050 58450 82750
17800 61550 15025 58475 82725
17900 61575 15025 58475 82675
18000 61575 15025 58475 82650
18100 61600 15000 58475 82600
18200 61600 15000 58525 82600
18300 61600 15000 58525 82600
18400 61625 15000 58525 82600
18500 61675 14975 58525 82575
18600 61675 14975 58525 82575
18700 61675 14975 58550 82550
18800 61700 14975 58550 82550
18900 61700 14975 58550 82550
19000 61700 14975 58550 82550
19100 61725 14975 58550 82550
19200 61700 14975 58550 82525
19300 61675 14975 58550 82525
19400 61675 14975 58575 82525
19500 61650 14975 58575 82525
19600 61650 14975 58600 82525
19700 61650 14975 58600 82525
19800 61650 14950 58600 82550
19900 61650 14950 58625 82575
20000 61650 14950 58625 82575
20100 61650 14950 58625 82600
20200 61650 14950 58625 82600
20300 61650 14950 58625 82625
20400 61650 14950 58625 82625
20500 61650 14950 58625 82600
20600 61625 14900 58625 82625
20700 61625 14900 58625 82650
20800 61625 14900 58625 82650
20900 61625 14875 58625 82650
21000 61625 14875 58625 82675
21100 61625 14875 58625 82700
21200 61625 14850 58625 82750
21300 61625 14850 58625 82750
21400 61625 14850 58600 82750
21500 61625 14850 58600 82750
21600 61625 14850 58600 82750
21700 61650 14850 58600 82750
21800 61675 14850 58600 82725
21900 61700 14850 58625 82725
22000 61700 14850 58650 82725
22100 61725 14850 58600 82750
22200 61725 14850 58600 82775
22300 61725 14850 58600 82800
22400 61725 14850 58600 82800
22500 61750 14850 58600 82800
22600 61750 14850 58600 82775
22700 61775 14850 58625 82775
22800 61775 14850 58625 82800
22900 61775 14825 58625 82825
23000 61800 14825 58625 82825
23100 61800 14825 58625 82825
23200 61800 14800 58600 82800
23300 61775 14800 58600 82800
23400 61775 14800 58600 82775
23500 61775 14800 58600 82775
23600 61800 14775 58600 82800
23700 61800 14775 58600 82850
23800 61800 14775 58625 82825
23900 61825 14775 58625 82825
24000 61850 14750 58625 82825
24100 61850 14750 58625 82825
24200 61850 14750 58625 82800
24300 61850 14750 58625 82825
24400 61850 14750 58650 82825
24500 61850 14750 58650 82825
24600 61850 14725 58650 82825
24700 61850 14725 58650 82825
24800 61850 14725 58650 82825
24900 61825 14725 58650 82800
25000 61800 14725 58650 82800
25100 61800 14725 58625 82800
25200 61800 14725 58600 82775
25300 61825 14750 58600 82775
25400 61850 14750 58575 82775
25500 61850 14750 58575 82775
25600 61850 14750 58575 82775
25700 61825 14750 58575 82775
25800 61825 14750 58575 82775
25900 61825 14750 58575 82750
26000 61825 14750 58575 82750
26100 61825 14750 58600 82725
26200 61800 14750 58575 82725
26300 61800 14750 58575 82700
26400 61800 14750 58575 82675
26500 61800 14750 58575 82625
26600 61800 14775 58550 82575
26700 61800 14775 58550 82550
26800 61800 14775 58550 82500
26900 61800 14775 58525 82450
27000 61800 14800 58525 82450
27100 61825 14800 58525 82450
27200 61825 14800 58525 82450
27300 61825 14800 58525 82425
27400 61825 14800 58525 82400
27500 61825 14800 58525 82400
27600 61825 14800 58500 82375
27700 61825 14800 58500 82375
27800 61825 14800 58500 82350
27900 61825 14800 58525 82350
28000 61825 14775 58525 82350
28100 61825 14800 58525 82350
28200 61825 14800 58525 82350
28300 61800 14800 58525 82350
28400 61775 14800 58525 82350
28500 61775 14825 58500 82350
28600 61750 14825 58500 82350
28700 61775 14825 58500 82350
28800 61750 14825 58500 82350
28900 61775 14825 58500 82350
29000 61775 14825 58500 82350
29100 61775 14850 58475 82350
29200 61775 14825 58475 82350
29300 61775 14800 58475 82350
29400 61775 14800 58475 82350
29500 61775 14800 58475 82350
29600 61775 14750 58450 82350
29700 61750 14750 58450 82375
29800 61750 14750 58450 82375
29900 61750 14750 58450 82400
30000 61750 14750 58450 82375
30100 61750 14750 58450 82350
30200 61750 14750 58425 82350
30300 61725 14750 58450 82350
30400 61700 14750 58450 82350
30500 61700 14750 58450 82325
30600 61700 14750 58450 82325
30700 61675 14725 58450 82275
30800 61675 14725 58450 82275
30900 61675 14775 58450 82275
31000 61675 14775 58450 82275
31100 61675 14775 58450 82275
31200 61600 14775 58450 82275
31300 61575 14800 58450 82225
31400 61575 14800 58450 82225
31500 61525 14775 58450 82175
31600 61525 14775 58450 82175
31700 61525 14775 58450 82175
31800 61525 14775 58450 82200
31900 61525 14750 58450 82200
32000 61525 14750 58450 82200
32100 61525 14750 58450 82200
32200 61525 14750 58450 82200
32300 61525 14750 58450 82200
32400 61525 14750 58475 82200
32500 61525 14725 58475 82225
32600 61525 14725 58475 82225
32700 61500 14725 58475 82225
32800 61500 14725 58475 82225
32900 61500 14725 58475 82225
33000 61500 14725 58500 82225
33100 61500 14700 58500 82225
33200 61500 14725 58500 82225
33300 61500 14675 58500 82200
33400 61475 14675 58500 82200
33500 61475 14700 58500 82200
33600 61475 14700 58500 82200
33700 61475 14700 58500 82200
33800 61475 14700 58525 82225
33900 61475 14700 58525 82225
34000 61475 14700 58525 82225
34100 61475 14700 58525 82250
34200 61475 14700 58525 82250
34300 61475 14700 58525 82250
34400 61475 14700 58525 82250
34500 61450 14675 58525 82250
34600 61450 14675 58525 82250
34700 61450 14675 58525 82250
34800 61450 14675 58550 82250
34900 61450 14650 58550 82250
35000 61450 14650 58550 82250
35100 61450 14650 58550 82250
35200 61450 14650 58550 82250
35300 61450 14650 58575 82250
35400 61425 14650 58575 82250
35500 61425 14650 58575 82275
35600 61450 14650 58575 82300
35700 61450 14625 58575 82300
35800 61500 14625 58575 82300
35900 61500 14650 58600 82325
36000 61500 14650 58600 82325
36100 61500 14650 58600 82325
36200 61500 14650 58600 82325
36300 61475 14650 58600 82325
36400 61475 14650 58600 82325
36500 61475 14650 58600 82325
36600 61475 14675 58600 82350
36700 61475 14675 58600 82350
36800 61475 14675 58600 82375
36900 61475 14675 58625 82375
37000 61475 14650 58625 82375
37100 61475 14650 58625 82375
37200 61450 14625 58625 82375
37300 61450 14625 58625 82400
37400 61450 14625 58625 82375
37500 61450 14625 58625 82375
37600 61425 14625 58625 82400
37700 61450 14625 58625 82425
37800 61425 14625 58625 82475
37900 61450 14600 58650 82475
38000 61450 14600 58650 82475
38100 61450 14600 58650 82525
38200 61450 14600 58625 82525
38300 61450 14575 58625 82525
38400 61450 14575 58625 82525
38500 61450 14550 58625 82525
38600 61450 14550 58625 82525
38700 61425 14550 58625 82525
38800 61425 14550 58650 82550
38900 61400 14550 58650 82550
39000 61400 14550 58675 82550
39100 61375 14550 58675 82550
39200 61375 14550 58700 82550
39300 61375 14550 58725 82550
39400 61375 14550 58750 82550
39500 61375 14575 58750 82550
39600 61375 14575 58750 82550
39700 61375 14550 58750 82550
39800 61375 14550 58750 82550
39900 61375 14550 58750 82550
40000 61375 14550 58775 82550
40100 61375 14550 58775 82575
40200 61375 14550 58775 82575
40300 61400 14550 58775 82575
40400 61425 14550 58775 82575
40500 61425 14550 58800 82575
40600 61425 14550 58800 82575
40700 61425 14550 58800 82575
40800 61425 14550 58800 82575
40900 61400 14550 58800 82575
41000 61425 14550 58800 82575
41100 61425 14575 58800 82575
41200 61425 14575 58800 82575
41300 61425 14575 58800 82600
41400 61425 14575 58800 82600
41500 61425 14575 58800 82600
41600 61425 14575 58800 82600
41700 61425 14575 58800 82600
41800 61425 14575 58800 82625
41900 61425 14575 58800 82625
42000 61425 14575 58800 82675
42100 61425 14575 58800 82675
42200 61425 14575 58775 82675
42300 61425 14575 58775 82675
42400 61425 14550 58775 82675
42500 61425 14550 58775 82650
42600 61450 14550 58775 82675
42700 61425 14550 58775 82675
42800 61425 14550 58775 82675
42900 61425 14550 58775 82675
43000 61425 14550 58775 82725
43100 61425 14550 58775 82725
43200 61425 14550 58775 82750
43300 61450 14550 58825 82750
43400 61450 14550 58825 82775
43500 61475 14550 58825 82800
43600 61500 14550 58825 82825
43700 61500 14550 58825 82850
43800 61500 14550 58825 82850
43900 61500 14550 58825 82850
44000 61500 14550 58825 82850
44100 61525 14550 58825 82850
44200 61525 14550 58825 82875
44300 61525 14550 58825 82875
44400 61550 14550 58825 82925
44500 61550 14550 58825 82900
44600 61525 14550 58825 82900
44700 61550 14550 58825 82900
44800 61550 14525 58850 82900
44900 61550 14525 58850 82900
45000 61550 14525 58850 82900
45100 61550 14525 58825 82900
45200 61550 14525 58800 82900
45300 61550 14525 58800 82925
45400 61500 14525 58800 82900
45500 61500 14525 58800 82900
45600 61525 14525 58800 82900
45700 61525 14525 58800 82900
45800 61525 14525 58800 82900
45900 61525 14525 58800 82900
46000 61525 14525 58800 82900
46100 61500 14525 58800 82875
46200 61500 14525 58800 82875
46300 61500 14525 58800 82875
46400 61500 14525 58800 82900
46500 61500 14525 58800 82925
46600 61500 14525 58800 82925
46700 61500 14525 58800 82925
46800 61500 14525 58800 82925
46900 61500 14500 58800 82925
47000 61500 14475 58800 82925
47100 61500 14475 58800 82925
47200 61500 14475 58800 82925
47300 61500 14450 58800 82925
47400 61500 14450 58800 82950
47500 61500 14450 58800 82950
47600 61500 14450 58800 82950
47700 61500 14450 58800 82950
47800 61500 14450 58775 82950
47900 61525 14450 58775 82950
48000 61525 14450 58800 82950
48100 61525 14450 58825 82975
48200 61550 14450 58825 82975
48300 61550 14450 58825 82975
48400 61550 14450 58825 82975
48500 61550 14400 58825 82975
48600 61550 14400 58825 82975
48700 61550 14400 58825 82975
48800 61550 14400 58825 82975
48900 61550 14400 58825 82975
49000 61550 14375 58800 82975
49100 61550 14375 58800 82975
49200 61550 14375 58800 82975
49300 61550 14375 58800 82975
49400 61550 14375 58800 82975
49500 61550 14375 58800 82975
49600 61550 14375 58800 82975
49700 61550 14375 58800 82975
49800 61550 14350 58800 82975
49900 61550 14350 58800 82975
50000 61550 14350 58800 82975
50100 61550 14350 58800 82975
50200 61550 14350 58800 82975
50300 61550 14350 58800 82975
50400 61550 14350 58775 82975
50500 61550 14350 58775 82975
50600 61550 14350 58775 82975
50700 61550 14350 58775 82975
50800 61550 14350 58775 82975
50900 61550 14350 58775 82975
51000 61550 14350 58775 82975
51100 61550 14350 58775 82975
51200 61550 14325 58775 82975
51300 61550 14325 58775 82975
51400 61550 14300 58775 82975
51500 61575 14300 58775 82975
51600 61575 14300 58775 82975
51700 61575 14300 58775 82975
51800 61575 14275 58775 82975
51900 61575 14275 58775 82975
52000 61575 14275 58775 82975
52100 61575 14250 58775 82950
52200 61575 14250 58775 82950
52300 61575 14250 58775 82950
52400 61575 14225 58775 82950
52500 61575 14225 58775 82950
52600 61575 14225 58775 82950
52700 61575 14225 58775 82950
52800 61575 14225 58750 82950
52900 61550 14225 58750 82950
53000 61550 14225 58750 82950
53100 61550 14225 58750 82950
53200 61550 14225 58725 82950
53300 61550 14225 58725 82950
53400 61550 14200 58725 82950
53500 61550 14175 58725 82975
53600 61550 14175 58725 82975
53700 61550 14175 58725 82975
53800 61550 14175 58725 82950
53900 61550 14175 58725 82950
54000 61550 14150 58725 82950
54100 61550 14150 58725 82950
54200 61550 14150 58725 82950
54300 61550 14150 58725 82950
54400 61550 14150 58725 82950
54500 61550 14150 58700 82950
54600 61550 14150 58700 82950
54700 61525 14125 58700 82950
54800 61525 14125 58700 82950
54900 61525 14125 58700 82950
55000 61525 14125 58700 82950
55100 61525 14125 58700 82950
55200 61525 14125 58700 82950
55300 61525 14125 58700 82950
55400 61525 14125 58700 82950
55500 61525 14125 58700 82950
55600 61525 14100 58700 82950
55700 61525 14100 58700 82950
55800 61525 14100 58700 82950
55900 61525 14100 58700 82950
56000 61525 14075 58700 82950
56100 61525 14050 58725 82950
56200 61525 14050 58725 82950
56300 61525 14050 58725 82950
56400 61525 14050 58725 82950
56500 61525 14025 58725 82950
56600 61525 14025 58700 82950
56700 61500 14025 58700 82950
56800 61500 14025 58700 82950
56900 61500 14025 58700 82950
57000 61500 14025 58675 82950
57100 61500 14025 58700 83000
57200 61500 14000 58700 83000
57300 61500 14000 58700 83000
57400 61500 14000 58700 83025
57500 61500 14000 58700 83025
57600 61500 14000 58700 83025
57700 61500 14000 58700 83025
57800 61525 14000 58700 83025
57900 61525 13975 58700 83025
58000 61525 13975 58700 83025
58100 61525 13975 58700 83025
58200 61525 13975 58700 83000
58300 61525 13975 58700 83000
58400 61525 13975 58700 82975
58500 61525 13975 58675 82975
58600 61525 13975 58675 82975
58700 61525 13950 58675 82975
58800 61500 13950 58675 82975
58900 61500 13950 58675 82975
59000 61500 13950 58675 82975
59100 61500 13950 58675 82975
59200 61500 13950 58675 82975
59300 61500 13950 58675 82975
59400 61500 13950 58675 82975
59500 61500 13950 58675 82975
59600 61500 13950 58675 82975
59700 61500 13950 58675 82975
59800 61475 13950 58675 82975
59900 61475 13950 58675 82975
60000 61475 13925 58675 82975
60100 61475 13925 58675 82975
60200 61475 13925 58675 82975
60300 61475 13925 58675 82975
60400 61475 13925 58675 82975
60500 61475 13925 58675 82975
60600 61475 13925 58675 82950
60700 61475 13925 58675 82950
60800 61475 13925 58675 82950
60900 61475 13925 58675 82950
61000 61475 13925 58675 82950
61100 61475 13925 58675 82950
61200 61475 13925 58675 82950
61300 61475 13925 58675 82950
61400 61475 13925 58675 82950
61500 61475 13925 58675 82950
61600 61475 13925 58675 82950
61700 61475 13925 58675 82950
61800 61475 13925 58675 82950
61900 61475 13925 58650 82925
62000 61475 13925 58650 82925
62100 61475 13925 58650 82925
62200 61475 13925 58675 82925
62300 61450 13925 58650 82925
62400 61475 13925 58650 82925
62500 61475 13900 58650 82925
62600 61475 13900 58650 82925
62700 61475 13900 58675 82950
62800 61475 13900 58675 82975
62900 61475 13900 58675 82975
63000 61475 13900 58650 82975
63100 61450 13900 58650 82975
63200 61450 13900 58675 82975
63300 61450 13900 58675 82975
63400 61450 13900 58675 82975
63500 61450 13900 58675 82975
63600 61450 13900 58675 82975
63700 61450 13900 58675 82975
63800 61450 13900 58675 82975
63900 61450 13900 58675 82975
64000 61450 13900 58675 82975
64100 61450 13900 58675 82975
64200 61450 13900 58675 82975
64300 61450 13900 58675 82975
64400 61450 13900 58675 82975
64500 61450 13900 58675 82975
64600 61450 13900 58675 82975
64700 61450 13900 58675 82975
64800 61450 13900 58675 82975
64900 61450 13900 58675 82950
65000 61450 13875 58675 82950
65100 61450 13850 58675 82925
65200 61475 13850 58675 82925
65300 61475 13850 58675 82925
65400 61475 13850 58675 82925
65500 61475 13850 58675 82925
65600 61475 13850 58675 82925
65700 61475 13850 58675 82925
65800 61475 13850 58675 82925
65900 61475 13850 58675 82900
66000 61475 13850 58675 82900
66100 61475 13850 58675 82900
66200 61475 13850 58675 82900
66300 61450 13850 58675 82900
66400 61450 13850 58675 82900
66500 61450 13850 58675 82900
66600 61450 13850 58675 82900
66700 61450 13850 58675 82900
66800 61450 13850 58675 82900
66900 61450 13850 58675 82900
67000 61450 13850 58675 82900
67100 61450 13850 58675 82900
67200 61450 13850 58675 82900
67300 61425 13850 58675 82900
67400 61425 13850 58675 82900
67500 61425 13850 58675 82900
67600 61425 13850 58675 82900
67700 61425 13850 58675 82900
67800 61425 13850 58675 82900
67900 61425 13850 58650 82900
68000 61425 13850 58650 82900
68100 61425 13850 58650 82900
68200 61425 13825 58650 82900
68300 61425 13825 58650 82900
68400 61425 13825 58650 82900
68500 61425 13825 58675 82900
68600 61425 13825 58650 82900
68700 61425 13825 58650 82900
68800 61425 13825 58650 82900
68900 61425 13825 58650 82900
69000 61425 13825 58650 82900
69100 61425 13825 58650 82900
69200 61425 13825 58650 82900
69300 61425 13825 58650 82900
69400 61425 13825 58650 82900
69500 61425 13825 58650 82925
69600 61425 13825 58650 82925
69700 61425 13825 58650 82925
69800 61425 13825 58625 82925
69900 61425 13800 58625 82900
70000 61425 13800 58625 82900
70100 61425 13800 58625 82925
70200 61425 13800 58625 82925
70300 61450 13800 58625 82925
70400 61450 13800 58625 82925
70500 61450 13800 58625 82925
70600 61450 13800 58625 82925
70700 61450 13800 58625 82925
70800 61450 13800 58625 82925
70900 61450 13800 58625 82925
71000 61450 13800 58625 82925
71100 61450 13800 58625 82925
71200 61450 13775 58625 82925
71300 61475 13775 58625 82900
71400 61475 13775 58625 82900
71500 61475 13775 58625 82900
71600 61450 13775 58625 82900
71700 61450 13775 58625 82900
71800 61450 13775 58625 82900
71900 61450 13775 58625 82900
72000 61450 13775 58625 82900
72100 61450 13775 58625 82900
72200 61450 13775 58625 82900
72300 61450 13775 58625 82900
72400 61450 13775 58625 82900
72500 61450 13775 58625 82900
72600 61450 13775 58625 82900
72700 61450 13775 58625 82900
72800 61450 13775 58625 82900
72900 61450 13775 58625 82900
73000 61450 13775 58625 82900
73100 61450 13775 58625 82900
73200 61450 13775 58625 82900
73300 61425 13775 58625 82900
73400 61450 13775 58625 82900
73500 61450 13775 58625 82900
73600 61450 13775 58625 82900
73700 61450 13775 58625 82900
73800 61450 13775 58650 82900
73900 61450 13775 58650 82900
74000 61450 13775 58650 82900
74100 61450 13775 58650 82900
74200 61450 13775 58650 82900
74300 61450 13775 58650 82900
74400 61450 13775 58650 82900
74500 61450 13775 58650 82900
74600 61450 13750 58650 82900
74700 61450 13750 58625 82900
74800 61450 13750 58625 82900
74900 61450 13750 58625 82900
75000 61450 13750 58625 82900
75100 61450 13750 58625 82900
75200 61450 13750 58625 82900
75300 61450 13750 58625 82900
75400 61450 13750 58625 82900
75500 61450 13750 58625 82900
75600 61450 13750 58625 82900
75700 61450 13725 58625 82900
75800 61450 13725 58650 82900
75900 61450 13725 58650 82900
76000 61450 13725 58650 82900
76100 61450 13725 58650 82900
76200 61450 13725 58650 82900
76300 61450 13725 58650 82900
76400 61450 13725 58650 82900
76500 61450 13725 58650 82900
76600 61475 13725 58650 82900
76700 61475 13725 58650 82900
76800 61475 13725 58650 82900
76900 61475 13725 58650 82900
77000 61475 13725 58650 82900
77100 61475 13725 58650 82900
77200 61475 13725 58650 82900
77300 61475 13700 58650 82900
77400 61475 13700 58650 82900
77500 61475 13700 58650 82900
77600 61475 13700 58650 82900
77700 61475 13700 58650 82900
77800 61475 13700 58650 82900
77900 61475 13700 58625 82900
78000 61475 13700 58650 82900
78100 61475 13675 58650 82900
78200 61475 13675 58650 82900
78300 61475 13675 58650 82900
78400 61475 13675 58650 82900
78500 61475 13675 58650 82900
78600 61475 13675 58650 82900
78700 61475 13675 58650 82900
78800 61475 13675 58650 82900
78900 61475 13675 58650 82925
79000 61475 13675 58650 82925
79100 61475 13675 58650 82925
79200 61475 13675 58650 82925
79300 61475 13675 58650 82925
79400 61475 13675 58650 82925
79500 61475 13675 58650 82925
79600 61475 13675 58650 82925
79700 61475 13675 58650 82925
79800 61525 13675 58650 82925
79900 61525 13675 58650 82950
80000 61525 13675 58650 82950
80100 61525 13675 58650 82950
80200 61525 13675 58650 82950
80300 61525 13675 58650 82950
80400 61525 13675 58650 82950
80500 61525 13675 58650 82950
80600 61500 13675 58675 82950
80700 61500 13675 58675 82950
80800 61500 13675 58675 82975
80900 61500 13675 58675 82975
81000 61500 13675 58675 82975
81100 61500 13675 58675 82975
81200 61500 13675 58675 82975
81300 61500 13675 58675 82975
81400 61500 13675 58675 82975
81500 61500 13675 58675 82975
81600 61500 13675 58675 82950
81700 61500 13675 58675 82950
81800 61500 13675 58675 82950
81900 61500 13650 58675 82950
82000 61500 13650 58675 82950
82100 61500 13650 58675 82950
82200 61500 13650 58675 82950
82300 61500 13650 58675 82950
82400 61500 13650 58675 82950
82500 61500 13650 58675 82950
82600 61500 13650 58675 82950
82700 61500 13650 58675 82950
82800 61500 13650 58675 82950
82900 61500 13650 58675 82950
83000 61500 13650 58675 82950
83100 61500 13650 58675 82950
83200 61500 13650 58675 82950
83300 61500 13650 58650 82950
83400 61500 13650 58650 82950
83500 61500 13625 58675 82925
83600 61500 13625 58675 82925
83700 61500 13625 58675 82925
83800 61500 13625 58675 82925
83900 61500 13625 58675 82925
84000 61500 13625 58675 82925
84100 61500 13625 58675 82925
84200 61500 13625 58675 82950
84300 61500 13625 58675 82950
84400 61500 13625 58675 82950
84500 61500 13625 58675 82950
84600 61500 13625 58675 82950
84700 61475 13625 58675 82950
84800 61475 13625 58675 82950
84900 61475 13625 58675 82950
85000 61475 13625 58675 82950
85100 61475 13625 58675 82950
85200 61475 13625 58675 82950
85300 61475 13625 58675 82950
85400 61475 13625 58675 82950
85500 61475 13625 58675 82950
85600 61475 13625 58675 82950
85700 61475 13625 58675 82950
85800 61475 13625 58675 82950
85900 61475 13625 58675 82950
86000 61475 13625 58675 82950
86100 61475 13625 58675 82950
86200 61475 13625 58675 82950
86300 61475 13625 58675 82950
86400 61475 13625 58675 82950
86500 61475 13625 58675 82950
86600 61475 13625 58675 82950
86700 61475 13625 58675 82950
86800 61475 13625 58675 82950
86900 61500 13625 58675 82950
87000 61500 13625 58675 82950
87100 61500 13625 58675 82950
87200 61500 13625 58675 82950
87300 61500 13625 58675 82950
87400 61500 13625 58675 82975
87500 61500 13625 58675 82975
87600 61500 13625 58675 82975
87700 61500 13625 58675 82975
87800 61500 13600 58675 82975
87900 61500 13600 58675 82975
88000 61500 13600 58675 82975
88100 61500 13600 58650 82975
88200 61500 13600 58650 82975
88300 61500 13600 58650 82975
88400 61500 13600 58650 82975
88500 61500 13600 58650 82975
88600 61500 13600 58650 82975
88700 61525 13600 58650 82975
88800 61525 13600 58650 82975
88900 61525 13600 58650 82975
89000 61525 13600 58650 82975
89100 61525 13600 58650 82975
89200 61525 13600 58650 82975
89300 61525 13600 58650 82975
89400 61525 13600 58650 82975
89500 61525 13575 58650 82975
89600 61525 13575 58650 82975
89700 61525 13575 58650 82975
89800 61525 13575 58650 82975
89900 61525 13575 58650 82975
90000 61525 13575 58650 82975
90100 61525 13575 58650 82975
90200 61525 13575 58650 83000
90300 61525 13575 58650 83000
90400 61525 13575 58650 83000
90500 61525 13575 58650 83000
90600 61525 13575 58650 83000
90700 61525 13575 58650 83000
90800 61525 13575 58650 83000
90900 61525 13575 58625 83000
91000 61525 13575 58625 83000
91100 61525 13575 58625 83000
91200 61525 13575 58625 83000
91300 61525 13575 58625 83000
91400 61525 13575 58625 83000
91500 61525 13575 58625 83000
91600 61525 13575 58625 83000
91700 61525 13575 58625 83000
91800 61525 13575 58625 83000
91900 61525 13575 58650 83000
92000 61525 13575 58650 83000
92100 61525 13575 58650 83000
92200 61525 13575 58650 83000
92300 61525 13575 58650 83000
92400 61525 13575 58650 83000
92500 61525 13575 58650 83000
92600 61525 13575 58650 83000
92700 61525 13575 58650 83000
92800 61550 13575 58650 83000
92900 61550 13575 58650 83000
93000 61550 13575 58650 83000
93100 61550 13575 58650 83000
93200 61550 13575 58650 83000
93300 61550 13575 58650 83000
93400 61550 13575 58650 83000
93500 61550 13550 58650 83000
93600 61550 13550 58650 83000
93700 61550 13550 58650 83000
93800 61550 13550 58650 83000
93900 61550 13550 58650 83000
94000 61550 13550 58650 83000
94100 61550 13550 58650 83000
94200 61550 13550 58650 83000
94300 61550 13550 58650 83000
94400 61550 13550 58650 83000
94500 61550 13550 58650 82975
94600 61550 13550 58650 82975
94700 61550 13550 58650 82975
94800 61550 13550 58650 82975
94900 61550 13550 58650 82975
95000 61550 13550 58650 82975
95100 61550 13550 58650 82975
95200 61550 13550 58650 83025
95300 61550 13550 58650 83025
95400 61550 13550 58650 83025
95500 61550 13550 58675 83025
95600 61550 13550 58675 83025
95700 61550 13550 58675 83025
95800 61550 13550 58675 83025
95900 61550 13550 58675 83025
96000 61550 13550 58675 83025
96100 61550 13550 58675 83025
96200 61550 13550 58675 83025
96300 61550 13550 58675 83025
96400 61550 13550 58675 83025
96500 61550 13550 58675 83025
96600 61550 13550 58675 83025
96700 61550 13550 58675 83025
96800 61550 13550 58675 83025
96900 61550 13550 58675 83025
97000 61550 13550 58675 83025
97100 61550 13525 58675 83025
97200 61550 13525 58675 83025
97300 61550 13525 58675 83025
97400 61550 13525 58675 83025
97500 61550 13525 58675 83025
97600 61550 13525 58675 83025
97700 61550 13525 58675 83025
97800 61575 13525 58675 83025
97900 61575 13525 58675 83025
98000 61575 13525 58675 83025
98100 61575 13525 58675 83025
98200 61575 13525 58675 83025
98300 61575 13525 58675 83025
98400 61575 13525 58675 83025
98500 61575 13525 58700 83025
98600 61575 13525 58700 83025
98700 61575 13525 58700 83025
98800 61575 13525 58700 83025
98900 61575 13525 58700 83025
99000 61575 13525 58700 83025
99100 61575 13525 58700 83050
99200 61575 13525 58700 83050
99300 61575 13525 58700 83050
99400 61575 13525 58700 83050
99500 61575 13525 58700 83050
99600 61575 13525 58700 83050
99700 61575 13525 58700 83050
99800 61575 13525 58700 83050
99900 61575 13525 58700 83050
100000 61575 13525 58700 83050
