# gr0gr1_gb gr0gr2_gb gr0gr3_gb gr1gr2_gb gr1gr3_gb gr2gr3_gb total (total2 if different)
655 1675 1500 690 1250 1470 6725 7240
635 1685 1500 685 1255 1475 6775 7235
640 1685 1505 675 1250 1495 6760 7250
610 1690 1500 665 1250 1495 6720 7210
595 1700 1490 665 1245 1505 6700 7200
605 1710 1485 645 1245 1505 6710 7195
615 1710 1490 640 1245 1500 6715 7200
600 1705 1505 620 1245 1510 6690 7185
595 1710 1505 610 1245 1510 6695 7175
605 1720 1505 610 1245 1520 6690 7205
610 1725 1505 610 1250 1525 6675 7225
605 1730 1505 600 1240 1520 6660 7200
610 1730 1520 595 1235 1520 6635 7210
590 1725 1520 575 1235 1530 6640 7175
585 1730 1520 550 1230 1525 6615 7140
580 1730 1520 565 1225 1520 6610 7140
590 1730 1515 575 1215 1510 6590 7135
590 1735 1520 575 1210 1505 6585 7135
585 1730 1520 570 1215 1505 6565 7125
580 1725 1525 570 1210 1515 6545 7125
585 1730 1520 570 1205 1505 6550 7115
575 1725 1520 560 1195 1515 6545 7090
575 1725 1520 550 1205 1510 6540 7085
565 1715 1520 545 1205 1490 6525 7040
570 1720 1520 545 1200 1490 6520 7045
555 1720 1520 535 1205 1490 6505 7025
560 1720 1525 535 1200 1490 6490 7030
575 1725 1525 535 1190 1490 6500 7040
565 1720 1515 550 1195 1490 6495 7035
575 1730 1515 555 1200 1490 6475 7065
565 1730 1515 555 1195 1490 6470 7050
570 1730 1520 555 1200 1495 6475 7070
570 1740 1525 565 1195 1485 6465 7080
575 1735 1525 560 1190 1485 6460 7070
575 1735 1525 555 1190 1475 6460 7055
570 1735 1530 555 1190 1465 6460 7045
570 1735 1530 545 1190 1475 6465 7045
555 1735 1530 535 1190 1470 6470 7015
550 1735 1530 540 1185 1470 6455 7010
545 1735 1530 540 1175 1465 6445 6990
545 1735 1520 540 1170 1460 6445 6970
540 1735 1525 535 1170 1460 6440 6965
545 1735 1525 525 1165 1455 6435 6950
550 1740 1525 525 1165 1455 6430 6960
540 1735 1525 520 1165 1455 6420 6940
545 1740 1520 520 1155 1460 6420 6940
540 1740 1520 515 1140 1460 6410 6915
540 1740 1520 520 1140 1460 6410 6920
530 1745 1520 525 1135 1460 6395 6915
530 1740 1520 520 1135 1460 6380 6905
535 1740 1520 515 1130 1460 6380 6900
540 1745 1520 525 1120 1460 6370 6910
540 1745 1520 525 1120 1460 6370 6910
540 1745 1520 525 1120 1460 6365 6910
545 1745 1525 530 1115 1460 6365 6920
545 1745 1525 525 1115 1455 6360 6910
550 1750 1525 530 1110 1460 6365 6925
545 1750 1525 530 1095 1475 6360 6920
550 1750 1535 535 1080 1475 6350 6925
550 1755 1535 540 1075 1475 6340 6930
550 1755 1535 535 1065 1470 6325 6910
545 1755 1540 520 1055 1470 6315 6885
535 1755 1530 520 1050 1470 6295 6860
545 1755 1535 520 1045 1470 6305 6870
540 1755 1530 510 1045 1485 6315 6865
540 1755 1530 510 1045 1490 6345 6870
540 1755 1525 520 1040 1490 6340 6870
540 1755 1520 520 1040 1495 6355 6870
535 1755 1520 505 1040 1495 6360 6850
530 1755 1520 505 1035 1495 6360 6840
520 1755 1520 505 1035 1495 6365 6830
530 1755 1510 505 1025 1495 6370 6820
530 1755 1510 505 1025 1495 6375 6820
530 1755 1535 510 1030 1490 6355 6850
530 1745 1535 510 1030 1490 6340 6840
525 1745 1545 510 1030 1495 6345 6850
525 1745 1545 510 1030 1495 6355 6850
525 1745 1545 510 1035 1495 6360 6855
515 1745 1550 505 1035 1495 6365 6845
515 1745 1550 505 1035 1495 6355 6845
520 1745 1550 510 1035 1495 6365 6855
520 1745 1550 510 1035 1490 6375 6850
515 1745 1550 515 1035 1485 6365 6845
515 1745 1550 510 1035 1490 6375 6845
510 1745 1550 510 1035 1490 6370 6840
515 1745 1550 505 1035 1485 6360 6835
520 1745 1545 505 1035 1490 6365 6840
530 1755 1550 505 1035 1490 6370 6865
530 1755 1550 505 1035 1485 6360 6860
525 1745 1540 505 1035 1485 6365 6835
520 1745 1540 505 1035 1480 6360 6825
520 1750 1535 505 1030 1485 6365 6825
520 1750 1535 505 1030 1485 6365 6825
525 1750 1545 505 1030 1485 6365 6840
525 1750 1535 505 1035 1480 6355 6830
525 1750 1545 500 1035 1480 6355 6835
520 1750 1540 500 1035 1480 6340 6825
520 1750 1545 500 1035 1490 6335 6840
525 1750 1545 505 1035 1485 6330 6845
530 1750 1545 505 1035 1475 6345 6840
530 1750 1550 500 1035 1475 6350 6840
530 1750 1550 495 1035 1470 6340 6830
530 1755 1560 505 1035 1470 6345 6855
535 1755 1565 510 1035 1465 6330 6865
535 1755 1565 510 1035 1470 6320 6870
535 1755 1570 510 1030 1460 6325 6860
540 1755 1570 510 1030 1455 6320 6860
540 1755 1570 505 1030 1445 6315 6845
540 1755 1565 505 1030 1445 6310 6840
540 1755 1565 505 1030 1445 6310 6840
540 1755 1565 505 1030 1445 6310 6840
540 1760 1565 510 1030 1445 6310 6850
535 1760 1555 515 1030 1445 6310 6840
530 1760 1555 520 1030 1445 6305 6840
525 1760 1555 520 1035 1445 6305 6840
525 1760 1555 520 1035 1445 6300 6840
525 1760 1560 520 1035 1450 6305 6850
530 1760 1565 515 1035 1455 6315 6860
535 1760 1565 510 1035 1455 6310 6860
535 1760 1560 515 1040 1460 6315 6870
535 1760 1565 520 1040 1465 6315 6885
540 1760 1545 520 1040 1470 6320 6875
540 1760 1540 520 1040 1475 6320 6875
540 1765 1540 525 1040 1475 6325 6885
540 1760 1540 525 1040 1475 6315 6880
540 1760 1540 525 1040 1480 6315 6885
540 1760 1540 530 1040 1485 6325 6895
535 1760 1535 530 1040 1485 6320 6885
535 1760 1535 530 1040 1480 6315 6880
535 1760 1535 525 1040 1480 6315 6875
530 1760 1535 520 1045 1480 6320 6870
530 1760 1535 515 1045 1480 6320 6865
525 1760 1535 515 1045 1480 6320 6860
515 1760 1535 505 1045 1485 6330 6845
515 1760 1535 505 1050 1485 6325 6850
515 1760 1535 505 1050 1485 6330 6850
510 1760 1530 505 1050 1485 6330 6840
510 1760 1525 505 1050 1485 6330 6835
510 1760 1525 505 1050 1490 6340 6840
510 1760 1520 505 1050 1485 6330 6830
505 1760 1515 505 1050 1490 6325 6825
510 1755 1520 505 1050 1480 6330 6820
510 1755 1520 505 1050 1480 6335 6820
505 1750 1525 500 1055 1475 6345 6810
510 1750 1525 500 1055 1475 6340 6815
510 1750 1525 505 1055 1475 6340 6820
515 1750 1525 505 1060 1485 6360 6840
515 1750 1535 510 1060 1490 6370 6860
520 1750 1535 510 1060 1495 6370 6870
520 1750 1535 510 1060 1495 6375 6870
520 1750 1535 510 1060 1495 6375 6870
520 1750 1535 510 1060 1500 6375 6875
520 1750 1535 510 1065 1505 6385 6885
520 1750 1535 510 1055 1510 6390 6880
520 1745 1535 510 1060 1505 6395 6875
520 1745 1530 510 1060 1510 6390 6875
520 1745 1525 510 1060 1510 6385 6870
520 1745 1525 510 1060 1515 6390 6875
520 1740 1525 510 1060 1510 6385 6865
515 1740 1525 505 1065 1510 6390 6860
515 1740 1525 510 1065 1510 6390 6865
515 1740 1525 510 1070 1510 6395 6870
515 1740 1530 510 1070 1510 6405 6875
510 1740 1540 510 1070 1520 6410 6890
510 1740 1545 510 1065 1525 6410 6895
510 1740 1545 505 1070 1525 6415 6895
510 1740 1545 500 1070 1525 6430 6890
510 1740 1555 500 1075 1530 6440 6910
510 1740 1565 500 1075 1525 6440 6915
505 1740 1570 500 1080 1525 6440 6920
505 1740 1575 500 1080 1525 6440 6925
500 1740 1575 505 1085 1525 6440 6930
500 1740 1575 505 1090 1525 6440 6935
500 1740 1575 505 1100 1520 6445 6940
500 1740 1575 510 1100 1525 6450 6950
505 1740 1575 510 1115 1520 6455 6965
500 1740 1570 510 1125 1520 6465 6965
500 1740 1570 505 1120 1515 6455 6950
500 1740 1570 505 1120 1515 6455 6950
500 1740 1565 510 1120 1510 6450 6945
505 1740 1575 510 1130 1510 6450 6970
505 1740 1575 510 1130 1510 6450 6970
510 1740 1580 505 1130 1510 6450 6975
510 1740 1580 500 1125 1510 6445 6965
515 1740 1580 500 1125 1505 6445 6965
515 1740 1580 500 1120 1505 6445 6960
520 1740 1585 500 1120 1505 6440 6970
520 1745 1585 500 1120 1505 6450 6975
520 1745 1590 495 1120 1505 6455 6975
520 1750 1590 500 1120 1510 6450 6990
530 1750 1600 500 1120 1510 6455 7010
530 1750 1600 500 1120 1510 6450 7010
530 1750 1600 500 1120 1505 6450 7005
525 1750 1595 495 1120 1505 6450 6990
520 1750 1590 495 1120 1505 6440 6980
520 1750 1590 495 1120 1505 6440 6980
520 1750 1590 495 1115 1495 6435 6965
520 1750 1590 495 1120 1495 6435 6970
520 1750 1590 495 1120 1495 6430 6970
520 1750 1590 495 1120 1495 6430 6970
520 1750 1595 495 1115 1495 6435 6970
520 1755 1595 495 1115 1490 6445 6970
525 1755 1600 495 1115 1490 6440 6980
520 1755 1600 500 1115 1485 6440 6975
520 1755 1600 495 1115 1485 6445 6970
520 1755 1600 500 1115 1485 6440 6975
520 1755 1600 495 1115 1480 6435 6965
520 1755 1600 490 1110 1475 6430 6950
520 1755 1605 490 1110 1480 6430 6960
520 1755 1605 490 1110 1480 6435 6960
520 1755 1600 490 1105 1475 6435 6945
520 1755 1595 490 1100 1475 6435 6935
520 1755 1595 490 1105 1475 6430 6940
520 1755 1595 490 1105 1480 6430 6945
520 1760 1590 495 1105 1480 6420 6950
520 1760 1590 495 1105 1475 6415 6945
520 1760 1585 490 1100 1475 6415 6930
520 1760 1580 495 1090 1470 6410 6915
525 1765 1570 495 1090 1470 6405 6915
525 1765 1570 500 1090 1470 6405 6920
525 1765 1565 500 1090 1470 6400 6915
525 1770 1570 500 1095 1470 6405 6930
530 1770 1570 500 1095 1470 6395 6935
530 1770 1570 500 1095 1465 6390 6930
530 1770 1570 500 1100 1460 6390 6930
530 1770 1570 500 1100 1460 6385 6930
530 1770 1570 500 1100 1465 6385 6935
530 1770 1570 500 1100 1470 6400 6940
530 1775 1570 500 1100 1470 6405 6945
530 1775 1570 505 1100 1470 6410 6950
530 1775 1570 505 1100 1470 6410 6950
530 1775 1565 505 1100 1470 6405 6945
530 1775 1560 505 1100 1470 6395 6940
530 1775 1560 505 1100 1475 6395 6945
530 1775 1550 505 1105 1475 6390 6940
535 1775 1545 505 1105 1475 6390 6940
535 1775 1545 505 1105 1475 6390 6940
535 1775 1535 495 1100 1475 6395 6915
535 1775 1530 495 1100 1475 6390 6910
535 1775 1530 500 1105 1480 6385 6925
535 1775 1530 500 1105 1480 6385 6925
535 1775 1530 500 1110 1480 6390 6930
535 1775 1530 500 1110 1480 6390 6930
535 1775 1530 500 1110 1480 6390 6930
535 1775 1525 500 1110 1480 6400 6925
535 1775 1525 500 1115 1480 6405 6930
535 1775 1520 505 1115 1485 6410 6935
540 1775 1520 505 1120 1485 6420 6945
540 1775 1520 505 1120 1485 6410 6945
540 1775 1520 505 1120 1485 6410 6945
540 1775 1520 505 1120 1480 6410 6940
540 1775 1520 505 1120 1485 6410 6945
540 1780 1520 505 1125 1485 6415 6955
540 1780 1520 505 1125 1485 6415 6955
540 1780 1520 505 1125 1485 6420 6955
540 1780 1520 510 1125 1485 6420 6960
540 1780 1520 510 1130 1485 6420 6965
540 1785 1520 510 1125 1485 6430 6965
540 1785 1520 515 1130 1485 6435 6975
535 1785 1520 515 1135 1485 6440 6975
535 1785 1520 515 1140 1485 6450 6980
535 1785 1520 515 1145 1485 6460 6985
535 1785 1520 510 1150 1485 6465 6985
535 1785 1520 510 1160 1495 6475 7005
535 1785 1520 510 1170 1500 6490 7020
535 1785 1520 510 1170 1505 6485 7025
535 1785 1520 510 1170 1505 6480 7025
535 1785 1520 510 1170 1505 6480 7025
535 1785 1525 515 1170 1505 6485 7035
535 1785 1530 510 1170 1505 6490 7035
535 1785 1530 510 1170 1505 6490 7035
535 1785 1530 510 1170 1515 6500 7045
535 1785 1530 510 1170 1515 6500 7045
540 1790 1530 510 1170 1515 6505 7055
540 1790 1530 510 1170 1510 6500 7050
535 1790 1530 510 1170 1510 6505 7045
535 1790 1530 510 1170 1515 6500 7050
535 1790 1530 510 1165 1515 6500 7045
535 1790 1535 510 1160 1515 6505 7045
535 1790 1540 510 1160 1515 6510 7050
535 1790 1540 510 1160 1520 6510 7055
535 1795 1540 510 1160 1520 6515 7060
535 1795 1540 505 1160 1520 6510 7055
535 1795 1535 505 1160 1520 6515 7050
535 1795 1535 505 1160 1520 6510 7050
535 1795 1535 505 1160 1520 6510 7050
535 1795 1540 505 1160 1525 6510 7060
535 1795 1540 505 1160 1525 6515 7060
535 1795 1540 505 1160 1520 6520 7055
535 1795 1540 510 1160 1525 6520 7065
535 1795 1540 510 1160 1525 6520 7065
535 1800 1545 505 1160 1530 6535 7075
535 1800 1540 505 1160 1530 6535 7070
540 1800 1540 510 1160 1530 6535 7080
540 1800 1535 505 1160 1530 6530 7070
540 1800 1540 510 1160 1525 6535 7075
540 1800 1545 510 1160 1530 6540 7085
540 1800 1545 510 1160 1535 6545 7090
540 1800 1550 510 1160 1535 6545 7095
540 1800 1555 505 1160 1535 6550 7095
545 1800 1560 505 1155 1535 6555 7100
540 1800 1565 505 1155 1535 6555 7100
540 1805 1565 505 1145 1530 6575 7090
540 1805 1565 505 1145 1530 6575 7090
545 1805 1570 505 1145 1530 6565 7100
545 1805 1575 505 1145 1530 6565 7105
545 1805 1580 505 1145 1530 6565 7110
545 1810 1585 505 1145 1530 6580 7120
545 1810 1595 505 1145 1530 6590 7130
545 1810 1595 505 1145 1525 6590 7125
545 1810 1610 505 1145 1515 6615 7130
545 1810 1615 505 1145 1515 6615 7135
550 1810 1620 505 1145 1515 6615 7145
550 1810 1620 505 1145 1510 6610 7140
550 1810 1625 505 1145 1510 6615 7145
545 1810 1625 500 1145 1510 6615 7135
545 1805 1620 500 1145 1510 6615 7125
545 1805 1620 500 1145 1510 6615 7125
545 1805 1620 500 1145 1510 6615 7125
540 1805 1620 505 1145 1510 6610 7125
540 1805 1620 505 1145 1510 6610 7125
540 1805 1625 505 1145 1515 6610 7135
540 1805 1620 505 1145 1515 6615 7130
540 1805 1620 505 1145 1515 6615 7130
535 1805 1615 500 1140 1515 6615 7110
535 1805 1615 500 1135 1510 6610 7100
535 1805 1615 500 1135 1510 6615 7100
535 1805 1615 500 1135 1510 6610 7100
535 1805 1615 500 1135 1510 6625 7100
535 1810 1615 500 1130 1510 6630 7100
535 1810 1620 505 1130 1515 6625 7115
535 1810 1615 505 1125 1515 6625 7105
535 1810 1615 505 1125 1510 6625 7100
535 1810 1615 505 1125 1510 6615 7100
535 1810 1615 505 1125 1510 6615 7100
535 1810 1615 505 1125 1510 6615 7100
535 1810 1615 505 1125 1510 6610 7100
535 1810 1615 505 1125 1510 6610 7100
530 1810 1615 505 1125 1510 6610 7095
530 1810 1615 505 1125 1510 6610 7095
525 1810 1615 505 1125 1515 6620 7095
525 1815 1615 505 1125 1515 6620 7100
525 1815 1615 505 1125 1515 6620 7100
525 1815 1615 505 1125 1515 6615 7100
525 1815 1615 505 1125 1515 6620 7100
525 1815 1615 500 1125 1515 6620 7095
525 1815 1615 500 1125 1515 6620 7095
525 1815 1615 500 1125 1515 6620 7095
530 1815 1625 500 1125 1515 6615 7110
530 1820 1625 500 1125 1515 6620 7115
530 1820 1625 500 1125 1510 6615 7110
530 1820 1620 500 1125 1510 6605 7105
530 1820 1620 505 1125 1515 6610 7115
535 1820 1615 505 1120 1510 6600 7105
535 1820 1615 505 1120 1510 6585 7105
535 1820 1615 505 1120 1510 6585 7105
535 1820 1615 505 1120 1510 6585 7105
535 1820 1615 505 1120 1510 6585 7105
535 1820 1615 510 1120 1510 6590 7110
535 1820 1615 510 1120 1510 6590 7110
535 1825 1615 510 1115 1510 6590 7110
535 1825 1615 510 1115 1510 6580 7110
535 1825 1620 510 1115 1515 6580 7120
535 1825 1620 510 1115 1510 6575 7115
535 1825 1620 510 1115 1510 6570 7115
535 1825 1620 510 1115 1510 6575 7115
535 1825 1620 510 1115 1510 6575 7115
540 1825 1625 510 1115 1510 6585 7125
535 1830 1625 505 1115 1510 6580 7120
530 1830 1625 505 1115 1510 6585 7115
530 1830 1625 505 1115 1510 6585 7115
530 1830 1625 505 1115 1505 6585 7110
530 1830 1620 505 1115 1505 6575 7105
530 1830 1620 505 1115 1500 6570 7100
530 1830 1620 505 1115 1495 6565 7095
530 1830 1620 505 1115 1490 6565 7090
530 1830 1615 505 1115 1485 6555 7080
530 1830 1615 505 1115 1485 6560 7080
535 1830 1615 510 1115 1485 6565 7090
535 1835 1615 510 1115 1485 6565 7095
535 1835 1615 510 1115 1485 6570 7095
535 1835 1615 510 1115 1485 6570 7095
535 1835 1615 510 1115 1485 6575 7095
535 1835 1610 510 1115 1485 6565 7090
535 1835 1610 510 1115 1480 6570 7085
535 1835 1610 510 1115 1475 6565 7080
535 1840 1610 510 1115 1475 6570 7085
535 1840 1610 510 1115 1480 6565 7090
535 1840 1605 510 1115 1480 6560 7085
535 1840 1605 505 1110 1480 6555 7075
535 1835 1600 505 1110 1475 6550 7060
535 1835 1600 505 1110 1475 6550 7060
535 1835 1600 505 1110 1475 6555 7060
530 1835 1600 505 1110 1475 6555 7055
525 1835 1600 500 1110 1475 6555 7045
525 1835 1600 500 1110 1475 6550 7045
525 1835 1600 500 1110 1470 6545 7040
525 1835 1595 500 1110 1465 6545 7030
525 1835 1595 500 1110 1465 6540 7030
525 1835 1590 500 1110 1465 6535 7025
525 1835 1590 500 1110 1465 6530 7025
525 1835 1590 500 1110 1465 6530 7025
525 1835 1590 500 1110 1465 6530 7025
525 1835 1590 500 1110 1465 6530 7025
525 1835 1590 505 1110 1470 6535 7035
525 1840 1585 505 1105 1470 6530 7030
525 1840 1585 505 1105 1470 6525 7030
525 1840 1585 510 1105 1475 6525 7040
525 1840 1575 510 1105 1475 6520 7030
525 1840 1575 510 1105 1475 6520 7030
525 1835 1575 510 1105 1475 6520 7025
525 1835 1575 510 1105 1475 6520 7025
525 1835 1575 505 1105 1480 6520 7025
525 1845 1570 510 1105 1475 6515 7030
525 1845 1570 510 1105 1475 6515 7030
525 1845 1565 510 1105 1475 6505 7025
525 1845 1565 510 1105 1475 6505 7025
525 1845 1560 510 1105 1475 6510 7020
530 1845 1560 510 1105 1480 6510 7030
530 1845 1560 510 1105 1480 6515 7030
530 1845 1560 510 1105 1480 6520 7030
530 1845 1550 505 1100 1480 6510 7010
530 1840 1540 505 1100 1480 6515 6995
530 1840 1540 505 1100 1480 6515 6995
535 1840 1535 505 1100 1475 6515 6990
535 1840 1530 500 1100 1475 6505 6980
535 1845 1530 500 1100 1475 6505 6985
535 1845 1530 505 1100 1470 6500 6985
535 1845 1520 510 1100 1470 6485 6980
535 1845 1515 510 1100 1470 6480 6975
535 1845 1500 510 1100 1475 6470 6965
535 1845 1500 510 1100 1475 6460 6965
535 1845 1495 510 1100 1475 6455 6960
530 1845 1490 505 1100 1475 6455 6945
530 1845 1490 505 1100 1475 6455 6945
530 1850 1490 505 1100 1475 6455 6950
530 1850 1490 505 1100 1475 6450 6950
530 1850 1485 505 1100 1475 6445 6945
525 1850 1480 505 1100 1475 6445 6935
525 1850 1470 505 1100 1470 6430 6920
525 1850 1470 505 1100 1470 6435 6920
525 1850 1470 505 1100 1470 6440 6920
525 1850 1470 500 1100 1475 6435 6920
525 1850 1470 500 1100 1475 6435 6920
525 1855 1470 500 1100 1475 6435 6925
530 1855 1465 500 1095 1475 6435 6920
530 1855 1465 500 1095 1480 6440 6925
530 1855 1465 500 1095 1480 6445 6925
530 1855 1465 500 1095 1480 6440 6925
530 1855 1465 500 1095 1480 6455 6925
530 1860 1465 500 1095 1485 6455 6935
530 1860 1465 500 1095 1485 6450 6935
530 1860 1465 500 1095 1485 6450 6935
530 1860 1465 500 1095 1485 6450 6935
530 1860 1465 500 1095 1485 6450 6935
530 1860 1465 500 1095 1485 6450 6935
530 1860 1465 500 1095 1490 6460 6940
535 1860 1465 495 1095 1490 6460 6940
535 1865 1465 500 1095 1490 6460 6950
535 1865 1465 500 1095 1490 6455 6950
535 1865 1465 500 1095 1485 6450 6945
535 1865 1465 500 1095 1485 6450 6945
535 1865 1465 500 1095 1485 6450 6945
535 1870 1465 500 1095 1485 6450 6950
535 1870 1465 500 1095 1485 6455 6950
535 1870 1465 500 1100 1485 6460 6955
535 1870 1465 500 1100 1485 6460 6955
535 1870 1465 500 1100 1485 6460 6955
535 1870 1465 505 1100 1485 6465 6960
535 1870 1465 505 1100 1480 6460 6955
530 1870 1470 505 1100 1485 6460 6960
530 1870 1470 505 1100 1480 6460 6955
530 1870 1470 505 1100 1480 6460 6955
530 1870 1470 505 1100 1485 6465 6960
530 1870 1470 500 1095 1485 6460 6950
530 1870 1470 500 1095 1485 6455 6950
530 1870 1470 500 1095 1485 6445 6950
530 1870 1470 495 1090 1485 6440 6940
530 1870 1465 500 1085 1485 6440 6935
530 1870 1465 500 1085 1485 6440 6935
530 1870 1465 500 1085 1485 6450 6935
530 1875 1465 500 1085 1485 6450 6940
530 1875 1465 500 1085 1485 6450 6940
530 1875 1465 505 1085 1490 6450 6950
530 1875 1465 505 1085 1490 6450 6950
530 1875 1465 505 1085 1495 6460 6955
530 1875 1465 505 1090 1495 6460 6960
530 1875 1465 505 1090 1495 6460 6960
530 1875 1470 500 1090 1500 6460 6965
530 1875 1470 500 1090 1500 6460 6965
530 1875 1470 500 1090 1500 6460 6965
530 1875 1470 500 1090 1500 6460 6965
530 1875 1470 500 1090 1500 6460 6965
530 1875 1470 500 1090 1500 6465 6965
530 1875 1470 500 1090 1500 6465 6965
530 1875 1470 500 1090 1500 6465 6965
530 1880 1475 500 1090 1500 6465 6975
530 1880 1475 500 1090 1500 6465 6975
535 1880 1475 500 1090 1500 6465 6980
535 1880 1475 500 1090 1505 6470 6985
535 1880 1475 500 1090 1510 6470 6990
535 1880 1475 500 1090 1510 6470 6990
535 1880 1475 500 1090 1505 6470 6985
535 1880 1475 500 1090 1505 6470 6985
535 1880 1475 505 1090 1505 6470 6990
535 1880 1475 505 1090 1505 6470 6990
535 1880 1475 505 1090 1505 6470 6990
535 1885 1475 500 1090 1505 6475 6990
535 1885 1480 500 1095 1505 6475 7000
535 1885 1480 500 1095 1505 6480 7000
535 1885 1480 500 1095 1505 6475 7000
535 1885 1480 500 1095 1505 6475 7000
535 1890 1480 505 1095 1505 6475 7010
535 1890 1480 505 1095 1505 6480 7010
530 1890 1485 505 1095 1505 6480 7010
525 1890 1485 505 1095 1505 6480 7005
525 1890 1485 505 1095 1505 6490 7005
525 1890 1485 505 1095 1505 6490 7005
525 1890 1485 505 1095 1505 6490 7005
525 1890 1485 510 1095 1505 6495 7010
525 1890 1485 510 1095 1500 6495 7005
525 1890 1485 510 1100 1500 6495 7010
525 1895 1485 510 1100 1500 6495 7015
525 1895 1485 510 1100 1505 6500 7020
525 1895 1485 510 1100 1505 6505 7020
525 1895 1485 510 1100 1505 6505 7020
525 1895 1490 505 1095 1505 6505 7015
525 1895 1490 505 1095 1510 6510 7020
525 1895 1490 505 1095 1510 6510 7020
525 1895 1490 505 1095 1510 6515 7020
525 1895 1490 505 1095 1510 6515 7020
525 1895 1490 505 1095 1510 6515 7020
525 1895 1495 505 1095 1510 6515 7025
525 1895 1495 505 1095 1510 6520 7025
530 1895 1495 505 1095 1510 6520 7030
530 1895 1495 505 1095 1510 6525 7030
530 1895 1495 505 1095 1510 6525 7030
530 1895 1495 505 1095 1510 6525 7030
530 1895 1495 505 1100 1515 6525 7040
530 1895 1495 505 1100 1515 6525 7040
530 1895 1500 505 1100 1520 6530 7050
530 1895 1500 505 1100 1520 6530 7050
530 1895 1500 505 1100 1520 6540 7050
530 1895 1500 505 1100 1520 6540 7050
530 1895 1500 505 1100 1520 6540 7050
530 1895 1500 505 1100 1520 6540 7050
530 1895 1505 505 1100 1520 6540 7055
530 1895 1505 505 1100 1520 6540 7055
530 1895 1505 505 1105 1520 6540 7060
530 1895 1505 505 1105 1520 6540 7060
530 1895 1505 505 1105 1520 6540 7060
525 1895 1510 505 1105 1520 6545 7060
525 1895 1510 510 1105 1520 6545 7065
525 1895 1510 510 1105 1520 6545 7065
525 1895 1510 510 1105 1515 6545 7060
520 1895 1510 510 1105 1515 6550 7055
520 1895 1510 515 1105 1515 6550 7060
520 1895 1510 515 1105 1515 6550 7060
520 1895 1510 515 1105 1515 6550 7060
520 1895 1510 515 1105 1515 6550 7060
520 1895 1510 515 1105 1510 6555 7055
520 1895 1510 510 1105 1515 6560 7055
520 1895 1510 510 1110 1515 6565 7060
520 1895 1515 510 1110 1515 6565 7065
520 1895 1515 510 1110 1515 6565 7065
520 1895 1515 510 1110 1520 6570 7070
520 1895 1515 505 1110 1520 6555 7065
520 1895 1520 510 1110 1520 6560 7075
520 1895 1520 510 1110 1515 6560 7070
520 1895 1515 510 1105 1515 6555 7060
520 1895 1515 510 1110 1515 6555 7065
520 1895 1515 510 1110 1515 6555 7065
520 1895 1515 510 1110 1515 6555 7065
520 1895 1515 510 1110 1515 6550 7065
520 1895 1515 510 1110 1515 6555 7065
520 1895 1515 510 1110 1515 6555 7065
520 1895 1520 510 1110 1520 6555 7075
520 1895 1520 510 1110 1520 6560 7075
520 1895 1520 510 1110 1520 6560 7075
520 1895 1520 510 1110 1520 6565 7075
520 1895 1520 510 1110 1525 6570 7080
525 1895 1525 510 1110 1525 6570 7090
525 1895 1525 510 1110 1525 6575 7090
525 1895 1525 510 1115 1525 6580 7095
525 1900 1530 515 1115 1525 6580 7110
525 1900 1530 515 1115 1525 6580 7110
525 1900 1530 515 1115 1525 6580 7110
525 1900 1530 515 1120 1525 6580 7115
525 1900 1530 515 1120 1525 6580 7115
525 1900 1530 515 1120 1525 6580 7115
525 1900 1530 515 1120 1525 6580 7115
525 1900 1530 515 1120 1525 6580 7115
525 1900 1535 510 1120 1525 6580 7115
525 1900 1535 510 1115 1525 6585 7110
525 1900 1535 510 1115 1525 6585 7110
525 1900 1535 510 1115 1525 6590 7110
525 1900 1535 510 1115 1525 6590 7110
525 1900 1535 510 1115 1525 6590 7110
525 1900 1535 510 1115 1525 6590 7110
525 1900 1535 510 1120 1525 6590 7115
525 1900 1535 510 1125 1525 6590 7120
525 1900 1535 510 1125 1525 6595 7120
525 1900 1535 510 1125 1530 6595 7125
525 1900 1535 510 1125 1530 6595 7125
525 1900 1535 510 1130 1530 6595 7130
525 1900 1540 510 1130 1530 6595 7135
525 1900 1540 510 1130 1530 6595 7135
525 1900 1540 515 1130 1530 6595 7140
525 1900 1540 515 1130 1530 6595 7140
525 1900 1540 515 1130 1530 6595 7140
525 1900 1540 510 1140 1530 6595 7145
525 1900 1540 510 1140 1530 6595 7145
525 1900 1540 510 1140 1530 6595 7145
525 1900 1540 510 1140 1530 6595 7145
525 1900 1545 510 1140 1535 6605 7155
525 1900 1545 510 1145 1535 6605 7160
525 1900 1545 510 1145 1535 6605 7160
525 1900 1545 510 1145 1535 6600 7160
525 1900 1550 510 1145 1540 6610 7170
525 1900 1550 510 1145 1540 6605 7170
525 1900 1550 510 1145 1540 6610 7170
520 1900 1550 505 1145 1540 6610 7160
520 1900 1550 505 1150 1535 6600 7160
520 1900 1550 505 1150 1530 6595 7155
520 1900 1550 505 1150 1530 6595 7155
520 1900 1550 505 1150 1530 6600 7155
525 1900 1560 505 1150 1530 6605 7170
525 1900 1560 505 1150 1530 6600 7170
530 1900 1560 505 1150 1530 6600 7175
530 1900 1560 505 1150 1530 6600 7175
530 1900 1555 505 1150 1530 6600 7170
530 1900 1555 505 1150 1530 6600 7170
530 1900 1555 505 1150 1530 6600 7170
530 1900 1555 510 1150 1530 6600 7175
530 1900 1555 510 1150 1530 6600 7175
530 1900 1555 515 1150 1530 6600 7180
530 1900 1555 515 1150 1530 6600 7180
530 1900 1555 515 1150 1530 6600 7180
530 1900 1555 515 1150 1530 6600 7180
530 1900 1555 515 1150 1530 6600 7180
530 1900 1555 515 1150 1530 6600 7180
530 1900 1555 515 1150 1530 6600 7180
530 1900 1555 515 1150 1530 6600 7180
525 1900 1555 510 1150 1530 6600 7170
525 1900 1560 510 1150 1530 6605 7175
525 1900 1560 510 1150 1530 6610 7175
525 1900 1560 510 1150 1535 6620 7180
525 1900 1560 510 1150 1535 6615 7180
525 1900 1560 510 1150 1535 6615 7180
525 1900 1560 510 1150 1535 6615 7180
525 1900 1560 510 1155 1540 6615 7190
525 1900 1560 510 1155 1540 6615 7190
525 1900 1560 510 1155 1545 6615 7195
525 1900 1560 510 1155 1545 6615 7195
525 1900 1565 510 1155 1545 6620 7200
525 1900 1565 510 1155 1540 6620 7195
525 1900 1565 510 1155 1540 6620 7195
525 1900 1565 510 1155 1540 6620 7195
525 1900 1570 510 1155 1540 6625 7200
525 1900 1570 510 1155 1540 6625 7200
525 1900 1570 510 1155 1540 6625 7200
525 1900 1570 505 1155 1540 6625 7195
525 1900 1570 505 1155 1540 6625 7195
525 1900 1570 505 1155 1540 6625 7195
525 1900 1565 505 1155 1540 6625 7190
525 1900 1565 505 1155 1540 6625 7190
525 1900 1565 505 1155 1540 6625 7190
525 1900 1565 505 1155 1540 6625 7190
525 1900 1570 505 1155 1540 6630 7195
525 1900 1570 505 1155 1540 6630 7195
520 1900 1570 505 1155 1540 6630 7190
520 1900 1570 505 1155 1540 6630 7190
520 1900 1570 500 1155 1540 6630 7185
520 1900 1570 500 1155 1540 6630 7185
525 1900 1570 500 1160 1545 6635 7200
525 1900 1570 500 1160 1545 6635 7200
525 1900 1570 500 1160 1545 6635 7200
525 1900 1570 500 1160 1545 6640 7200
525 1900 1570 500 1160 1545 6640 7200
525 1900 1570 500 1160 1545 6640 7200
525 1900 1570 500 1160 1540 6635 7195
530 1900 1575 500 1160 1545 6640 7210
530 1900 1575 500 1160 1545 6640 7210
530 1900 1575 500 1160 1545 6640 7210
530 1900 1575 500 1160 1545 6640 7210
530 1900 1575 500 1160 1545 6640 7210
530 1900 1575 500 1160 1545 6640 7210
530 1900 1575 500 1160 1545 6640 7210
530 1900 1575 500 1160 1545 6640 7210
530 1900 1575 500 1160 1545 6640 7210
530 1900 1575 500 1160 1540 6635 7205
530 1900 1575 500 1160 1540 6635 7205
530 1900 1575 500 1160 1540 6635 7205
530 1900 1575 500 1160 1545 6640 7210
530 1900 1580 500 1160 1545 6650 7215
530 1900 1580 500 1160 1545 6650 7215
530 1900 1580 500 1160 1540 6645 7210
530 1900 1580 500 1160 1540 6645 7210
530 1900 1580 500 1160 1540 6640 7210
525 1900 1580 495 1160 1540 6640 7200
525 1900 1580 495 1160 1540 6640 7200
525 1900 1580 500 1160 1540 6640 7205
525 1900 1580 500 1160 1540 6640 7205
525 1900 1580 505 1160 1540 6640 7210
525 1900 1580 505 1160 1540 6640 7210
525 1900 1580 505 1160 1540 6640 7210
525 1900 1580 505 1160 1540 6640 7210
525 1900 1580 505 1160 1540 6645 7210
530 1900 1585 505 1160 1540 6645 7220
530 1900 1585 505 1160 1540 6645 7220
530 1900 1585 505 1160 1540 6645 7220
530 1900 1590 505 1160 1540 6650 7225
530 1900 1590 505 1160 1540 6650 7225
530 1900 1590 505 1160 1540 6650 7225
530 1900 1590 505 1160 1540 6650 7225
530 1900 1590 505 1160 1540 6650 7225
530 1900 1590 505 1160 1540 6650 7225
530 1900 1590 505 1160 1540 6650 7225
530 1900 1590 505 1160 1540 6650 7225
530 1900 1590 505 1160 1540 6650 7225
530 1900 1585 505 1160 1540 6650 7220
530 1900 1585 505 1160 1540 6650 7220
530 1900 1585 505 1160 1540 6650 7220
530 1900 1585 505 1160 1540 6650 7220
530 1900 1585 505 1160 1540 6650 7220
525 1900 1585 505 1160 1540 6650 7215
525 1900 1585 500 1160 1540 6650 7210
525 1900 1585 500 1160 1545 6650 7215
525 1900 1590 500 1160 1545 6655 7220
525 1900 1590 500 1160 1545 6650 7220
525 1900 1590 500 1160 1545 6650 7220
525 1900 1590 500 1160 1545 6650 7220
530 1900 1590 500 1160 1545 6650 7225
535 1900 1595 500 1160 1545 6645 7235
535 1900 1595 500 1160 1545 6645 7235
535 1900 1595 500 1160 1545 6645 7235
535 1900 1595 500 1160 1545 6645 7235
535 1900 1595 500 1160 1545 6645 7235
535 1900 1595 500 1160 1545 6645 7235
535 1900 1595 500 1160 1545 6645 7235
535 1900 1595 500 1160 1545 6645 7235
535 1900 1595 500 1160 1545 6650 7235
535 1900 1595 500 1160 1545 6655 7235
535 1900 1595 500 1160 1545 6655 7235
535 1905 1595 505 1160 1545 6655 7245
535 1905 1595 505 1160 1545 6655 7245
535 1905 1595 505 1160 1545 6655 7245
535 1905 1595 505 1160 1545 6655 7245
535 1905 1595 505 1160 1545 6655 7245
535 1905 1595 505 1160 1545 6655 7245
535 1905 1595 505 1160 1545 6655 7245
535 1905 1595 505 1160 1550 6655 7250
535 1905 1595 505 1160 1550 6660 7250
535 1905 1595 505 1160 1545 6655 7245
535 1905 1595 505 1160 1545 6655 7245
535 1905 1595 505 1160 1545 6655 7245
535 1905 1595 505 1160 1545 6655 7245
535 1905 1595 505 1160 1545 6655 7245
535 1905 1595 505 1160 1545 6655 7245
535 1905 1595 505 1160 1545 6655 7245
535 1905 1595 505 1160 1545 6655 7245
535 1905 1595 505 1160 1545 6650 7245
535 1905 1595 500 1160 1545 6650 7240
535 1905 1595 500 1160 1545 6650 7240
535 1905 1595 505 1160 1545 6650 7245
535 1905 1595 505 1160 1540 6650 7240
535 1905 1595 505 1160 1540 6650 7240
535 1905 1595 500 1160 1540 6650 7235
535 1905 1590 500 1160 1540 6655 7230
535 1905 1590 500 1160 1540 6655 7230
535 1905 1590 500 1160 1540 6655 7230
535 1905 1590 500 1160 1540 6655 7230
535 1905 1590 500 1160 1540 6655 7230
535 1905 1590 500 1160 1540 6655 7230
535 1905 1590 500 1160 1540 6660 7230
535 1905 1590 505 1160 1545 6655 7240
535 1905 1595 505 1160 1545 6660 7245
535 1905 1595 505 1160 1545 6660 7245
535 1905 1595 505 1160 1545 6660 7245
535 1905 1590 505 1160 1545 6660 7240
535 1905 1590 505 1160 1545 6660 7240
535 1905 1590 505 1160 1545 6660 7240
535 1905 1590 505 1160 1545 6660 7240
535 1905 1590 505 1160 1545 6660 7240
535 1905 1590 505 1160 1540 6655 7235
535 1905 1590 505 1160 1540 6655 7235
535 1905 1590 505 1160 1540 6655 7235
530 1905 1590 505 1160 1540 6655 7230
530 1905 1590 505 1160 1540 6655 7230
530 1905 1590 505 1160 1540 6655 7230
530 1905 1590 505 1160 1540 6655 7230
530 1905 1590 505 1160 1540 6655 7230
530 1905 1590 505 1160 1540 6655 7230
530 1905 1590 505 1160 1540 6645 7230
530 1905 1590 505 1160 1535 6640 7225
530 1905 1590 505 1160 1535 6640 7225
530 1905 1585 505 1160 1535 6640 7220
530 1905 1585 505 1160 1535 6640 7220
530 1905 1585 505 1160 1535 6640 7220
530 1905 1585 505 1160 1535 6640 7220
530 1905 1585 505 1160 1535 6640 7220
530 1905 1590 505 1160 1535 6640 7225
530 1905 1590 505 1160 1535 6640 7225
530 1905 1590 505 1160 1535 6635 7225
530 1905 1590 505 1160 1535 6635 7225
530 1905 1590 505 1160 1535 6635 7225
530 1905 1590 505 1160 1535 6635 7225
530 1905 1590 505 1160 1535 6635 7225
530 1905 1590 505 1160 1535 6635 7225
530 1905 1590 505 1160 1535 6635 7225
530 1905 1590 505 1160 1535 6635 7225
530 1905 1595 505 1160 1535 6640 7230
530 1905 1595 505 1160 1535 6640 7230
530 1905 1595 505 1160 1535 6640 7230
530 1905 1595 505 1160 1535 6645 7230
530 1905 1595 505 1160 1535 6645 7230
530 1905 1595 505 1160 1535 6645 7230
530 1905 1595 505 1160 1535 6645 7230
530 1905 1595 505 1160 1535 6645 7230
525 1905 1595 505 1155 1535 6645 7220
525 1905 1595 505 1155 1535 6645 7220
525 1905 1595 505 1155 1535 6645 7220
525 1905 1595 505 1155 1535 6645 7220
525 1905 1595 505 1155 1535 6645 7220
525 1905 1595 505 1155 1535 6645 7220
525 1905 1595 505 1155 1535 6645 7220
525 1905 1595 505 1155 1535 6645 7220
525 1905 1595 505 1155 1535 6645 7220
525 1905 1595 505 1155 1540 6650 7225
525 1905 1595 505 1155 1540 6650 7225
525 1910 1595 510 1155 1545 6655 7240
525 1910 1595 510 1155 1540 6655 7235
525 1910 1595 515 1155 1540 6655 7240
525 1910 1595 515 1155 1540 6655 7240
525 1910 1595 515 1155 1540 6655 7240
525 1910 1595 515 1155 1540 6655 7240
525 1910 1595 515 1155 1540 6655 7240
525 1910 1595 515 1155 1540 6650 7240
525 1910 1595 515 1155 1540 6650 7240
525 1910 1595 515 1155 1540 6650 7240
525 1910 1595 515 1155 1540 6650 7240
525 1910 1595 515 1155 1540 6650 7240
525 1910 1600 515 1155 1540 6655 7245
525 1910 1600 520 1155 1535 6655 7245
525 1910 1595 520 1155 1535 6655 7240
525 1910 1595 520 1155 1535 6655 7240
530 1910 1595 520 1155 1535 6655 7245
525 1910 1595 520 1155 1535 6655 7240
525 1910 1595 520 1155 1535 6655 7240
525 1910 1595 520 1155 1535 6655 7240
525 1910 1595 520 1155 1535 6655 7240
525 1910 1595 515 1155 1535 6655 7235
525 1910 1595 515 1155 1535 6655 7235
525 1910 1595 515 1155 1535 6655 7235
525 1910 1595 515 1155 1535 6655 7235
525 1910 1595 515 1155 1535 6655 7235
525 1910 1595 515 1155 1535 6655 7235
525 1910 1595 515 1155 1535 6655 7235
525 1910 1595 515 1155 1535 6655 7235
525 1910 1595 515 1155 1535 6655 7235
520 1910 1595 515 1150 1535 6655 7225
520 1910 1590 515 1150 1535 6655 7220
520 1910 1590 515 1150 1535 6655 7220
520 1910 1590 515 1150 1535 6655 7220
520 1910 1590 515 1150 1535 6650 7220
520 1910 1590 515 1150 1535 6650 7220
520 1910 1590 515 1150 1535 6650 7220
520 1910 1590 515 1150 1535 6650 7220
520 1910 1590 515 1150 1535 6650 7220
520 1910 1590 515 1150 1535 6645 7220
520 1910 1590 515 1150 1535 6645 7220
520 1910 1590 515 1150 1535 6645 7220
520 1910 1590 510 1150 1535 6645 7215
520 1910 1590 510 1150 1535 6650 7215
520 1910 1590 510 1150 1535 6650 7215
520 1910 1590 510 1150 1535 6650 7215
525 1915 1590 510 1150 1535 6655 7225
525 1915 1590 510 1150 1540 6655 7230
525 1915 1590 510 1150 1540 6655 7230
525 1915 1590 510 1150 1540 6655 7230
525 1915 1590 510 1150 1540 6655 7230
525 1915 1590 510 1150 1540 6655 7230
525 1915 1590 510 1150 1540 6650 7230
525 1915 1590 510 1150 1540 6650 7230
525 1915 1590 510 1150 1540 6650 7230
525 1915 1590 510 1150 1540 6650 7230
525 1915 1590 510 1150 1540 6650 7230
525 1915 1590 510 1150 1540 6650 7230
525 1915 1590 510 1150 1540 6650 7230
525 1915 1590 510 1150 1540 6650 7230
525 1915 1585 510 1150 1540 6655 7225
525 1915 1585 510 1150 1540 6655 7225
525 1915 1585 510 1150 1540 6655 7225
525 1915 1585 510 1150 1540 6655 7225
525 1915 1585 510 1150 1540 6655 7225
520 1915 1585 510 1145 1540 6655 7215
520 1915 1580 510 1145 1540 6655 7210
520 1915 1580 510 1145 1540 6650 7210
520 1915 1580 510 1145 1540 6650 7210
520 1915 1580 510 1145 1540 6650 7210
520 1915 1580 510 1145 1540 6650 7210
520 1915 1580 510 1145 1540 6650 7210
520 1915 1580 510 1145 1540 6650 7210
525 1920 1580 510 1145 1540 6650 7220
525 1920 1580 510 1145 1545 6655 7225
525 1920 1580 510 1145 1545 6655 7225
525 1920 1580 510 1145 1545 6655 7225
525 1920 1580 510 1145 1545 6655 7225
525 1920 1580 510 1145 1545 6655 7225
525 1920 1580 510 1145 1545 6655 7225
525 1920 1580 510 1145 1545 6655 7225
525 1920 1580 510 1145 1545 6655 7225
525 1920 1580 510 1145 1545 6655 7225
525 1920 1580 510 1145 1545 6655 7225
525 1920 1580 510 1145 1545 6650 7225
525 1920 1580 510 1145 1545 6650 7225
525 1920 1580 510 1145 1545 6650 7225
525 1920 1580 510 1145 1545 6650 7225
525 1920 1580 510 1145 1545 6650 7225
525 1920 1580 510 1145 1540 6650 7220
525 1920 1580 515 1145 1540 6650 7225
525 1920 1580 515 1145 1540 6650 7225
525 1920 1580 515 1145 1540 6650 7225
525 1920 1580 515 1145 1540 6645 7225
525 1920 1580 515 1145 1540 6645 7225
525 1920 1580 515 1145 1540 6645 7225
525 1920 1580 515 1145 1540 6645 7225
525 1920 1580 515 1145 1540 6645 7225
530 1920 1580 515 1145 1540 6645 7230
530 1920 1580 515 1145 1540 6645 7230
530 1920 1580 515 1145 1540 6650 7230
530 1920 1580 515 1145 1540 6650 7230
525 1920 1580 515 1145 1540 6650 7225
525 1920 1585 515 1145 1540 6650 7230
525 1920 1585 515 1145 1540 6650 7230
525 1920 1585 515 1145 1540 6650 7230
525 1920 1585 515 1145 1540 6650 7230
525 1920 1585 515 1145 1540 6650 7230
525 1920 1585 515 1145 1545 6650 7235
525 1920 1585 515 1145 1545 6650 7235
525 1920 1585 515 1145 1545 6655 7235
520 1920 1585 515 1140 1545 6655 7225
520 1920 1585 515 1140 1545 6655 7225
520 1920 1585 515 1140 1545 6655 7225
520 1920 1585 515 1140 1545 6655 7225
520 1920 1585 515 1140 1545 6655 7225
520 1920 1585 515 1140 1545 6655 7225
520 1920 1585 515 1140 1535 6645 7215
520 1920 1585 515 1140 1535 6645 7215
520 1920 1585 515 1140 1535 6645 7215
520 1920 1585 515 1140 1535 6640 7215
520 1920 1585 515 1140 1535 6640 7215
520 1920 1585 515 1140 1535 6640 7215
520 1920 1585 515 1140 1535 6640 7215
520 1920 1585 515 1140 1535 6640 7215
520 1920 1585 515 1140 1535 6640 7215
520 1920 1585 515 1140 1535 6640 7215
520 1920 1585 515 1140 1535 6640 7215
520 1920 1585 515 1140 1535 6640 7215
520 1920 1585 515 1140 1535 6640 7215
520 1920 1585 515 1140 1535 6640 7215
520 1920 1585 515 1140 1535 6640 7215
520 1920 1585 515 1140 1535 6640 7215
520 1920 1585 515 1140 1535 6640 7215
520 1920 1585 515 1140 1535 6640 7215
520 1920 1585 515 1140 1535 6640 7215
520 1920 1585 515 1140 1535 6645 7215
525 1925 1585 515 1140 1535 6645 7225
525 1925 1585 515 1140 1535 6645 7225
525 1925 1585 515 1140 1535 6645 7225
525 1925 1585 515 1140 1535 6645 7225
525 1925 1585 510 1140 1535 6645 7220
525 1925 1585 510 1140 1535 6645 7220
525 1925 1585 510 1140 1535 6640 7220
525 1925 1585 510 1140 1535 6640 7220
525 1925 1585 510 1140 1535 6640 7220
525 1925 1585 510 1140 1535 6640 7220
525 1925 1585 505 1140 1535 6640 7215
525 1925 1585 505 1140 1535 6640 7215
525 1925 1585 505 1140 1535 6640 7215
525 1925 1585 505 1140 1535 6635 7215
525 1925 1585 505 1140 1535 6635 7215
525 1925 1585 505 1140 1535 6635 7215
525 1925 1585 505 1140 1535 6635 7215
525 1925 1585 505 1140 1535 6635 7215
525 1925 1585 505 1140 1535 6635 7215
525 1925 1585 505 1140 1535 6630 7215
525 1925 1585 505 1140 1535 6630 7215
525 1925 1585 505 1140 1535 6630 7215
525 1925 1585 505 1140 1535 6630 7215
525 1925 1585 505 1140 1535 6630 7215
525 1925 1585 505 1140 1535 6630 7215
525 1925 1585 505 1140 1535 6630 7215
525 1925 1585 505 1140 1535 6630 7215
525 1925 1585 505 1140 1535 6630 7215
530 1930 1580 505 1140 1535 6630 7220
