0 66775 60225 63100 59900
100 66775 60200 63150 59875
200 66800 60150 63150 59900
300 66800 60125 63150 59925
400 66800 60075 63150 59975
500 66775 60075 63175 59975
600 66750 60075 63225 59950
700 66750 60075 63225 59950
800 66750 60075 63200 59975
900 66750 60075 63200 59975
1000 66750 60075 63225 59950
1100 66800 60075 63200 59925
1200 66775 60150 63200 59875
1300 66775 60150 63200 59875
1400 66750 60150 63225 59875
1500 66725 60150 63250 59875
1600 66725 60150 63250 59875
1700 66725 60150 63225 59900
1800 66725 60150 63250 59875
1900 66700 60150 63275 59875
2000 66700 60150 63275 59875
2100 66700 60100 63375 59825
2200 66650 60100 63400 59850
2300 66675 60075 63375 59875
2400 66700 60100 63350 59850
2500 66700 60050 63400 59850
2600 66725 60050 63400 59825
2700 66700 60125 63350 59825
2800 66650 60125 63400 59825
2900 66675 60150 63350 59825
3000 66725 60125 63325 59825
3100 66675 60175 63275 59875
3200 66675 60225 63275 59825
3300 66625 60275 63275 59825
3400 66600 60250 63275 59875
3500 66625 60275 63250 59850
3600 66675 60250 63200 59875
3700 66675 60275 63175 59875
3800 66650 60300 63200 59850
3900 66650 60275 63225 59850
4000 66675 60250 63225 59850
4100 66675 60225 63225 59875
4200 66675 60275 63250 59800
4300 66700 60275 63225 59800
4400 66700 60325 63275 59700
4500 66750 60425 63225 59600
4600 66750 60425 63225 59600
4700 66750 60400 63225 59625
4800 66725 60375 63250 59650
4900 66725 60350 63275 59650
5000 66725 60300 63300 59675
5100 66725 60225 63350 59700
5200 66700 60200 63350 59750
5300 66700 60150 63325 59825
5400 66700 60100 63300 59900
5500 66700 60050 63325 59925
5600 66725 60050 63300 59925
5700 66775 60100 63225 59900
5800 66775 60075 63225 59925
5900 66800 60050 63225 59925
6000 66775 60025 63275 59925
6100 66725 60050 63300 59925
6200 66725 60025 63350 59900
6300 66700 60050 63350 59900
6400 66625 60050 63350 59975
6500 66625 60025 63375 59975
6600 66625 60000 63375 60000
6700 66625 60000 63375 60000
6800 66625 60025 63350 60000
6900 66625 60000 63375 60000
7000 66650 60000 63325 60025
7100 66625 60025 63325 60025
7200 66625 60025 63325 60025
7300 66600 60025 63350 60025
7400 66625 60000 63350 60025
7500 66650 60000 63325 60025
7600 66650 60000 63350 60000
7700 66650 59975 63375 60000
7800 66650 59975 63350 60025
7900 66600 60000 63375 60025
8000 66625 59950 63375 60050
8100 66650 59950 63400 60000
8200 66650 59925 63425 60000
8300 66675 59925 63400 60000
8400 66675 59925 63450 59950
8500 66675 59850 63500 59975
8600 66700 59850 63500 59950
8700 66650 59875 63500 59975
8800 66700 59900 63475 59925
8900 66725 59900 63450 59925
9000 66725 59850 63475 59950
9100 66750 59825 63475 59950
9200 66750 59875 63425 59950
9300 66750 59925 63425 59900
9400 66750 59925 63425 59900
9500 66750 59950 63375 59925
9600 66750 59975 63375 59900
9700 66750 59975 63350 59925
9800 66700 60000 63350 59950
9900 66725 59975 63375 59925
10000 66650 59975 63400 59975
10100 66600 60025 63375 60000
10200 66600 60050 63350 60000
10300 66600 60050 63325 60025
10400 66650 60025 63300 60025
10500 66675 60025 63275 60025
10600 66650 60000 63275 60075
10700 66650 60000 63275 60075
10800 66650 60000 63275 60075
10900 66650 60025 63300 60025
11000 66625 60050 63300 60025
11100 66625 60025 63325 60025
11200 66650 60050 63275 60025
11300 66675 60050 63250 60025
11400 66700 60050 63225 60025
11500 66700 60075 63225 60000
11600 66700 60050 63225 60025
11700 66700 60050 63225 60025
11800 66700 60025 63225 60050
11900 66700 60025 63225 60050
12000 66700 60025 63250 60025
12100 66700 60000 63250 60050
12200 66700 60000 63250 60050
12300 66700 60000 63250 60050
12400 66700 60000 63250 60050
12500 66675 60050 63300 59975
12600 66625 60025 63325 60025
12700 66600 60025 63350 60025
12800 66600 60000 63375 60025
12900 66650 59925 63400 60025
13000 66650 59925 63400 60025
13100 66625 59950 63400 60025
13200 66600 59950 63425 60025
13300 66600 59950 63400 60050
13400 66600 59975 63400 60025
13500 66550 59950 63425 60075
13600 66575 59950 63400 60075
13700 66625 59950 63350 60075
13800 66625 59975 63350 60050
13900 66575 59975 63375 60075
14000 66575 59975 63375 60075
14100 66550 59975 63400 60075
14200 66550 59975 63375 60100
14300 66575 59950 63350 60125
14400 66575 60000 63350 60075
14500 66550 60000 63350 60100
14600 66550 60000 63350 60100
14700 66525 60025 63350 60100
14800 66500 60025 63375 60100
14900 66500 60025 63375 60100
15000 66500 60025 63400 60075
15100 66450 60000 63400 60150
15200 66425 60050 63425 60100
15300 66425 60075 63425 60075
15400 66425 60050 63450 60075
15500 66475 60050 63400 60075
15600 66475 60075 63425 60025
15700 66500 60050 63425 60025
15800 66500 60075 63425 60000
15900 66525 60075 63400 60000
16000 66550 60075 63400 59975
16100 66550 60050 63425 59975
16200 66525 60075 63450 59950
16300 66525 60075 63500 59900
16400 66500 60125 63525 59850
16500 66525 60125 63500 59850
16600 66525 60150 63500 59825
16700 66500 60200 63500 59800
16800 66500 60200 63475 59825
16900 66500 60175 63475 59850
17000 66475 60175 63450 59900
17100 66500 60150 63450 59900
17200 66475 60150 63475 59900
17300 66500 60100 63450 59950
17400 66475 60050 63475 60000
17500 66475 60025 63475 60025
17600 66450 60025 63500 60025
17700 66450 60025 63500 60025
17800 66450 60000 63500 60050
17900 66450 59975 63525 60050
18000 66475 59975 63500 60050
18100 66475 60000 63475 60050
18200 66475 59975 63500 60050
18300 66475 59975 63500 60050
18400 66525 59975 63450 60050
18500 66550 59975 63425 60050
18600 66550 59950 63475 60025
18700 66550 59950 63475 60025
18800 66550 59950 63450 60050
18900 66600 59950 63425 60025
19000 66600 59950 63425 60025
19100 66625 59975 63375 60025
19200 66625 59975 63375 60025
19300 66650 60000 63300 60050
19400 66600 60050 63300 60050
19500 66600 60000 63375 60025
19600 66575 60050 63350 60025
19700 66575 60050 63350 60025
19800 66575 60000 63375 60050
19900 66575 60000 63375 60050
20000 66575 60000 63375 60050
20100 66550 60000 63375 60075
20200 66575 60000 63350 60075
20300 66575 59950 63400 60075
20400 66600 59950 63400 60050
20500 66600 59925 63400 60075
20600 66625 59925 63400 60050
20700 66625 59925 63400 60050
20800 66625 59900 63400 60075
20900 66600 59925 63400 60075
21000 66575 59925 63400 60100
21100 66575 59925 63400 60100
21200 66600 59925 63375 60100
21300 66600 59925 63375 60100
21400 66575 59950 63375 60100
21500 66550 59950 63400 60100
21600 66550 59925 63425 60100
21700 66575 59900 63400 60125
21800 66575 59900 63400 60125
21900 66575 59875 63425 60125
22000 66575 59875 63450 60100
22100 66600 59875 63425 60100
22200 66600 59875 63425 60100
22300 66575 59925 63400 60100
22400 66575 59925 63400 60100
22500 66575 59925 63400 60100
22600 66575 59925 63400 60100
22700 66575 59875 63450 60100
22800 66600 59875 63425 60100
22900 66600 59875 63425 60100
23000 66600 59875 63425 60100
23100 66575 59875 63425 60125
23200 66575 59850 63450 60125
23300 66575 59850 63450 60125
23400 66575 59875 63425 60125
23500 66575 59875 63425 60125
23600 66550 59875 63425 60150
23700 66550 59875 63425 60150
23800 66550 59875 63425 60150
23900 66525 59900 63425 60150
24000 66575 59900 63375 60150
24100 66600 59875 63450 60075
24200 66600 59850 63475 60075
24300 66600 59850 63475 60075
24400 66600 59800 63475 60125
24500 66600 59800 63475 60125
24600 66625 59800 63450 60125
24700 66625 59800 63450 60125
24800 66600 59825 63450 60125
24900 66600 59800 63475 60125
25000 66600 59800 63475 60125
25100 66575 59800 63475 60150
25200 66550 59825 63500 60125
25300 66525 59800 63500 60175
25400 66550 59800 63475 60175
25500 66550 59825 63475 60150
25600 66550 59825 63475 60150
25700 66525 59850 63475 60150
25800 66550 59875 63425 60150
25900 66500 59900 63425 60175
26000 66500 59900 63450 60150
26100 66500 59875 63475 60150
26200 66500 59850 63500 60150
26300 66500 59850 63500 60150
26400 66500 59875 63475 60150
26500 66500 59875 63475 60150
26600 66475 59850 63500 60175
26700 66500 59850 63475 60175
26800 66500 59800 63500 60200
26900 66500 59775 63525 60200
27000 66525 59750 63525 60200
27100 66500 59750 63525 60225
27200 66475 59775 63500 60250
27300 66475 59775 63500 60250
27400 66475 59775 63475 60275
27500 66450 59775 63450 60325
27600 66475 59725 63450 60350
27700 66475 59725 63450 60350
27800 66500 59725 63400 60375
27900 66500 59750 63375 60375
28000 66500 59750 63400 60350
28100 66500 59750 63400 60350
28200 66475 59775 63425 60325
28300 66475 59725 63450 60350
28400 66425 59775 63450 60350
28500 66425 59775 63450 60350
28600 66425 59775 63450 60350
28700 66425 59775 63450 60350
28800 66400 59775 63475 60350
28900 66450 59775 63450 60325
29000 66475 59750 63425 60350
29100 66500 59750 63400 60350
29200 66500 59750 63400 60350
29300 66500 59700 63450 60350
29400 66475 59700 63450 60375
29500 66475 59700 63450 60375
29600 66475 59700 63450 60375
29700 66500 59675 63425 60400
29800 66500 59700 63450 60350
29900 66500 59700 63450 60350
30000 66500 59650 63500 60350
30100 66500 59650 63500 60350
30200 66500 59650 63500 60350
30300 66525 59650 63475 60350
30400 66525 59625 63475 60375
30500 66550 59625 63450 60375
30600 66550 59625 63450 60375
30700 66525 59650 63450 60375
30800 66550 59650 63450 60350
30900 66550 59650 63450 60350
31000 66575 59650 63400 60375
31100 66550 59650 63400 60400
31200 66525 59675 63400 60400
31300 66525 59650 63400 60425
31400 66500 59675 63425 60400
31500 66525 59700 63400 60375
31600 66525 59700 63400 60375
31700 66525 59675 63400 60400
31800 66500 59650 63425 60425
31900 66525 59650 63400 60425
32000 66475 59675 63425 60425
32100 66500 59675 63400 60425
32200 66500 59675 63400 60425
32300 66550 59650 63375 60425
32400 66575 59650 63350 60425
32500 66575 59625 63375 60425
32600 66575 59625 63375 60425
32700 66550 59600 63400 60450
32800 66575 59600 63375 60450
32900 66575 59575 63375 60475
33000 66575 59550 63400 60475
33100 66575 59550 63450 60425
33200 66575 59550 63450 60425
33300 66575 59550 63450 60425
33400 66550 59550 63450 60450
33500 66550 59525 63450 60475
33600 66550 59525 63475 60450
33700 66575 59525 63475 60425
33800 66575 59525 63475 60425
33900 66575 59525 63475 60425
34000 66575 59500 63475 60450
34100 66575 59500 63475 60450
34200 66525 59525 63475 60475
34300 66525 59525 63475 60475
34400 66525 59550 63475 60450
34500 66475 59525 63500 60500
34600 66450 59575 63475 60500
34700 66475 59575 63500 60450
34800 66450 59600 63500 60450
34900 66450 59600 63525 60425
35000 66450 59575 63525 60450
35100 66450 59575 63525 60450
35200 66450 59600 63500 60450
35300 66425 59575 63525 60475
35400 66425 59550 63525 60500
35500 66425 59575 63550 60450
35600 66450 59575 63575 60400
35700 66450 59575 63575 60400
35800 66450 59550 63575 60425
35900 66425 59550 63600 60425
36000 66425 59575 63575 60425
36100 66400 59600 63550 60450
36200 66400 59575 63550 60475
36300 66425 59575 63550 60450
36400 66425 59575 63550 60450
36500 66400 59575 63550 60475
36600 66400 59575 63550 60475
36700 66400 59550 63575 60475
36800 66425 59525 63550 60500
36900 66450 59500 63575 60475
37000 66475 59450 63575 60500
37100 66475 59450 63575 60500
37200 66500 59450 63575 60475
37300 66500 59450 63550 60500
37400 66525 59475 63550 60450
37500 66525 59450 63550 60475
37600 66525 59425 63575 60475
37700 66500 59425 63575 60500
37800 66475 59425 63600 60500
37900 66475 59425 63575 60525
38000 66475 59425 63575 60525
38100 66475 59450 63550 60525
38200 66475 59450 63525 60550
38300 66475 59425 63525 60575
38400 66475 59450 63500 60575
38500 66450 59450 63500 60600
38600 66475 59425 63500 60600
38700 66475 59400 63500 60625
38800 66475 59400 63525 60600
38900 66500 59400 63500 60600
39000 66500 59375 63525 60600
39100 66500 59375 63525 60600
39200 66500 59375 63525 60600
39300 66500 59400 63525 60575
39400 66500 59375 63550 60575
39500 66475 59400 63550 60575
39600 66450 59400 63575 60575
39700 66450 59400 63575 60575
39800 66450 59400 63550 60600
39900 66450 59425 63550 60575
40000 66425 59450 63550 60575
40100 66425 59450 63550 60575
40200 66425 59450 63550 60575
40300 66425 59475 63550 60550
40400 66425 59475 63550 60550
40500 66450 59475 63525 60550
40600 66425 59475 63525 60575
40700 66450 59500 63500 60550
40800 66475 59500 63475 60550
40900 66475 59500 63475 60550
41000 66475 59500 63475 60550
41100 66450 59550 63475 60525
41200 66450 59550 63475 60525
41300 66450 59550 63475 60525
41400 66450 59575 63475 60500
41500 66450 59575 63475 60500
41600 66450 59575 63475 60500
41700 66450 59600 63475 60475
41800 66450 59600 63475 60475
41900 66450 59625 63475 60450
42000 66450 59625 63475 60450
42100 66400 59675 63475 60450
42200 66400 59675 63500 60425
42300 66400 59650 63525 60425
42400 66425 59675 63500 60400
42500 66425 59675 63500 60400
42600 66400 59725 63500 60375
42700 66400 59725 63500 60375
42800 66400 59750 63500 60350
42900 66400 59775 63475 60350
43000 66400 59775 63500 60325
43100 66400 59800 63500 60300
43200 66400 59825 63500 60275
43300 66375 59825 63525 60275
43400 66375 59850 63525 60250
43500 66375 59850 63525 60250
43600 66400 59875 63500 60225
43700 66400 59900 63500 60200
43800 66400 59925 63500 60175
43900 66400 59950 63475 60175
44000 66375 59950 63500 60175
44100 66350 59975 63500 60175
44200 66350 59975 63500 60175
44300 66325 60000 63500 60175
44400 66350 59975 63500 60175
44500 66350 59950 63475 60225
44600 66350 59950 63475 60225
44700 66325 59950 63475 60250
44800 66325 59950 63475 60250
44900 66325 59900 63525 60250
45000 66325 59875 63550 60250
45100 66300 59875 63550 60275
45200 66300 59875 63550 60275
45300 66325 59875 63525 60275
45400 66325 59875 63525 60275
45500 66325 59875 63525 60275
45600 66325 59875 63525 60275
45700 66325 59875 63525 60275
45800 66325 59875 63525 60275
45900 66325 59875 63525 60275
46000 66325 59875 63525 60275
46100 66325 59875 63550 60250
46200 66325 59875 63550 60250
46300 66325 59875 63550 60250
46400 66300 59850 63575 60275
46500 66325 59850 63550 60275
46600 66350 59850 63525 60275
46700 66350 59850 63525 60275
46800 66400 59850 63500 60250
46900 66400 59850 63500 60250
47000 66375 59875 63500 60250
47100 66375 59875 63525 60225
47200 66375 59875 63525 60225
47300 66350 59875 63550 60225
47400 66350 59875 63550 60225
47500 66325 59900 63550 60225
47600 66350 59900 63525 60225
47700 66375 59900 63500 60225
47800 66325 59900 63500 60275
47900 66325 59925 63475 60275
48000 66350 59925 63450 60275
48100 66350 59925 63450 60275
48200 66325 59925 63475 60275
48300 66325 59925 63500 60250
48400 66325 59925 63500 60250
48500 66350 59925 63475 60250
48600 66350 59925 63475 60250
48700 66350 59925 63475 60250
48800 66350 59925 63500 60225
48900 66325 59950 63500 60225
49000 66300 59950 63500 60250
49100 66275 59975 63500 60250
49200 66275 59950 63525 60250
49300 66325 59950 63500 60225
49400 66325 59950 63500 60225
49500 66325 59925 63550 60200
49600 66325 59925 63550 60200
49700 66300 59950 63575 60175
49800 66300 59950 63575 60175
49900 66300 59950 63575 60175
50000 66325 59950 63575 60150
50100 66325 59950 63575 60150
50200 66325 59950 63550 60175
50300 66325 59950 63550 60175
50400 66300 59950 63550 60200
50500 66300 59925 63575 60200
50600 66325 59925 63550 60200
50700 66325 59925 63550 60200
50800 66350 59925 63550 60175
50900 66350 59925 63550 60175
51000 66350 59925 63550 60175
51100 66350 59900 63575 60175
51200 66400 59900 63525 60175
51300 66400 59900 63525 60175
51400 66400 59900 63525 60175
51500 66400 59900 63525 60175
51600 66425 59900 63525 60150
51700 66450 59900 63525 60125
51800 66450 59900 63525 60125
51900 66450 59900 63525 60125
52000 66375 59900 63575 60150
52100 66375 59900 63575 60150
52200 66375 59875 63600 60150
52300 66375 59850 63625 60150
52400 66375 59850 63625 60150
52500 66375 59850 63625 60150
52600 66375 59825 63650 60150
52700 66375 59825 63650 60150
52800 66375 59825 63650 60150
52900 66350 59875 63625 60150
53000 66350 59875 63625 60150
53100 66350 59875 63625 60150
53200 66350 59875 63625 60150
53300 66350 59875 63625 60150
53400 66375 59875 63625 60125
53500 66375 59875 63625 60125
53600 66375 59875 63625 60125
53700 66400 59875 63625 60100
53800 66400 59875 63625 60100
53900 66400 59875 63625 60100
54000 66375 59875 63625 60125
54100 66375 59875 63625 60125
54200 66400 59875 63600 60125
54300 66400 59875 63600 60125
54400 66400 59900 63575 60125
54500 66400 59900 63575 60125
54600 66400 59900 63575 60125
54700 66400 59875 63600 60125
54800 66375 59925 63575 60125
54900 66350 59950 63575 60125
55000 66375 59975 63575 60075
55100 66375 59975 63575 60075
55200 66375 59950 63575 60100
55300 66350 59950 63575 60125
55400 66350 59950 63575 60125
55500 66350 59950 63575 60125
55600 66350 59950 63575 60125
55700 66375 59950 63575 60100
55800 66375 59950 63575 60100
55900 66350 59950 63600 60100
56000 66350 59925 63600 60125
56100 66350 59925 63600 60125
56200 66350 59925 63600 60125
56300 66350 59925 63600 60125
56400 66325 59925 63600 60150
56500 66325 59925 63600 60150
56600 66300 59950 63600 60150
56700 66300 59950 63600 60150
56800 66300 59950 63600 60150
56900 66300 59950 63600 60150
57000 66325 59950 63575 60150
57100 66325 59950 63600 60125
57200 66325 59950 63600 60125
57300 66325 59950 63600 60125
57400 66325 59950 63600 60125
57500 66325 59950 63600 60125
57600 66325 59950 63600 60125
57700 66325 59950 63600 60125
57800 66325 59925 63625 60125
57900 66325 59925 63625 60125
58000 66325 59925 63625 60125
58100 66325 59925 63625 60125
58200 66325 59925 63625 60125
58300 66325 59925 63625 60125
58400 66325 59950 63600 60125
58500 66325 59950 63600 60125
58600 66325 59950 63600 60125
58700 66350 59950 63575 60125
58800 66350 59950 63550 60150
58900 66350 59950 63550 60150
59000 66350 59950 63550 60150
59100 66350 59950 63550 60150
59200 66350 59950 63550 60150
59300 66350 59950 63550 60150
59400 66350 59950 63550 60150
59500 66350 59950 63550 60150
59600 66325 59950 63550 60175
59700 66350 59950 63500 60200
59800 66350 59925 63525 60200
59900 66325 59925 63525 60225
60000 66300 59925 63550 60225
60100 66300 59925 63550 60225
60200 66300 59925 63550 60225
60300 66275 59950 63575 60200
60400 66275 59950 63575 60200
60500 66300 59925 63575 60200
60600 66300 59925 63575 60200
60700 66300 59925 63575 60200
60800 66300 59925 63600 60175
60900 66300 59950 63575 60175
61000 66300 59950 63575 60175
61100 66300 59950 63575 60175
61200 66300 59900 63625 60175
61300 66325 59900 63600 60175
61400 66325 59875 63625 60175
61500 66325 59875 63625 60175
61600 66325 59875 63625 60175
61700 66325 59875 63625 60175
61800 66325 59875 63625 60175
61900 66300 59875 63650 60175
62000 66300 59825 63700 60175
62100 66325 59825 63675 60175
62200 66300 59875 63650 60175
62300 66300 59875 63650 60175
62400 66325 59875 63650 60150
62500 66325 59875 63625 60175
62600 66325 59875 63625 60175
62700 66325 59875 63625 60175
62800 66325 59875 63625 60175
62900 66325 59875 63625 60175
63000 66325 59875 63625 60175
63100 66300 59875 63625 60200
63200 66300 59875 63650 60175
63300 66300 59875 63650 60175
63400 66300 59875 63650 60175
63500 66325 59850 63650 60175
63600 66325 59850 63650 60175
63700 66325 59850 63650 60175
63800 66325 59850 63675 60150
63900 66325 59850 63675 60150
64000 66325 59850 63675 60150
64100 66325 59850 63675 60150
64200 66300 59850 63675 60175
64300 66300 59850 63675 60175
64400 66300 59850 63675 60175
64500 66300 59850 63700 60150
64600 66300 59850 63700 60150
64700 66300 59850 63725 60125
64800 66300 59875 63700 60125
64900 66300 59875 63725 60100
65000 66300 59875 63725 60100
65100 66300 59875 63725 60100
65200 66300 59875 63725 60100
65300 66300 59875 63700 60125
65400 66275 59875 63725 60125
65500 66275 59875 63725 60125
65600 66300 59875 63700 60125
65700 66300 59850 63725 60125
65800 66300 59850 63725 60125
65900 66300 59850 63725 60125
66000 66300 59875 63700 60125
66100 66300 59875 63700 60125
66200 66300 59875 63700 60125
66300 66300 59875 63700 60125
66400 66300 59875 63700 60125
66500 66300 59875 63700 60125
66600 66300 59875 63700 60125
66700 66275 59875 63700 60150
66800 66275 59875 63700 60150
66900 66275 59875 63700 60150
67000 66275 59875 63700 60150
67100 66300 59850 63700 60150
67200 66325 59850 63675 60150
67300 66300 59875 63675 60150
67400 66325 59875 63675 60125
67500 66325 59900 63650 60125
67600 66325 59900 63650 60125
67700 66325 59900 63650 60125
67800 66325 59900 63650 60125
67900 66325 59900 63625 60150
68000 66325 59900 63625 60150
68100 66325 59900 63625 60150
68200 66325 59900 63625 60150
68300 66325 59900 63625 60150
68400 66350 59875 63625 60150
68500 66325 59900 63625 60150
68600 66325 59900 63625 60150
68700 66325 59900 63625 60150
68800 66325 59900 63625 60150
68900 66325 59900 63625 60150
69000 66325 59900 63625 60150
69100 66300 59875 63650 60175
69200 66300 59875 63650 60175
69300 66300 59875 63650 60175
69400 66300 59875 63650 60175
69500 66300 59900 63625 60175
69600 66300 59900 63625 60175
69700 66300 59875 63650 60175
69800 66300 59900 63625 60175
69900 66300 59900 63625 60175
70000 66300 59900 63625 60175
70100 66300 59900 63625 60175
70200 66300 59900 63625 60175
70300 66275 59875 63650 60200
70400 66275 59875 63625 60225
70500 66275 59875 63625 60225
70600 66275 59875 63625 60225
70700 66275 59875 63625 60225
70800 66275 59875 63625 60225
70900 66250 59900 63625 60225
71000 66250 59900 63625 60225
71100 66250 59900 63625 60225
71200 66250 59925 63625 60200
71300 66275 59925 63625 60175
71400 66275 59925 63625 60175
71500 66275 59900 63650 60175
71600 66275 59900 63650 60175
71700 66300 59900 63625 60175
71800 66300 59900 63625 60175
71900 66300 59900 63625 60175
72000 66275 59900 63650 60175
72100 66275 59900 63625 60200
72200 66300 59875 63625 60200
72300 66300 59875 63625 60200
72400 66275 59875 63625 60225
72500 66275 59875 63625 60225
72600 66275 59875 63650 60200
72700 66275 59875 63650 60200
72800 66275 59875 63650 60200
72900 66275 59875 63650 60200
73000 66300 59850 63650 60200
73100 66300 59825 63675 60200
73200 66300 59825 63675 60200
73300 66300 59825 63675 60200
73400 66300 59825 63675 60200
73500 66300 59825 63675 60200
73600 66325 59825 63650 60200
73700 66325 59825 63650 60200
73800 66325 59850 63625 60200
73900 66325 59825 63650 60200
74000 66325 59800 63675 60200
74100 66325 59800 63675 60200
74200 66350 59800 63675 60175
74300 66375 59800 63675 60150
74400 66375 59800 63675 60150
74500 66400 59800 63650 60150
74600 66400 59800 63650 60150
74700 66400 59800 63650 60150
74800 66375 59825 63650 60150
74900 66375 59825 63650 60150
75000 66375 59825 63650 60150
75100 66375 59825 63650 60150
75200 66375 59825 63650 60150
75300 66400 59825 63625 60150
75400 66400 59825 63625 60150
75500 66400 59825 63625 60150
75600 66400 59825 63625 60150
75700 66400 59825 63625 60150
75800 66400 59825 63625 60150
75900 66375 59825 63625 60175
76000 66375 59825 63625 60175
76100 66375 59825 63650 60150
76200 66375 59825 63650 60150
76300 66400 59850 63625 60125
76400 66400 59850 63625 60125
76500 66400 59850 63625 60125
76600 66400 59850 63625 60125
76700 66375 59825 63675 60125
76800 66375 59825 63675 60125
76900 66400 59825 63650 60125
77000 66400 59825 63650 60125
77100 66375 59825 63650 60150
77200 66375 59825 63650 60150
77300 66375 59825 63650 60150
77400 66375 59825 63650 60150
77500 66375 59825 63650 60150
77600 66400 59800 63650 60150
77700 66400 59800 63650 60150
77800 66425 59800 63650 60125
77900 66425 59800 63650 60125
78000 66450 59800 63650 60100
78100 66450 59800 63650 60100
78200 66475 59800 63600 60125
78300 66500 59800 63575 60125
78400 66500 59800 63575 60125
78500 66475 59800 63575 60150
78600 66525 59800 63575 60100
78700 66525 59800 63575 60100
78800 66525 59800 63575 60100
78900 66525 59825 63575 60075
79000 66525 59825 63575 60075
79100 66525 59825 63575 60075
79200 66525 59825 63575 60075
79300 66525 59825 63575 60075
79400 66525 59850 63550 60075
79500 66525 59850 63550 60075
79600 66525 59850 63550 60075
79700 66525 59850 63550 60075
79800 66525 59875 63525 60075
79900 66525 59875 63525 60075
80000 66525 59875 63525 60075
80100 66550 59850 63525 60075
80200 66550 59850 63525 60075
80300 66550 59850 63525 60075
80400 66525 59850 63525 60100
80500 66550 59850 63500 60100
80600 66575 59850 63475 60100
80700 66575 59850 63475 60100
80800 66575 59875 63450 60100
80900 66550 59900 63450 60100
81000 66550 59900 63450 60100
81100 66550 59900 63450 60100
81200 66550 59900 63425 60125
81300 66575 59875 63450 60100
81400 66600 59875 63425 60100
81500 66600 59850 63450 60100
81600 66575 59850 63450 60125
81700 66575 59850 63450 60125
81800 66575 59850 63450 60125
81900 66575 59850 63450 60125
82000 66575 59850 63450 60125
82100 66575 59875 63425 60125
82200 66575 59875 63425 60125
82300 66575 59875 63425 60125
82400 66600 59875 63400 60125
82500 66600 59875 63400 60125
82600 66600 59875 63400 60125
82700 66600 59875 63400 60125
82800 66575 59900 63375 60150
82900 66575 59900 63375 60150
83000 66550 59900 63375 60175
83100 66550 59900 63375 60175
83200 66550 59900 63400 60150
83300 66525 59925 63425 60125
83400 66525 59925 63425 60125
83500 66525 59925 63425 60125
83600 66525 59925 63425 60125
83700 66525 59925 63425 60125
83800 66525 59925 63425 60125
83900 66525 59925 63425 60125
84000 66525 59925 63425 60125
84100 66525 59925 63425 60125
84200 66525 59925 63425 60125
84300 66525 59925 63425 60125
84400 66525 59925 63425 60125
84500 66525 59925 63425 60125
84600 66525 59925 63425 60125
84700 66525 59925 63425 60125
84800 66525 59925 63425 60125
84900 66525 59925 63450 60100
85000 66525 59900 63475 60100
85100 66525 59900 63475 60100
85200 66525 59900 63475 60100
85300 66525 59900 63500 60075
85400 66500 59900 63525 60075
85500 66500 59925 63500 60075
85600 66500 59925 63500 60075
85700 66500 59900 63525 60075
85800 66500 59900 63525 60075
85900 66500 59900 63525 60075
86000 66500 59925 63550 60025
86100 66525 59925 63525 60025
86200 66525 59925 63525 60025
86300 66525 59925 63525 60025
86400 66525 59925 63550 60000
86500 66525 59925 63575 59975
86600 66500 59975 63550 59975
86700 66500 59975 63550 59975
86800 66500 59975 63550 59975
86900 66500 59975 63550 59975
87000 66500 59975 63550 59975
87100 66500 59975 63550 59975
87200 66500 59975 63550 59975
87300 66475 59975 63550 60000
87400 66475 59950 63575 60000
87500 66475 59950 63575 60000
87600 66475 59950 63575 60000
87700 66475 59925 63600 60000
87800 66450 59925 63600 60025
87900 66450 59925 63600 60025
88000 66450 59925 63600 60025
88100 66450 59925 63600 60025
88200 66450 59925 63600 60025
88300 66450 59925 63600 60025
88400 66450 59925 63600 60025
88500 66425 59925 63625 60025
88600 66425 59925 63625 60025
88700 66400 59925 63625 60050
88800 66400 59925 63625 60050
88900 66400 59925 63600 60075
89000 66400 59875 63650 60075
89100 66400 59875 63650 60075
89200 66400 59875 63650 60075
89300 66400 59875 63650 60075
89400 66400 59875 63650 60075
89500 66400 59875 63650 60075
89600 66375 59900 63650 60075
89700 66375 59825 63725 60075
89800 66375 59825 63725 60075
89900 66375 59825 63725 60075
90000 66375 59825 63725 60075
90100 66375 59825 63725 60075
90200 66375 59825 63725 60075
90300 66375 59825 63725 60075
90400 66375 59825 63725 60075
90500 66375 59825 63725 60075
90600 66375 59825 63725 60075
90700 66375 59825 63725 60075
90800 66375 59825 63725 60075
90900 66375 59825 63725 60075
91000 66375 59850 63700 60075
91100 66400 59850 63675 60075
91200 66400 59850 63675 60075
91300 66400 59850 63675 60075
91400 66400 59850 63675 60075
91500 66400 59850 63675 60075
91600 66400 59850 63675 60075
91700 66400 59850 63675 60075
91800 66375 59850 63700 60075
91900 66350 59850 63700 60100
92000 66350 59850 63700 60100
92100 66350 59850 63700 60100
92200 66350 59850 63700 60100
92300 66350 59850 63700 60100
92400 66350 59850 63725 60075
92500 66350 59850 63725 60075
92600 66350 59850 63725 60075
92700 66350 59850 63725 60075
92800 66350 59850 63725 60075
92900 66350 59850 63725 60075
93000 66350 59850 63725 60075
93100 66325 59875 63725 60075
93200 66325 59875 63725 60075
93300 66325 59875 63725 60075
93400 66325 59875 63725 60075
93500 66325 59875 63725 60075
93600 66325 59875 63725 60075
93700 66325 59875 63725 60075
93800 66325 59875 63725 60075
93900 66325 59875 63725 60075
94000 66325 59900 63725 60050
94100 66325 59900 63725 60050
94200 66325 59900 63725 60050
94300 66325 59900 63725 60050
94400 66300 59925 63725 60050
94500 66300 59925 63725 60050
94600 66300 59925 63725 60050
94700 66300 59925 63725 60050
94800 66325 59900 63725 60050
94900 66325 59900 63725 60050
95000 66325 59900 63725 60050
95100 66325 59900 63725 60050
95200 66325 59925 63700 60050
95300 66325 59925 63700 60050
95400 66325 59925 63700 60050
95500 66300 59925 63700 60075
95600 66300 59925 63700 60075
95700 66300 59925 63700 60075
95800 66300 59925 63700 60075
95900 66275 59950 63700 60075
96000 66300 59950 63675 60075
96100 66300 59975 63650 60075
96200 66300 59975 63650 60075
96300 66300 59975 63650 60075
96400 66300 59975 63650 60075
96500 66300 59975 63650 60075
96600 66300 59975 63650 60075
96700 66275 59975 63675 60075
96800 66275 59975 63675 60075
96900 66275 59975 63675 60075
97000 66275 59950 63725 60050
97100 66275 59950 63725 60050
97200 66275 59950 63700 60075
97300 66275 59950 63700 60075
97400 66275 59950 63700 60075
97500 66275 59950 63700 60075
97600 66250 59950 63700 60100
97700 66275 59950 63675 60100
97800 66275 59950 63675 60100
97900 66275 59950 63675 60100
98000 66275 59950 63675 60100
98100 66275 59950 63675 60100
98200 66275 59950 63675 60100
98300 66275 59950 63675 60100
98400 66275 59950 63675 60100
98500 66275 59950 63675 60100
98600 66275 59950 63675 60100
98700 66275 59950 63650 60125
98800 66275 59950 63650 60125
98900 66275 59950 63650 60125
99000 66275 59950 63650 60125
99100 66275 59950 63650 60125
99200 66275 59950 63650 60125
99300 66250 59950 63650 60150
99400 66250 59950 63650 60150
99500 66250 59950 63650 60150
99600 66250 59950 63650 60150
99700 66275 59950 63650 60125
99800 66275 59950 63650 60125
99900 66275 59950 63650 60125
100000 66275 59950 63650 60125
