0 67050 62325 58475 62150
100 67075 62300 58525 62100
200 67050 62275 58550 62125
300 67075 62325 58575 62025
400 67075 62250 58575 62100
500 67100 62250 58600 62050
600 67100 62175 58625 62100
700 67100 62125 58625 62150
800 67100 62200 58625 62075
900 67050 62200 58675 62075
1000 67025 62275 58675 62025
1100 67000 62275 58675 62050
1200 66975 62275 58650 62100
1300 66975 62275 58650 62100
1400 66975 62275 58675 62075
1500 66975 62250 58700 62075
1600 66975 62225 58725 62075
1700 67000 62225 58725 62050
1800 67000 62175 58675 62150
1900 67000 62200 58700 62100
2000 67000 62250 58725 62025
2100 67000 62225 58725 62050
2200 66975 62300 58725 62000
2300 66975 62275 58725 62025
2400 66950 62225 58725 62100
2500 66950 62250 58725 62075
2600 67000 62225 58725 62050
2700 66975 62175 58750 62100
2800 66975 62200 58750 62075
2900 66950 62250 58750 62050
3000 66975 62250 58725 62050
3100 66975 62250 58725 62050
3200 66975 62325 58700 62000
3300 66950 62250 58725 62075
3400 66950 62225 58750 62075
3500 66975 62150 58775 62100
3600 66975 62175 58775 62075
3700 66925 62200 58800 62075
3800 66925 62200 58800 62075
3900 66900 62200 58825 62075
4000 66900 62175 58825 62100
4100 66900 62175 58825 62100
4200 66900 62175 58850 62075
4300 66900 62225 58850 62025
4400 66925 62175 58875 62025
4500 66925 62175 58850 62050
4600 66925 62175 58825 62075
4700 66950 62150 58825 62075
4800 66950 62150 58825 62075
4900 66950 62175 58825 62050
5000 66950 62200 58800 62050
5100 66975 62200 58800 62025
5200 67000 62200 58775 62025
5300 67025 62150 58750 62075
5400 67000 62150 58775 62075
5500 67000 62125 58825 62050
5600 67000 62150 58800 62050
5700 66950 62150 58800 62100
5800 66950 62125 58800 62125
5900 66975 62150 58850 62025
6000 66950 62225 58825 62000
6100 66950 62225 58825 62000
6200 66950 62200 58825 62025
6300 67000 62200 58825 61975
6400 67000 62150 58875 61975
6500 67025 62150 58850 61975
6600 67000 62200 58850 61950
6700 66975 62200 58850 61975
6800 66975 62200 58875 61950
6900 66975 62175 58900 61950
7000 66975 62125 58925 61975
7100 66975 62150 58900 61975
7200 66975 62150 58950 61925
7300 66950 62125 58925 62000
7400 66975 62175 58875 61975
7500 66925 62200 58875 62000
7600 66925 62150 58900 62025
7700 66950 62150 58875 62025
7800 66950 62225 58825 62000
7900 66950 62250 58800 62000
8000 66950 62250 58800 62000
8100 66950 62275 58800 61975
8200 66950 62300 58825 61925
8300 66925 62300 58825 61950
8400 66900 62300 58825 61975
8500 66900 62300 58825 61975
8600 66875 62275 58850 62000
8700 66875 62250 58900 61975
8800 66900 62275 58850 61975
8900 66875 62250 58825 62050
9000 66875 62300 58825 62000
9100 66875 62300 58850 61975
9200 66900 62300 58825 61975
9300 66925 62300 58775 62000
9400 66900 62325 58800 61975
9500 66900 62300 58800 62000
9600 66875 62325 58800 62000
9700 66875 62325 58800 62000
9800 66900 62350 58775 61975
9900 66900 62350 58775 61975
10000 66875 62350 58825 61950
10100 66875 62350 58800 61975
10200 66875 62375 58800 61950
10300 66900 62400 58775 61925
10400 66900 62400 58800 61900
10500 66875 62400 58825 61900
10600 66825 62425 58825 61925
10700 66825 62425 58775 61975
10800 66850 62400 58750 62000
10900 66850 62400 58800 61950
11000 66850 62425 58775 61950
11100 66875 62400 58775 61950
11200 66850 62425 58750 61975
11300 66875 62425 58750 61950
11400 66900 62425 58775 61900
11500 66900 62450 58750 61900
11600 66950 62425 58725 61900
11700 66975 62400 58725 61900
11800 67050 62375 58675 61900
11900 67125 62375 58625 61875
12000 67125 62350 58625 61900
12100 67125 62350 58625 61900
12200 67150 62375 58600 61875
12300 67150 62375 58600 61875
12400 67150 62350 58600 61900
12500 67125 62375 58625 61875
12600 67125 62375 58600 61900
12700 67125 62350 58600 61925
12800 67125 62400 58575 61900
12900 67125 62375 58575 61925
13000 67150 62375 58550 61925
13100 67150 62375 58550 61925
13200 67150 62375 58525 61950
13300 67150 62375 58550 61925
13400 67175 62375 58525 61925
13500 67200 62400 58525 61875
13600 67200 62400 58525 61875
13700 67200 62400 58525 61875
13800 67200 62400 58525 61875
13900 67225 62400 58475 61900
14000 67225 62400 58475 61900
14100 67300 62400 58425 61875
14200 67275 62425 58400 61900
14300 67300 62400 58400 61900
14400 67300 62400 58400 61900
14500 67300 62325 58425 61950
14600 67300 62350 58450 61900
14700 67300 62350 58450 61900
14800 67275 62350 58450 61925
14900 67275 62375 58450 61900
15000 67275 62375 58450 61900
15100 67300 62350 58450 61900
15200 67300 62350 58450 61900
15300 67300 62325 58500 61875
15400 67300 62300 58525 61875
15500 67300 62300 58525 61875
15600 67300 62325 58525 61850
15700 67300 62300 58525 61875
15800 67300 62275 58550 61875
15900 67275 62275 58550 61900
16000 67250 62275 58550 61925
16100 67250 62275 58550 61925
16200 67275 62275 58550 61900
16300 67275 62250 58575 61900
16400 67275 62275 58575 61875
16500 67275 62300 58600 61825
16600 67275 62300 58600 61825
16700 67275 62350 58625 61750
16800 67275 62350 58650 61725
16900 67300 62375 58600 61725
17000 67300 62350 58625 61725
17100 67300 62350 58625 61725
17200 67300 62350 58625 61725
17300 67300 62350 58625 61725
17400 67300 62325 58650 61725
17500 67275 62325 58675 61725
17600 67250 62325 58675 61750
17700 67225 62325 58675 61775
17800 67225 62325 58700 61750
17900 67225 62325 58700 61750
18000 67225 62325 58700 61750
18100 67225 62300 58700 61775
18200 67225 62300 58700 61775
18300 67225 62275 58700 61800
18400 67225 62275 58700 61800
18500 67175 62250 58700 61875
18600 67150 62250 58700 61900
18700 67125 62275 58675 61925
18800 67125 62300 58675 61900
18900 67125 62300 58700 61875
19000 67125 62300 58700 61875
19100 67125 62300 58700 61875
19200 67125 62350 58675 61850
19300 67125 62325 58725 61825
19400 67125 62300 58725 61850
19500 67125 62275 58750 61850
19600 67125 62275 58750 61850
19700 67125 62275 58750 61850
19800 67100 62300 58750 61850
19900 67100 62300 58750 61850
20000 67125 62325 58775 61775
20100 67125 62325 58775 61775
20200 67125 62300 58775 61800
20300 67100 62300 58775 61825
20400 67075 62300 58775 61850
20500 67025 62300 58775 61900
20600 67025 62325 58775 61875
20700 67000 62325 58800 61875
20800 67000 62325 58800 61875
20900 67025 62350 58775 61850
21000 67025 62350 58775 61850
21100 67025 62350 58775 61850
21200 67025 62350 58800 61825
21300 67025 62350 58825 61800
21400 67025 62375 58800 61800
21500 67000 62375 58775 61850
21600 67000 62350 58775 61875
21700 67000 62400 58750 61850
21800 66950 62400 58750 61900
21900 66950 62400 58750 61900
22000 66900 62475 58725 61900
22100 66900 62475 58725 61900
22200 66900 62475 58725 61900
22300 66875 62475 58725 61925
22400 66875 62475 58725 61925
22500 66850 62500 58725 61925
22600 66850 62500 58725 61925
22700 66875 62500 58725 61900
22800 66875 62525 58725 61875
22900 66875 62550 58725 61850
23000 66875 62575 58700 61850
23100 66875 62575 58750 61800
23200 66875 62600 58750 61775
23300 66875 62625 58750 61750
23400 66875 62625 58750 61750
23500 66900 62625 58750 61725
23600 66925 62600 58750 61725
23700 66925 62575 58750 61750
23800 66900 62525 58825 61750
23900 66900 62500 58875 61725
24000 66925 62500 58850 61725
24100 66925 62500 58850 61725
24200 66925 62500 58850 61725
24300 66925 62500 58825 61750
24400 66925 62500 58825 61750
24500 66925 62500 58850 61725
24600 66925 62525 58875 61675
24700 66925 62525 58875 61675
24800 66925 62500 58900 61675
24900 66950 62475 58900 61675
25000 66925 62475 58900 61700
25100 66925 62450 58900 61725
25200 66950 62475 58850 61725
25300 66950 62475 58850 61725
25400 66950 62475 58850 61725
25500 66950 62475 58850 61725
25600 66950 62475 58850 61725
25700 66950 62500 58850 61700
25800 66950 62500 58850 61700
25900 66950 62500 58875 61675
26000 66950 62475 58900 61675
26100 66950 62475 58900 61675
26200 66950 62500 58900 61650
26300 66950 62500 58900 61650
26400 66975 62525 58900 61600
26500 67000 62500 58900 61600
26600 66950 62475 58900 61675
26700 66925 62475 58925 61675
26800 66925 62500 58900 61675
26900 66950 62500 58900 61650
27000 66950 62500 58900 61650
27100 66950 62525 58925 61600
27200 66950 62525 58925 61600
27300 66925 62525 58925 61625
27400 66925 62525 58925 61625
27500 66925 62525 58925 61625
27600 66925 62525 58925 61625
27700 66925 62525 58925 61625
27800 66925 62525 58925 61625
27900 66925 62525 58950 61600
28000 66925 62525 58950 61600
28100 66925 62525 58950 61600
28200 66925 62500 58975 61600
28300 66925 62525 58950 61600
28400 66925 62525 58950 61600
28500 66900 62525 58975 61600
28600 66900 62475 58975 61650
28700 66925 62475 58925 61675
28800 66925 62475 58925 61675
28900 66925 62475 58925 61675
29000 66900 62475 58925 61700
29100 66900 62500 58925 61675
29200 66900 62500 58925 61675
29300 66900 62500 58925 61675
29400 66900 62500 58925 61675
29500 66900 62500 58925 61675
29600 66900 62525 58925 61650
29700 66875 62525 58925 61675
29800 66875 62500 58950 61675
29900 66875 62500 58950 61675
30000 66875 62500 58950 61675
30100 66875 62500 58950 61675
30200 66850 62500 58950 61700
30300 66825 62525 58950 61700
30400 66825 62500 58950 61725
30500 66825 62500 58950 61725
30600 66825 62500 58950 61725
30700 66800 62550 58925 61725
30800 66800 62550 58950 61700
30900 66800 62550 58950 61700
31000 66800 62550 58925 61725
31100 66825 62550 58900 61725
31200 66850 62500 58925 61725
31300 66850 62500 58900 61750
31400 66850 62525 58875 61750
31500 66850 62525 58875 61750
31600 66825 62500 58900 61775
31700 66825 62475 58900 61800
31800 66850 62475 58875 61800
31900 66850 62475 58875 61800
32000 66850 62475 58900 61775
32100 66850 62475 58900 61775
32200 66850 62500 58900 61750
32300 66875 62500 58900 61725
32400 66875 62475 58925 61725
32500 66875 62450 58925 61750
32600 66900 62425 58925 61750
32700 66925 62425 58950 61700
32800 66925 62425 58950 61700
32900 66900 62475 58925 61700
33000 66875 62500 58925 61700
33100 66850 62525 58925 61700
33200 66850 62525 58925 61700
33300 66875 62525 58900 61700
33400 66875 62525 58900 61700
33500 66875 62525 58900 61700
33600 66875 62525 58900 61700
33700 66875 62500 58900 61725
33800 66875 62500 58900 61725
33900 66875 62525 58900 61700
34000 66875 62500 58925 61700
34100 66875 62500 58925 61700
34200 66875 62500 58950 61675
34300 66875 62500 58975 61650
34400 66875 62475 58975 61675
34500 66875 62475 58975 61675
34600 66875 62475 59000 61650
34700 66875 62475 59000 61650
34800 66875 62500 58975 61650
34900 66825 62525 58975 61675
35000 66825 62525 58975 61675
35100 66825 62550 58975 61650
35200 66825 62550 59000 61625
35300 66825 62525 59000 61650
35400 66825 62525 59025 61625
35500 66850 62550 59000 61600
35600 66850 62525 59000 61625
35700 66850 62525 59025 61600
35800 66850 62525 59025 61600
35900 66800 62550 59025 61625
36000 66775 62575 59025 61625
36100 66775 62575 59025 61625
36200 66775 62600 59025 61600
36300 66750 62575 59075 61600
36400 66750 62575 59075 61600
36500 66750 62575 59050 61625
36600 66750 62575 59050 61625
36700 66750 62575 59075 61600
36800 66750 62575 59075 61600
36900 66750 62575 59075 61600
37000 66750 62550 59100 61600
37100 66750 62550 59100 61600
37200 66725 62550 59100 61625
37300 66725 62550 59100 61625
37400 66750 62550 59075 61625
37500 66750 62550 59075 61625
37600 66775 62525 59050 61650
37700 66775 62550 59050 61625
37800 66750 62575 59025 61650
37900 66725 62575 59025 61675
38000 66725 62575 59050 61650
38100 66750 62525 59075 61650
38200 66750 62525 59075 61650
38300 66750 62525 59075 61650
38400 66750 62525 59075 61650
38500 66750 62550 59075 61625
38600 66750 62525 59100 61625
38700 66750 62525 59100 61625
38800 66750 62500 59100 61650
38900 66750 62500 59100 61650
39000 66725 62500 59100 61675
39100 66725 62500 59100 61675
39200 66700 62500 59100 61700
39300 66675 62475 59125 61725
39400 66675 62475 59125 61725
39500 66700 62475 59100 61725
39600 66700 62475 59100 61725
39700 66700 62475 59075 61750
39800 66700 62450 59100 61750
39900 66750 62425 59100 61725
40000 66700 62450 59100 61750
40100 66700 62450 59075 61775
40200 66700 62450 59075 61775
40300 66700 62450 59075 61775
40400 66700 62450 59075 61775
40500 66700 62450 59075 61775
40600 66700 62450 59075 61775
40700 66700 62450 59075 61775
40800 66700 62450 59075 61775
40900 66700 62475 59050 61775
41000 66700 62475 59075 61750
41100 66700 62475 59075 61750
41200 66750 62450 59050 61750
41300 66725 62475 59025 61775
41400 66725 62500 59050 61725
41500 66775 62525 59050 61650
41600 66775 62525 59050 61650
41700 66800 62500 59050 61650
41800 66775 62500 59050 61675
41900 66775 62500 59050 61675
42000 66775 62500 59050 61675
42100 66775 62500 59050 61675
42200 66775 62500 59050 61675
42300 66775 62500 59050 61675
42400 66775 62525 59025 61675
42500 66775 62525 59025 61675
42600 66800 62500 59000 61700
42700 66825 62475 59025 61675
42800 66825 62450 59050 61675
42900 66825 62450 59050 61675
43000 66825 62475 59025 61675
43100 66825 62450 59025 61700
43200 66850 62475 59000 61675
43300 66850 62500 58975 61675
43400 66850 62500 58975 61675
43500 66850 62500 58950 61700
43600 66875 62500 58950 61675
43700 66875 62500 58975 61650
43800 66875 62500 58975 61650
43900 66900 62500 58950 61650
44000 66900 62500 58950 61650
44100 66900 62525 58925 61650
44200 66900 62550 58900 61650
44300 66900 62550 58900 61650
44400 66900 62550 58900 61650
44500 66900 62600 58850 61650
44600 66925 62600 58825 61650
44700 66925 62600 58825 61650
44800 66900 62625 58825 61650
44900 66900 62625 58825 61650
45000 66925 62650 58800 61625
45100 66925 62650 58800 61625
45200 66925 62650 58800 61625
45300 66925 62650 58800 61625
45400 66900 62650 58800 61650
45500 66900 62650 58800 61650
45600 66925 62650 58775 61650
45700 66925 62650 58775 61650
45800 66925 62600 58800 61675
45900 66950 62575 58825 61650
46000 66950 62575 58850 61625
46100 66950 62575 58850 61625
46200 66950 62575 58850 61625
46300 66950 62575 58850 61625
46400 66975 62575 58825 61625
46500 66975 62575 58825 61625
46600 67000 62575 58800 61625
46700 66975 62575 58825 61625
46800 66975 62575 58825 61625
46900 66975 62575 58825 61625
47000 67000 62600 58800 61600
47100 67025 62600 58775 61600
47200 67025 62600 58775 61600
47300 67025 62600 58775 61600
47400 67050 62575 58775 61600
47500 67100 62575 58725 61600
47600 67100 62575 58725 61600
47700 67125 62600 58700 61575
47800 67150 62600 58675 61575
47900 67200 62600 58650 61550
48000 67225 62575 58650 61550
48100 67225 62575 58650 61550
48200 67200 62575 58650 61575
48300 67175 62575 58650 61600
48400 67175 62575 58650 61600
48500 67150 62600 58650 61600
48600 67150 62600 58650 61600
48700 67150 62600 58650 61600
48800 67150 62600 58650 61600
48900 67125 62575 58675 61625
49000 67125 62525 58700 61650
49100 67125 62525 58700 61650
49200 67100 62550 58700 61650
49300 67100 62525 58725 61650
49400 67100 62525 58750 61625
49500 67100 62525 58750 61625
49600 67100 62525 58750 61625
49700 67100 62525 58725 61650
49800 67100 62525 58725 61650
49900 67100 62525 58725 61650
50000 67100 62525 58725 61650
50100 67100 62525 58750 61625
50200 67100 62525 58800 61575
50300 67100 62500 58800 61600
50400 67075 62500 58825 61600
50500 67075 62500 58825 61600
50600 67075 62525 58825 61575
50700 67075 62525 58825 61575
50800 67075 62525 58825 61575
50900 67075 62500 58850 61575
51000 67050 62525 58850 61575
51100 67050 62550 58825 61575
51200 67025 62575 58825 61575
51300 67025 62575 58825 61575
51400 67025 62550 58850 61575
51500 67025 62550 58850 61575
51600 67025 62525 58875 61575
51700 67025 62525 58875 61575
51800 67000 62525 58875 61600
51900 66975 62525 58900 61600
52000 66975 62525 58900 61600
52100 66975 62525 58900 61600
52200 66975 62525 58900 61600
52300 66975 62500 58900 61625
52400 66975 62500 58900 61625
52500 66900 62550 58900 61650
52600 66900 62550 58900 61650
52700 66900 62525 58925 61650
52800 66900 62525 58925 61650
52900 66900 62525 58925 61650
53000 66900 62525 58925 61650
53100 66900 62525 58925 61650
53200 66875 62550 58925 61650
53300 66850 62600 58925 61625
53400 66850 62600 58925 61625
53500 66850 62600 58925 61625
53600 66875 62575 58900 61650
53700 66875 62575 58900 61650
53800 66875 62600 58900 61625
53900 66850 62600 58900 61650
54000 66850 62600 58900 61650
54100 66850 62600 58900 61650
54200 66850 62600 58925 61625
54300 66850 62600 58925 61625
54400 66850 62600 58925 61625
54500 66850 62600 58925 61625
54600 66850 62600 58925 61625
54700 66850 62600 58925 61625
54800 66850 62600 58925 61625
54900 66850 62600 58925 61625
55000 66850 62600 58925 61625
55100 66850 62600 58925 61625
55200 66850 62600 58925 61625
55300 66850 62600 58925 61625
55400 66850 62575 58925 61650
55500 66850 62575 58925 61650
55600 66850 62550 58975 61625
55700 66850 62550 58975 61625
55800 66850 62575 58975 61600
55900 66850 62575 58950 61625
56000 66850 62575 58950 61625
56100 66850 62575 58950 61625
56200 66850 62575 58950 61625
56300 66850 62550 58950 61650
56400 66850 62550 58950 61650
56500 66850 62550 58950 61650
56600 66850 62525 58950 61675
56700 66850 62550 58925 61675
56800 66850 62550 58925 61675
56900 66850 62550 58925 61675
57000 66875 62550 58925 61650
57100 66875 62550 58900 61675
57200 66875 62550 58900 61675
57300 66875 62550 58900 61675
57400 66900 62525 58900 61675
57500 66900 62525 58875 61700
57600 66900 62525 58875 61700
57700 66925 62500 58875 61700
57800 66900 62500 58875 61725
57900 66900 62525 58900 61675
58000 66900 62525 58900 61675
58100 66900 62500 58925 61675
58200 66925 62450 58925 61700
58300 66925 62450 58925 61700
58400 66925 62450 58925 61700
58500 66900 62475 58900 61725
58600 66900 62475 58900 61725
58700 66900 62475 58900 61725
58800 66900 62475 58900 61725
58900 66925 62450 58900 61725
59000 66925 62450 58900 61725
59100 66925 62450 58900 61725
59200 66925 62425 58925 61725
59300 66925 62425 58925 61725
59400 66925 62400 58950 61725
59500 66925 62400 58950 61725
59600 66925 62425 58950 61700
59700 66925 62425 58950 61700
59800 66925 62450 58950 61675
59900 66925 62450 58950 61675
60000 66925 62450 58950 61675
60100 66950 62475 58950 61625
60200 66950 62475 58950 61625
60300 66950 62475 58950 61625
60400 66950 62475 58950 61625
60500 66950 62475 58950 61625
60600 66950 62500 58925 61625
60700 66950 62475 58925 61650
60800 66975 62450 58925 61650
60900 66975 62450 58925 61650
61000 66975 62450 58925 61650
61100 66975 62450 58925 61650
61200 66975 62450 58925 61650
61300 66975 62450 58925 61650
61400 66975 62450 58950 61625
61500 66975 62475 58950 61600
61600 66975 62475 58950 61600
61700 66975 62475 58950 61600
61800 66975 62475 58950 61600
61900 66975 62475 58950 61600
62000 66975 62475 58950 61600
62100 66975 62475 58950 61600
62200 66975 62525 58900 61600
62300 66975 62500 58900 61625
62400 66975 62500 58900 61625
62500 66975 62500 58900 61625
62600 66950 62525 58900 61625
62700 66950 62525 58925 61600
62800 66950 62500 58925 61625
62900 66950 62500 58925 61625
63000 66950 62500 58925 61625
63100 66950 62525 58925 61600
63200 66950 62525 58925 61600
63300 66925 62550 58900 61625
63400 66925 62550 58900 61625
63500 66925 62550 58900 61625
63600 66925 62550 58900 61625
63700 66925 62575 58875 61625
63800 66925 62575 58875 61625
63900 66925 62600 58875 61600
64000 66925 62600 58875 61600
64100 66925 62600 58875 61600
64200 66925 62600 58900 61575
64300 66925 62600 58900 61575
64400 66925 62600 58900 61575
64500 66925 62600 58900 61575
64600 66925 62625 58900 61550
64700 66925 62600 58900 61575
64800 66925 62600 58900 61575
64900 66925 62600 58900 61575
65000 66925 62600 58900 61575
65100 66925 62600 58900 61575
65200 66875 62600 58900 61625
65300 66875 62575 58925 61625
65400 66875 62575 58925 61625
65500 66875 62575 58925 61625
65600 66875 62575 58925 61625
65700 66875 62575 58925 61625
65800 66875 62575 58925 61625
65900 66875 62575 58925 61625
66000 66875 62575 58925 61625
66100 66875 62575 58925 61625
66200 66875 62600 58925 61600
66300 66875 62600 58925 61600
66400 66875 62575 58925 61625
66500 66875 62575 58925 61625
66600 66875 62575 58925 61625
66700 66875 62575 58925 61625
66800 66875 62550 58975 61600
66900 66875 62550 58975 61600
67000 66875 62525 59000 61600
67100 66900 62525 59000 61575
67200 66900 62525 59000 61575
67300 66900 62525 59000 61575
67400 66875 62525 59025 61575
67500 66850 62525 59025 61600
67600 66850 62525 59025 61600
67700 66850 62550 59025 61575
67800 66825 62575 59025 61575
67900 66825 62600 59025 61550
68000 66825 62575 59025 61575
68100 66825 62575 59025 61575
68200 66825 62575 59025 61575
68300 66825 62575 59025 61575
68400 66825 62575 59025 61575
68500 66825 62575 59025 61575
68600 66825 62575 59025 61575
68700 66825 62575 59025 61575
68800 66825 62575 59025 61575
68900 66775 62575 59025 61625
69000 66775 62575 59050 61600
69100 66775 62575 59050 61600
69200 66775 62575 59050 61600
69300 66775 62575 59025 61625
69400 66750 62575 59050 61625
69500 66750 62550 59050 61650
69600 66700 62550 59050 61700
69700 66700 62550 59050 61700
69800 66700 62550 59050 61700
69900 66700 62550 59050 61700
70000 66700 62550 59050 61700
70100 66700 62550 59050 61700
70200 66700 62550 59050 61700
70300 66700 62525 59050 61725
70400 66700 62525 59050 61725
70500 66700 62525 59050 61725
70600 66700 62525 59050 61725
70700 66700 62525 59075 61700
70800 66725 62525 59075 61675
70900 66750 62500 59075 61675
71000 66750 62475 59100 61675
71100 66750 62450 59100 61700
71200 66750 62450 59100 61700
71300 66750 62450 59100 61700
71400 66725 62450 59100 61725
71500 66725 62450 59100 61725
71600 66725 62450 59100 61725
71700 66700 62475 59100 61725
71800 66725 62450 59100 61725
71900 66725 62450 59125 61700
72000 66725 62475 59125 61675
72100 66700 62500 59125 61675
72200 66700 62500 59125 61675
72300 66700 62500 59125 61675
72400 66700 62500 59125 61675
72500 66725 62475 59125 61675
72600 66725 62475 59125 61675
72700 66725 62475 59125 61675
72800 66725 62450 59125 61700
72900 66725 62450 59150 61675
73000 66725 62450 59175 61650
73100 66725 62450 59175 61650
73200 66725 62450 59175 61650
73300 66725 62450 59175 61650
73400 66725 62450 59175 61650
73500 66725 62450 59150 61675
73600 66725 62450 59150 61675
73700 66725 62425 59150 61700
73800 66725 62425 59150 61700
73900 66750 62400 59150 61700
74000 66750 62400 59150 61700
74100 66750 62400 59125 61725
74200 66750 62400 59125 61725
74300 66725 62425 59125 61725
74400 66725 62425 59125 61725
74500 66725 62425 59125 61725
74600 66725 62425 59125 61725
74700 66725 62425 59125 61725
74800 66725 62400 59150 61725
74900 66725 62400 59150 61725
75000 66725 62400 59150 61725
75100 66725 62400 59150 61725
75200 66700 62425 59150 61725
75300 66700 62425 59150 61725
75400 66700 62400 59175 61725
75500 66700 62400 59175 61725
75600 66700 62375 59200 61725
75700 66700 62375 59200 61725
75800 66700 62375 59200 61725
75900 66700 62375 59200 61725
76000 66675 62400 59175 61750
76100 66700 62400 59175 61725
76200 66700 62400 59175 61725
76300 66700 62375 59175 61750
76400 66700 62375 59175 61750
76500 66700 62375 59175 61750
76600 66675 62375 59175 61775
76700 66675 62375 59200 61750
76800 66675 62375 59200 61750
76900 66700 62375 59200 61725
77000 66700 62375 59200 61725
77100 66675 62400 59200 61725
77200 66650 62425 59150 61775
77300 66650 62425 59150 61775
77400 66650 62425 59150 61775
77500 66650 62400 59150 61800
77600 66650 62400 59125 61825
77700 66650 62400 59125 61825
77800 66650 62400 59125 61825
77900 66625 62475 59100 61800
78000 66625 62475 59100 61800
78100 66625 62475 59100 61800
78200 66625 62475 59100 61800
78300 66625 62475 59100 61800
78400 66625 62475 59100 61800
78500 66625 62475 59100 61800
78600 66625 62475 59100 61800
78700 66625 62475 59100 61800
78800 66625 62475 59100 61800
78900 66625 62475 59100 61800
79000 66625 62475 59100 61800
79100 66625 62475 59100 61800
79200 66625 62475 59100 61800
79300 66625 62475 59100 61800
79400 66625 62450 59125 61800
79500 66625 62450 59125 61800
79600 66625 62450 59125 61800
79700 66625 62450 59125 61800
79800 66625 62450 59125 61800
79900 66625 62450 59125 61800
80000 66625 62450 59125 61800
80100 66625 62450 59125 61800
80200 66625 62450 59125 61800
80300 66625 62450 59125 61800
80400 66625 62450 59125 61800
80500 66625 62450 59125 61800
80600 66625 62450 59125 61800
80700 66625 62450 59125 61800
80800 66625 62450 59125 61800
80900 66625 62425 59125 61825
81000 66625 62425 59125 61825
81100 66625 62425 59125 61825
81200 66625 62425 59125 61825
81300 66625 62425 59150 61800
81400 66625 62425 59150 61800
81500 66625 62425 59150 61800
81600 66625 62425 59150 61800
81700 66625 62425 59150 61800
81800 66625 62425 59150 61800
81900 66625 62425 59150 61800
82000 66600 62425 59175 61800
82100 66600 62425 59175 61800
82200 66600 62425 59175 61800
82300 66600 62425 59150 61825
82400 66600 62425 59175 61800
82500 66600 62425 59175 61800
82600 66600 62425 59175 61800
82700 66600 62425 59175 61800
82800 66600 62425 59175 61800
82900 66600 62425 59175 61800
83000 66600 62425 59175 61800
83100 66600 62425 59175 61800
83200 66600 62425 59175 61800
83300 66600 62425 59175 61800
83400 66625 62400 59175 61800
83500 66625 62400 59175 61800
83600 66625 62375 59200 61800
83700 66625 62375 59200 61800
83800 66625 62375 59200 61800
83900 66625 62375 59200 61800
84000 66625 62375 59200 61800
84100 66625 62375 59200 61800
84200 66625 62375 59200 61800
84300 66625 62375 59200 61800
84400 66600 62375 59200 61825
84500 66600 62375 59225 61800
84600 66600 62375 59225 61800
84700 66600 62375 59225 61800
84800 66600 62375 59225 61800
84900 66600 62375 59225 61800
85000 66600 62375 59225 61800
85100 66600 62375 59225 61800
85200 66600 62375 59225 61800
85300 66600 62375 59225 61800
85400 66575 62375 59225 61825
85500 66575 62375 59250 61800
85600 66575 62400 59225 61800
85700 66575 62400 59225 61800
85800 66575 62400 59225 61800
85900 66575 62400 59225 61800
86000 66575 62425 59225 61775
86100 66575 62425 59225 61775
86200 66575 62425 59225 61775
86300 66575 62425 59225 61775
86400 66575 62425 59225 61775
86500 66575 62425 59225 61775
86600 66600 62400 59225 61775
86700 66600 62400 59225 61775
86800 66600 62400 59225 61775
86900 66600 62400 59225 61775
87000 66600 62400 59225 61775
87100 66600 62400 59225 61775
87200 66600 62375 59250 61775
87300 66600 62375 59250 61775
87400 66575 62375 59250 61800
87500 66575 62350 59275 61800
87600 66575 62350 59275 61800
87700 66575 62350 59275 61800
87800 66575 62350 59275 61800
87900 66575 62350 59275 61800
88000 66550 62375 59275 61800
88100 66550 62375 59275 61800
88200 66550 62375 59275 61800
88300 66550 62375 59275 61800
88400 66550 62375 59275 61800
88500 66550 62375 59275 61800
88600 66550 62375 59275 61800
88700 66575 62375 59250 61800
88800 66575 62350 59250 61825
88900 66575 62350 59250 61825
89000 66575 62350 59250 61825
89100 66600 62325 59250 61825
89200 66600 62325 59250 61825
89300 66600 62325 59250 61825
89400 66600 62325 59275 61800
89500 66600 62325 59275 61800
89600 66625 62300 59275 61800
89700 66625 62300 59275 61800
89800 66600 62300 59275 61825
89900 66600 62300 59300 61800
90000 66600 62300 59300 61800
90100 66625 62300 59300 61775
90200 66625 62300 59300 61775
90300 66625 62300 59300 61775
90400 66625 62300 59300 61775
90500 66625 62300 59300 61775
90600 66625 62300 59300 61775
90700 66625 62300 59300 61775
90800 66625 62300 59300 61775
90900 66625 62300 59300 61775
91000 66625 62300 59300 61775
91100 66625 62300 59300 61775
91200 66625 62300 59300 61775
91300 66625 62300 59300 61775
91400 66625 62300 59300 61775
91500 66625 62275 59325 61775
91600 66625 62300 59300 61775
91700 66625 62300 59300 61775
91800 66600 62300 59300 61800
91900 66600 62300 59300 61800
92000 66600 62300 59300 61800
92100 66600 62300 59300 61800
92200 66600 62300 59300 61800
92300 66600 62300 59300 61800
92400 66600 62300 59300 61800
92500 66575 62300 59300 61825
92600 66575 62300 59300 61825
92700 66575 62300 59300 61825
92800 66575 62300 59325 61800
92900 66575 62300 59325 61800
93000 66575 62300 59325 61800
93100 66575 62300 59325 61800
93200 66550 62325 59325 61800
93300 66525 62325 59325 61825
93400 66525 62325 59325 61825
93500 66525 62325 59325 61825
93600 66525 62325 59325 61825
93700 66525 62325 59325 61825
93800 66525 62325 59325 61825
93900 66550 62325 59325 61800
94000 66550 62325 59325 61800
94100 66550 62325 59325 61800
94200 66550 62325 59325 61800
94300 66525 62350 59300 61825
94400 66525 62350 59300 61825
94500 66525 62350 59300 61825
94600 66525 62375 59300 61800
94700 66525 62375 59300 61800
94800 66475 62375 59300 61850
94900 66475 62375 59300 61850
95000 66475 62375 59300 61850
95100 66500 62375 59300 61825
95200 66500 62375 59300 61825
95300 66500 62375 59300 61825
95400 66500 62375 59300 61825
95500 66500 62375 59300 61825
95600 66500 62375 59300 61825
95700 66500 62375 59300 61825
95800 66500 62375 59300 61825
95900 66500 62375 59325 61800
96000 66500 62375 59325 61800
96100 66500 62375 59325 61800
96200 66500 62375 59325 61800
96300 66500 62375 59325 61800
96400 66500 62375 59350 61775
96500 66500 62375 59350 61775
96600 66500 62375 59350 61775
96700 66525 62350 59350 61775
96800 66525 62350 59350 61775
96900 66525 62350 59350 61775
97000 66525 62350 59350 61775
97100 66525 62375 59350 61750
97200 66525 62375 59350 61750
97300 66525 62375 59350 61750
97400 66525 62375 59350 61750
97500 66525 62375 59350 61750
97600 66525 62375 59350 61750
97700 66525 62375 59350 61750
97800 66525 62350 59350 61775
97900 66525 62350 59350 61775
98000 66525 62350 59350 61775
98100 66525 62350 59350 61775
98200 66525 62350 59350 61775
98300 66500 62375 59350 61775
98400 66500 62375 59350 61775
98500 66500 62375 59350 61775
98600 66500 62375 59350 61775
98700 66475 62375 59350 61800
98800 66475 62375 59350 61800
98900 66500 62350 59350 61800
99000 66500 62350 59350 61800
99100 66500 62325 59375 61800
99200 66500 62300 59400 61800
99300 66500 62300 59400 61800
99400 66500 62300 59400 61800
99500 66500 62300 59400 61800
99600 66500 62300 59400 61800
99700 66500 62300 59400 61800
99800 66500 62300 59400 61800
99900 66500 62325 59375 61800
100000 66500 62325 59375 61800
