0 64175 63325 61650 60850
100 64175 63325 61650 60850
200 64125 63375 61625 60875
300 64125 63400 61600 60875
400 64100 63425 61550 60925
500 64125 63425 61550 60900
600 64125 63425 61575 60875
700 64175 63375 61600 60850
800 64175 63375 61600 60850
900 64200 63375 61600 60825
1000 64175 63375 61625 60825
1100 64200 63375 61625 60800
1200 64225 63325 61650 60800
1300 64200 63325 61650 60825
1400 64225 63350 61575 60850
1500 64175 63425 61550 60850
1600 64150 63425 61575 60850
1700 64175 63375 61600 60850
1800 64200 63325 61625 60850
1900 64200 63325 61625 60850
2000 64225 63325 61625 60825
2100 64250 63325 61625 60800
2200 64275 63325 61575 60825
2300 64200 63450 61550 60800
2400 64175 63475 61575 60775
2500 64175 63425 61575 60825
2600 64150 63425 61575 60850
2700 64150 63375 61600 60875
2800 64175 63400 61550 60875
2900 64200 63400 61550 60850
3000 64225 63400 61550 60825
3100 64250 63400 61575 60775
3200 64200 63425 61600 60775
3300 64225 63400 61575 60800
3400 64225 63375 61625 60775
3500 64225 63375 61625 60775
3600 64175 63400 61650 60775
3700 64200 63425 61600 60775
3800 64200 63425 61600 60775
3900 64250 63375 61600 60775
4000 64225 63400 61600 60775
4100 64225 63400 61600 60775
4200 64200 63400 61625 60775
4300 64250 63350 61625 60775
4400 64225 63350 61650 60775
4500 64225 63300 61675 60800
4600 64250 63325 61625 60800
4700 64250 63350 61575 60825
4800 64275 63325 61575 60825
4900 64300 63325 61600 60775
5000 64250 63375 61625 60750
5100 64225 63400 61625 60750
5200 64225 63450 61575 60750
5300 64275 63350 61625 60750
5400 64300 63325 61625 60750
5500 64300 63325 61625 60750
5600 64275 63350 61575 60800
5700 64300 63350 61550 60800
5800 64300 63375 61500 60825
5900 64200 63500 61475 60825
6000 64200 63500 61475 60825
6100 64225 63525 61450 60800
6200 64225 63525 61450 60800
6300 64250 63475 61475 60800
6400 64250 63475 61500 60775
6500 64225 63450 61525 60800
6600 64175 63450 61550 60825
6700 64200 63450 61550 60800
6800 64275 63400 61575 60750
6900 64275 63400 61600 60725
7000 64275 63400 61600 60725
7100 64275 63375 61650 60700
7200 64275 63400 61625 60700
7300 64300 63400 61600 60700
7400 64300 63400 61600 60700
7500 64275 63425 61550 60750
7600 64250 63425 61550 60775
7700 64250 63400 61600 60750
7800 64250 63425 61625 60700
7900 64225 63450 61625 60700
8000 64225 63450 61625 60700
8100 64250 63400 61650 60700
8200 64225 63425 61675 60675
8300 64250 63375 61700 60675
8400 64250 63375 61700 60675
8500 64250 63375 61700 60675
8600 64275 63325 61700 60700
8700 64250 63350 61700 60700
8800 64300 63350 61675 60675
8900 64275 63350 61675 60700
9000 64275 63375 61650 60700
9100 64325 63325 61675 60675
9200 64325 63325 61675 60675
9300 64300 63325 61675 60700
9400 64275 63325 61675 60725
9500 64325 63325 61600 60750
9600 64325 63325 61600 60750
9700 64325 63350 61525 60800
9800 64325 63375 61475 60825
9900 64325 63375 61475 60825
10000 64300 63400 61475 60825
10100 64275 63425 61500 60800
10200 64250 63450 61500 60800
10300 64250 63450 61525 60775
10400 64250 63450 61525 60775
10500 64250 63450 61550 60750
10600 64250 63425 61575 60750
10700 64275 63400 61575 60750
10800 64275 63400 61550 60775
10900 64350 63325 61550 60775
11000 64350 63325 61550 60775
11100 64350 63325 61550 60775
11200 64350 63325 61575 60750
11300 64350 63325 61575 60750
11400 64375 63350 61575 60700
11500 64375 63350 61575 60700
11600 64375 63350 61575 60700
11700 64375 63350 61575 60700
11800 64400 63300 61600 60700
11900 64350 63300 61600 60750
12000 64350 63300 61600 60750
12100 64300 63350 61600 60750
12200 64300 63350 61600 60750
12300 64300 63375 61550 60775
12400 64325 63425 61525 60725
12500 64325 63425 61500 60750
12600 64325 63475 61450 60750
12700 64325 63475 61450 60750
12800 64300 63500 61450 60750
12900 64325 63500 61450 60725
13000 64300 63525 61475 60700
13100 64325 63525 61475 60675
13200 64325 63550 61475 60650
13300 64325 63550 61475 60650
13400 64350 63550 61450 60650
13500 64300 63525 61475 60700
13600 64300 63525 61475 60700
13700 64300 63500 61475 60725
13800 64300 63475 61500 60725
13900 64300 63500 61450 60750
14000 64300 63500 61450 60750
14100 64325 63500 61450 60725
14200 64350 63500 61450 60700
14300 64350 63500 61450 60700
14400 64325 63525 61450 60700
14500 64325 63525 61450 60700
14600 64325 63525 61450 60700
14700 64350 63525 61450 60675
14800 64350 63525 61475 60650
14900 64350 63525 61475 60650
15000 64325 63525 61475 60675
15100 64325 63525 61475 60675
15200 64325 63475 61500 60700
15300 64350 63475 61500 60675
15400 64350 63500 61475 60675
15500 64350 63500 61475 60675
15600 64325 63500 61500 60675
15700 64325 63500 61500 60675
15800 64300 63525 61475 60700
15900 64300 63525 61450 60725
16000 64300 63525 61450 60725
16100 64325 63525 61450 60700
16200 64325 63525 61475 60675
16300 64325 63525 61475 60675
16400 64325 63525 61475 60675
16500 64325 63500 61475 60700
16600 64325 63500 61475 60700
16700 64325 63525 61450 60700
16800 64350 63525 61450 60675
16900 64350 63525 61450 60675
17000 64375 63525 61450 60650
17100 64350 63550 61450 60650
17200 64325 63550 61425 60700
17300 64350 63525 61425 60700
17400 64350 63500 61450 60700
17500 64325 63500 61475 60700
17600 64300 63500 61475 60725
17700 64300 63500 61475 60725
17800 64300 63500 61475 60725
17900 64300 63500 61475 60725
18000 64300 63500 61475 60725
18100 64300 63500 61475 60725
18200 64300 63525 61450 60725
18300 64300 63525 61425 60750
18400 64325 63525 61425 60725
18500 64325 63525 61425 60725
18600 64325 63525 61450 60700
18700 64325 63525 61450 60700
18800 64300 63550 61450 60700
18900 64300 63525 61450 60725
19000 64300 63525 61475 60700
19100 64300 63525 61475 60700
19200 64300 63525 61475 60700
19300 64300 63475 61525 60700
19400 64300 63475 61525 60700
19500 64300 63475 61525 60700
19600 64300 63475 61525 60700
19700 64300 63475 61550 60675
19800 64300 63475 61550 60675
19900 64300 63475 61550 60675
20000 64325 63450 61550 60675
20100 64325 63450 61525 60700
20200 64325 63450 61525 60700
20300 64325 63450 61525 60700
20400 64300 63475 61525 60700
20500 64275 63475 61525 60725
20600 64275 63475 61525 60725
20700 64275 63475 61525 60725
20800 64275 63475 61525 60725
20900 64300 63475 61500 60725
21000 64300 63475 61500 60725
21100 64325 63475 61500 60700
21200 64350 63450 61525 60675
21300 64325 63475 61525 60675
21400 64325 63475 61525 60675
21500 64350 63475 61500 60675
21600 64350 63475 61500 60675
21700 64350 63475 61500 60675
21800 64350 63475 61475 60700
21900 64350 63475 61475 60700
22000 64375 63450 61475 60700
22100 64375 63425 61500 60700
22200 64375 63400 61550 60675
22300 64375 63400 61550 60675
22400 64350 63425 61550 60675
22500 64350 63425 61550 60675
22600 64350 63450 61525 60675
22700 64350 63450 61525 60675
22800 64350 63450 61525 60675
22900 64350 63450 61525 60675
23000 64400 63450 61525 60625
23100 64400 63450 61525 60625
23200 64400 63450 61525 60625
23300 64400 63450 61525 60625
23400 64400 63450 61525 60625
23500 64400 63450 61550 60600
23600 64400 63450 61550 60600
23700 64400 63425 61575 60600
23800 64400 63425 61575 60600
23900 64400 63425 61575 60600
24000 64400 63425 61575 60600
24100 64400 63425 61575 60600
24200 64400 63425 61575 60600
24300 64375 63425 61575 60625
24400 64375 63425 61600 60600
24500 64400 63400 61600 60600
24600 64400 63400 61600 60600
24700 64400 63400 61600 60600
24800 64425 63400 61600 60575
24900 64425 63375 61625 60575
25000 64425 63375 61625 60575
25100 64425 63375 61625 60575
25200 64425 63375 61625 60575
25300 64425 63375 61625 60575
25400 64425 63400 61600 60575
25500 64425 63400 61600 60575
25600 64425 63375 61600 60600
25700 64400 63400 61575 60625
25800 64400 63400 61575 60625
25900 64400 63400 61575 60625
26000 64400 63400 61575 60625
26100 64375 63425 61575 60625
26200 64375 63425 61575 60625
26300 64400 63425 61575 60600
26400 64400 63425 61575 60600
26500 64400 63425 61575 60600
26600 64425 63425 61575 60575
26700 64425 63425 61575 60575
26800 64425 63425 61575 60575
26900 64425 63425 61550 60600
27000 64425 63425 61550 60600
27100 64425 63425 61550 60600
27200 64425 63425 61550 60600
27300 64425 63425 61550 60600
27400 64425 63425 61550 60600
27500 64425 63425 61550 60600
27600 64425 63425 61550 60600
27700 64425 63425 61550 60600
27800 64425 63425 61550 60600
27900 64425 63425 61550 60600
28000 64425 63425 61550 60600
28100 64425 63425 61550 60600
28200 64400 63425 61550 60625
28300 64400 63425 61550 60625
28400 64400 63425 61550 60625
28500 64400 63425 61550 60625
28600 64400 63450 61525 60625
28700 64400 63450 61525 60625
28800 64400 63450 61525 60625
28900 64400 63450 61525 60625
29000 64400 63475 61500 60625
29100 64400 63500 61475 60625
29200 64400 63500 61450 60650
29300 64400 63500 61450 60650
29400 64400 63500 61450 60650
29500 64400 63500 61450 60650
29600 64400 63500 61425 60675
29700 64400 63475 61450 60675
29800 64400 63475 61450 60675
29900 64400 63475 61450 60675
30000 64400 63475 61475 60650
30100 64400 63475 61475 60650
30200 64375 63500 61475 60650
30300 64375 63500 61475 60650
30400 64375 63500 61475 60650
30500 64400 63500 61475 60625
30600 64400 63500 61475 60625
30700 64400 63500 61475 60625
30800 64400 63500 61475 60625
30900 64400 63500 61475 60625
31000 64425 63475 61475 60625
31100 64425 63475 61475 60625
31200 64400 63500 61475 60625
31300 64400 63500 61475 60625
31400 64400 63500 61475 60625
31500 64425 63500 61475 60600
31600 64425 63500 61475 60600
31700 64425 63500 61475 60600
31800 64425 63500 61475 60600
31900 64425 63500 61475 60600
32000 64425 63500 61475 60600
32100 64425 63500 61475 60600
32200 64425 63500 61475 60600
32300 64425 63500 61475 60600
32400 64425 63500 61475 60600
32500 64425 63500 61475 60600
32600 64425 63500 61475 60600
32700 64425 63500 61475 60600
32800 64425 63500 61475 60600
32900 64425 63500 61475 60600
33000 64400 63525 61475 60600
33100 64400 63525 61475 60600
33200 64400 63525 61475 60600
33300 64400 63525 61475 60600
33400 64400 63525 61475 60600
33500 64400 63525 61475 60600
33600 64400 63525 61475 60600
33700 64400 63525 61475 60600
33800 64400 63525 61475 60600
33900 64400 63525 61475 60600
34000 64400 63525 61475 60600
34100 64400 63525 61475 60600
34200 64400 63525 61475 60600
34300 64425 63500 61475 60600
34400 64425 63500 61475 60600
34500 64425 63500 61475 60600
34600 64425 63500 61475 60600
34700 64425 63475 61500 60600
34800 64425 63475 61500 60600
34900 64425 63475 61500 60600
35000 64425 63475 61500 60600
35100 64425 63475 61500 60600
35200 64425 63475 61500 60600
35300 64425 63475 61500 60600
35400 64425 63475 61500 60600
35500 64425 63475 61500 60600
35600 64425 63475 61500 60600
35700 64425 63475 61500 60600
35800 64450 63475 61500 60575
35900 64450 63475 61500 60575
36000 64450 63475 61500 60575
36100 64450 63475 61500 60575
36200 64450 63475 61500 60575
36300 64450 63475 61500 60575
36400 64450 63475 61500 60575
36500 64475 63475 61500 60550
36600 64475 63475 61500 60550
36700 64475 63475 61525 60525
36800 64475 63475 61525 60525
36900 64475 63475 61525 60525
37000 64475 63475 61525 60525
37100 64475 63475 61525 60525
37200 64475 63475 61525 60525
37300 64475 63475 61525 60525
37400 64475 63475 61525 60525
37500 64475 63475 61525 60525
37600 64475 63475 61525 60525
37700 64475 63475 61525 60525
37800 64475 63475 61525 60525
37900 64475 63475 61525 60525
38000 64475 63475 61525 60525
38100 64475 63475 61525 60525
38200 64450 63475 61525 60550
38300 64450 63475 61525 60550
38400 64450 63475 61525 60550
38500 64450 63475 61525 60550
38600 64450 63475 61525 60550
38700 64450 63475 61525 60550
38800 64450 63475 61525 60550
38900 64450 63475 61525 60550
39000 64450 63475 61525 60550
39100 64450 63475 61525 60550
39200 64450 63475 61525 60550
39300 64450 63475 61525 60550
39400 64450 63475 61525 60550
39500 64450 63475 61525 60550
39600 64450 63475 61525 60550
39700 64450 63475 61525 60550
39800 64450 63475 61525 60550
39900 64450 63475 61525 60550
40000 64450 63475 61525 60550
40100 64450 63475 61525 60550
40200 64450 63475 61525 60550
40300 64450 63475 61525 60550
40400 64450 63475 61525 60550
40500 64450 63475 61525 60550
40600 64450 63475 61525 60550
40700 64450 63475 61525 60550
40800 64450 63475 61525 60550
40900 64450 63475 61525 60550
41000 64450 63475 61525 60550
41100 64450 63475 61525 60550
41200 64450 63475 61525 60550
41300 64450 63475 61525 60550
41400 64450 63475 61525 60550
41500 64450 63500 61500 60550
41600 64450 63500 61500 60550
41700 64450 63500 61500 60550
41800 64450 63500 61500 60550
41900 64450 63500 61500 60550
42000 64450 63500 61500 60550
42100 64425 63525 61500 60550
42200 64425 63525 61500 60550
42300 64425 63550 61450 60575
42400 64425 63550 61450 60575
42500 64425 63550 61450 60575
42600 64425 63550 61450 60575
42700 64425 63550 61450 60575
42800 64425 63550 61450 60575
42900 64425 63550 61450 60575
43000 64450 63525 61450 60575
43100 64450 63525 61450 60575
43200 64450 63525 61450 60575
43300 64475 63525 61450 60550
43400 64475 63500 61475 60550
43500 64475 63500 61475 60550
43600 64475 63500 61475 60550
43700 64475 63500 61475 60550
43800 64475 63500 61475 60550
43900 64475 63500 61475 60550
44000 64475 63500 61475 60550
44100 64450 63525 61475 60550
44200 64450 63525 61475 60550
44300 64450 63525 61475 60550
44400 64450 63525 61475 60550
44500 64450 63525 61475 60550
44600 64450 63525 61475 60550
44700 64450 63525 61475 60550
44800 64450 63525 61475 60550
44900 64450 63525 61475 60550
45000 64450 63525 61475 60550
45100 64450 63525 61475 60550
45200 64450 63525 61475 60550
45300 64450 63525 61475 60550
45400 64450 63525 61475 60550
45500 64450 63525 61475 60550
45600 64450 63525 61475 60550
45700 64450 63525 61475 60550
45800 64450 63525 61475 60550
45900 64450 63525 61475 60550
46000 64450 63525 61475 60550
46100 64450 63525 61475 60550
46200 64450 63525 61475 60550
46300 64450 63525 61475 60550
46400 64450 63525 61475 60550
46500 64450 63525 61475 60550
46600 64450 63525 61475 60550
46700 64450 63525 61475 60550
46800 64450 63525 61475 60550
46900 64450 63525 61475 60550
47000 64450 63525 61475 60550
47100 64450 63525 61475 60550
47200 64450 63525 61475 60550
47300 64450 63525 61475 60550
47400 64450 63525 61475 60550
47500 64450 63525 61475 60550
47600 64450 63525 61475 60550
47700 64450 63525 61475 60550
47800 64450 63525 61475 60550
47900 64450 63525 61475 60550
48000 64450 63525 61475 60550
48100 64450 63525 61475 60550
48200 64450 63525 61475 60550
48300 64450 63525 61475 60550
48400 64450 63525 61475 60550
48500 64450 63525 61475 60550
48600 64450 63525 61475 60550
48700 64450 63525 61475 60550
48800 64450 63525 61475 60550
48900 64450 63525 61475 60550
49000 64450 63525 61475 60550
49100 64450 63525 61475 60550
49200 64450 63525 61475 60550
49300 64450 63525 61475 60550
49400 64450 63525 61475 60550
49500 64450 63525 61475 60550
49600 64450 63525 61475 60550
49700 64450 63525 61475 60550
49800 64450 63525 61475 60550
49900 64450 63525 61475 60550
50000 64450 63525 61475 60550
50100 64450 63525 61475 60550
50200 64450 63525 61475 60550
50300 64450 63525 61475 60550
50400 64450 63525 61475 60550
50500 64450 63525 61475 60550
50600 64450 63525 61475 60550
50700 64450 63525 61475 60550
50800 64450 63525 61475 60550
50900 64450 63525 61475 60550
51000 64450 63525 61475 60550
51100 64475 63500 61475 60550
51200 64475 63500 61475 60550
51300 64475 63500 61475 60550
51400 64475 63500 61475 60550
51500 64475 63500 61475 60550
51600 64475 63500 61475 60550
51700 64475 63500 61475 60550
51800 64475 63500 61475 60550
51900 64475 63500 61475 60550
52000 64475 63475 61500 60550
52100 64475 63475 61500 60550
52200 64475 63475 61500 60550
52300 64475 63475 61500 60550
52400 64475 63475 61500 60550
52500 64475 63475 61500 60550
52600 64500 63450 61500 60550
52700 64500 63450 61500 60550
52800 64500 63450 61500 60550
52900 64500 63450 61500 60550
53000 64500 63450 61500 60550
53100 64500 63450 61500 60550
53200 64500 63450 61500 60550
53300 64500 63450 61500 60550
53400 64500 63450 61500 60550
53500 64500 63450 61500 60550
53600 64500 63450 61500 60550
53700 64500 63450 61500 60550
53800 64500 63450 61500 60550
53900 64500 63450 61500 60550
54000 64500 63450 61500 60550
54100 64500 63450 61500 60550
54200 64500 63450 61500 60550
54300 64500 63450 61500 60550
54400 64500 63450 61500 60550
54500 64500 63450 61500 60550
54600 64500 63450 61500 60550
54700 64500 63450 61500 60550
54800 64500 63450 61500 60550
54900 64500 63450 61500 60550
55000 64500 63450 61500 60550
55100 64500 63450 61500 60550
55200 64500 63450 61500 60550
55300 64500 63450 61500 60550
55400 64500 63450 61500 60550
55500 64500 63450 61500 60550
55600 64500 63450 61500 60550
55700 64500 63450 61500 60550
55800 64500 63450 61500 60550
55900 64500 63450 61500 60550
56000 64500 63450 61500 60550
56100 64500 63450 61500 60550
56200 64500 63450 61500 60550
56300 64500 63450 61500 60550
56400 64500 63450 61500 60550
56500 64500 63450 61500 60550
56600 64500 63450 61500 60550
56700 64500 63450 61500 60550
56800 64500 63450 61500 60550
56900 64500 63450 61500 60550
57000 64500 63450 61500 60550
57100 64525 63450 61500 60525
57200 64525 63450 61500 60525
57300 64525 63450 61500 60525
57400 64525 63450 61500 60525
57500 64550 63450 61500 60500
57600 64550 63450 61500 60500
57700 64550 63450 61500 60500
57800 64550 63450 61500 60500
57900 64550 63450 61500 60500
58000 64550 63450 61500 60500
58100 64550 63450 61500 60500
58200 64550 63450 61500 60500
58300 64550 63450 61500 60500
58400 64550 63450 61500 60500
58500 64550 63450 61500 60500
58600 64550 63450 61500 60500
58700 64550 63450 61500 60500
58800 64550 63450 61500 60500
58900 64550 63450 61500 60500
59000 64550 63450 61500 60500
59100 64550 63450 61500 60500
59200 64550 63450 61500 60500
59300 64550 63450 61500 60500
59400 64550 63450 61500 60500
59500 64550 63450 61500 60500
59600 64550 63450 61500 60500
59700 64550 63450 61500 60500
59800 64550 63450 61500 60500
59900 64550 63450 61500 60500
60000 64550 63450 61500 60500
60100 64550 63450 61500 60500
60200 64550 63450 61500 60500
60300 64550 63450 61500 60500
60400 64550 63450 61500 60500
60500 64550 63450 61500 60500
60600 64550 63450 61500 60500
60700 64550 63450 61500 60500
60800 64550 63450 61500 60500
60900 64550 63450 61500 60500
61000 64550 63450 61500 60500
61100 64550 63450 61500 60500
61200 64550 63450 61500 60500
61300 64550 63450 61500 60500
61400 64550 63450 61500 60500
61500 64550 63450 61500 60500
61600 64550 63450 61500 60500
61700 64550 63450 61500 60500
61800 64550 63450 61500 60500
61900 64550 63450 61500 60500
62000 64550 63450 61500 60500
62100 64550 63450 61500 60500
62200 64550 63450 61500 60500
62300 64550 63450 61500 60500
62400 64550 63450 61500 60500
62500 64550 63450 61500 60500
62600 64550 63450 61500 60500
62700 64550 63450 61500 60500
62800 64550 63450 61500 60500
62900 64550 63450 61500 60500
63000 64550 63450 61500 60500
63100 64550 63450 61500 60500
63200 64550 63450 61500 60500
63300 64550 63450 61500 60500
63400 64550 63450 61500 60500
63500 64550 63450 61500 60500
63600 64550 63450 61500 60500
63700 64550 63450 61500 60500
63800 64550 63450 61500 60500
63900 64550 63450 61500 60500
64000 64550 63450 61500 60500
64100 64550 63450 61500 60500
64200 64550 63450 61500 60500
64300 64550 63450 61500 60500
64400 64550 63450 61500 60500
64500 64550 63450 61500 60500
64600 64550 63450 61500 60500
64700 64550 63450 61500 60500
64800 64550 63450 61500 60500
64900 64550 63450 61500 60500
65000 64550 63450 61500 60500
65100 64550 63450 61500 60500
65200 64550 63450 61500 60500
65300 64550 63450 61500 60500
65400 64550 63450 61500 60500
65500 64550 63450 61500 60500
65600 64575 63450 61500 60475
65700 64575 63450 61500 60475
65800 64575 63450 61500 60475
65900 64575 63450 61500 60475
66000 64575 63450 61500 60475
66100 64575 63450 61500 60475
66200 64575 63450 61500 60475
66300 64575 63450 61500 60475
66400 64575 63450 61500 60475
66500 64575 63450 61500 60475
66600 64575 63450 61500 60475
66700 64575 63450 61500 60475
66800 64575 63450 61500 60475
66900 64575 63450 61500 60475
67000 64575 63450 61500 60475
67100 64575 63450 61500 60475
67200 64575 63450 61500 60475
67300 64575 63450 61500 60475
67400 64575 63450 61500 60475
67500 64575 63450 61500 60475
67600 64575 63450 61500 60475
67700 64575 63450 61500 60475
67800 64575 63450 61500 60475
67900 64575 63450 61500 60475
68000 64575 63450 61500 60475
68100 64575 63450 61500 60475
68200 64575 63450 61500 60475
68300 64575 63450 61500 60475
68400 64575 63450 61500 60475
68500 64575 63450 61500 60475
68600 64575 63450 61500 60475
68700 64575 63450 61500 60475
68800 64575 63450 61500 60475
68900 64575 63450 61500 60475
69000 64575 63450 61500 60475
69100 64575 63450 61500 60475
69200 64575 63450 61500 60475
69300 64575 63450 61500 60475
69400 64575 63450 61500 60475
69500 64575 63450 61500 60475
69600 64575 63450 61500 60475
69700 64575 63450 61500 60475
69800 64575 63450 61500 60475
69900 64575 63450 61500 60475
70000 64575 63450 61500 60475
70100 64575 63450 61500 60475
70200 64575 63450 61500 60475
70300 64575 63450 61500 60475
70400 64575 63450 61500 60475
70500 64575 63450 61500 60475
70600 64575 63450 61500 60475
70700 64575 63450 61500 60475
70800 64575 63450 61500 60475
70900 64575 63450 61500 60475
71000 64575 63450 61500 60475
71100 64575 63450 61500 60475
71200 64575 63450 61500 60475
71300 64575 63450 61500 60475
71400 64575 63450 61500 60475
71500 64575 63450 61500 60475
71600 64575 63450 61500 60475
71700 64575 63450 61500 60475
71800 64575 63450 61500 60475
71900 64575 63450 61500 60475
72000 64575 63450 61500 60475
72100 64575 63450 61500 60475
72200 64575 63450 61500 60475
72300 64575 63450 61500 60475
72400 64550 63475 61500 60475
72500 64550 63475 61500 60475
72600 64550 63475 61500 60475
72700 64550 63475 61500 60475
72800 64550 63475 61500 60475
72900 64550 63475 61500 60475
73000 64550 63475 61500 60475
73100 64550 63475 61500 60475
73200 64550 63475 61500 60475
73300 64550 63475 61500 60475
73400 64550 63475 61500 60475
73500 64550 63475 61500 60475
73600 64550 63475 61500 60475
73700 64550 63475 61500 60475
73800 64550 63475 61500 60475
73900 64550 63475 61500 60475
74000 64550 63475 61500 60475
74100 64550 63475 61500 60475
74200 64550 63475 61500 60475
74300 64550 63475 61500 60475
74400 64550 63475 61500 60475
74500 64550 63475 61500 60475
74600 64550 63475 61500 60475
74700 64550 63475 61500 60475
74800 64550 63475 61500 60475
74900 64550 63475 61500 60475
75000 64550 63475 61500 60475
75100 64550 63475 61500 60475
75200 64550 63475 61500 60475
75300 64550 63475 61500 60475
75400 64550 63475 61500 60475
75500 64550 63475 61500 60475
75600 64550 63475 61500 60475
75700 64550 63475 61500 60475
75800 64550 63475 61500 60475
75900 64550 63475 61500 60475
76000 64550 63475 61500 60475
76100 64550 63475 61500 60475
76200 64550 63475 61500 60475
76300 64550 63475 61500 60475
76400 64550 63475 61500 60475
76500 64550 63475 61500 60475
76600 64550 63475 61500 60475
76700 64550 63475 61500 60475
76800 64550 63475 61500 60475
76900 64550 63475 61500 60475
77000 64550 63475 61500 60475
77100 64550 63475 61500 60475
77200 64550 63475 61500 60475
77300 64550 63475 61500 60475
77400 64550 63475 61500 60475
77500 64550 63475 61500 60475
77600 64550 63475 61500 60475
77700 64550 63475 61500 60475
77800 64550 63475 61500 60475
77900 64550 63475 61500 60475
78000 64550 63475 61500 60475
78100 64550 63475 61500 60475
78200 64550 63475 61500 60475
78300 64550 63475 61500 60475
78400 64550 63475 61500 60475
78500 64550 63475 61500 60475
78600 64550 63475 61500 60475
78700 64550 63475 61500 60475
78800 64550 63475 61500 60475
78900 64550 63475 61500 60475
79000 64550 63475 61500 60475
79100 64550 63475 61500 60475
79200 64550 63475 61500 60475
79300 64550 63475 61500 60475
79400 64550 63475 61500 60475
79500 64550 63475 61500 60475
79600 64550 63475 61500 60475
79700 64550 63475 61500 60475
79800 64550 63475 61500 60475
79900 64550 63475 61500 60475
80000 64550 63475 61500 60475
80100 64550 63475 61500 60475
80200 64550 63475 61500 60475
80300 64550 63475 61500 60475
80400 64550 63475 61500 60475
80500 64550 63475 61500 60475
80600 64550 63475 61500 60475
80700 64550 63475 61500 60475
80800 64550 63475 61500 60475
80900 64550 63475 61500 60475
81000 64550 63475 61500 60475
81100 64550 63475 61500 60475
81200 64550 63475 61500 60475
81300 64550 63475 61500 60475
81400 64550 63475 61500 60475
81500 64550 63475 61500 60475
81600 64550 63475 61500 60475
81700 64550 63475 61500 60475
81800 64550 63475 61500 60475
81900 64550 63475 61500 60475
82000 64550 63475 61500 60475
82100 64550 63475 61500 60475
82200 64550 63475 61500 60475
82300 64550 63475 61500 60475
82400 64550 63475 61500 60475
82500 64550 63475 61500 60475
82600 64550 63475 61500 60475
82700 64550 63475 61500 60475
82800 64550 63475 61500 60475
82900 64550 63475 61500 60475
83000 64550 63475 61500 60475
83100 64550 63475 61500 60475
83200 64550 63475 61500 60475
83300 64550 63475 61500 60475
83400 64550 63475 61500 60475
83500 64550 63475 61500 60475
83600 64550 63475 61500 60475
83700 64550 63475 61500 60475
83800 64550 63475 61500 60475
83900 64550 63475 61500 60475
84000 64550 63475 61500 60475
84100 64550 63475 61500 60475
84200 64550 63475 61500 60475
84300 64550 63475 61500 60475
84400 64550 63475 61500 60475
84500 64550 63475 61500 60475
84600 64550 63475 61500 60475
84700 64550 63475 61500 60475
84800 64550 63475 61500 60475
84900 64550 63475 61500 60475
85000 64550 63475 61500 60475
85100 64550 63475 61500 60475
85200 64550 63475 61500 60475
85300 64550 63475 61500 60475
85400 64550 63475 61500 60475
85500 64550 63475 61500 60475
85600 64550 63475 61500 60475
85700 64550 63475 61500 60475
85800 64550 63475 61500 60475
85900 64550 63475 61500 60475
86000 64550 63475 61500 60475
86100 64550 63475 61500 60475
86200 64550 63475 61500 60475
86300 64550 63475 61500 60475
86400 64550 63475 61500 60475
86500 64550 63475 61500 60475
86600 64550 63475 61500 60475
86700 64550 63475 61500 60475
86800 64550 63475 61500 60475
86900 64550 63475 61500 60475
87000 64550 63475 61500 60475
87100 64550 63475 61500 60475
87200 64550 63475 61500 60475
87300 64550 63475 61500 60475
87400 64550 63475 61500 60475
87500 64550 63475 61500 60475
87600 64550 63475 61500 60475
87700 64550 63475 61500 60475
87800 64550 63475 61500 60475
87900 64550 63475 61500 60475
88000 64550 63475 61500 60475
88100 64550 63475 61500 60475
88200 64550 63475 61500 60475
88300 64550 63475 61500 60475
88400 64550 63475 61500 60475
88500 64550 63475 61500 60475
88600 64550 63475 61500 60475
88700 64550 63475 61500 60475
88800 64550 63475 61500 60475
88900 64550 63475 61500 60475
89000 64550 63475 61500 60475
89100 64550 63475 61500 60475
89200 64550 63475 61500 60475
89300 64550 63475 61500 60475
89400 64550 63475 61500 60475
89500 64550 63475 61500 60475
89600 64550 63475 61500 60475
89700 64550 63475 61500 60475
89800 64550 63475 61500 60475
89900 64550 63475 61500 60475
90000 64550 63475 61500 60475
90100 64550 63475 61500 60475
90200 64550 63475 61500 60475
90300 64550 63475 61500 60475
90400 64550 63475 61500 60475
90500 64550 63475 61500 60475
90600 64550 63475 61500 60475
90700 64550 63475 61500 60475
90800 64550 63475 61500 60475
90900 64550 63475 61500 60475
91000 64550 63475 61500 60475
91100 64550 63500 61475 60475
91200 64550 63500 61475 60475
91300 64550 63500 61475 60475
91400 64550 63500 61475 60475
91500 64550 63500 61475 60475
91600 64550 63500 61475 60475
91700 64550 63500 61475 60475
91800 64550 63500 61475 60475
91900 64550 63500 61475 60475
92000 64550 63500 61475 60475
92100 64550 63500 61475 60475
92200 64550 63500 61475 60475
92300 64550 63500 61475 60475
92400 64550 63500 61475 60475
92500 64550 63500 61475 60475
92600 64550 63500 61475 60475
92700 64550 63500 61475 60475
92800 64550 63500 61475 60475
92900 64550 63500 61475 60475
93000 64550 63500 61475 60475
93100 64550 63500 61475 60475
93200 64550 63500 61475 60475
93300 64550 63500 61475 60475
93400 64550 63500 61475 60475
93500 64550 63500 61475 60475
93600 64550 63500 61475 60475
93700 64550 63500 61475 60475
93800 64550 63500 61475 60475
93900 64550 63500 61475 60475
94000 64550 63500 61475 60475
94100 64550 63500 61475 60475
94200 64550 63500 61475 60475
94300 64550 63500 61475 60475
94400 64550 63500 61475 60475
94500 64550 63500 61475 60475
94600 64550 63500 61475 60475
94700 64550 63500 61475 60475
94800 64550 63500 61475 60475
94900 64550 63500 61475 60475
95000 64550 63500 61475 60475
95100 64550 63500 61475 60475
95200 64550 63500 61475 60475
95300 64550 63500 61475 60475
95400 64550 63500 61475 60475
95500 64550 63500 61475 60475
95600 64550 63500 61475 60475
95700 64550 63500 61475 60475
95800 64550 63500 61475 60475
95900 64550 63500 61475 60475
96000 64550 63500 61475 60475
96100 64550 63500 61475 60475
96200 64550 63500 61475 60475
96300 64550 63500 61475 60475
96400 64550 63500 61475 60475
96500 64550 63500 61475 60475
96600 64550 63500 61475 60475
96700 64550 63500 61475 60475
96800 64550 63500 61475 60475
96900 64550 63500 61475 60475
97000 64550 63500 61475 60475
97100 64550 63500 61475 60475
97200 64550 63500 61475 60475
97300 64550 63500 61475 60475
97400 64550 63500 61475 60475
97500 64550 63500 61475 60475
97600 64550 63500 61475 60475
97700 64550 63500 61475 60475
97800 64550 63500 61475 60475
97900 64550 63500 61475 60475
98000 64550 63500 61475 60475
98100 64550 63500 61475 60475
98200 64550 63500 61475 60475
98300 64550 63500 61475 60475
98400 64550 63500 61475 60475
98500 64550 63500 61475 60475
98600 64550 63500 61475 60475
98700 64550 63500 61475 60475
98800 64550 63500 61475 60475
98900 64550 63500 61475 60475
99000 64550 63500 61475 60475
99100 64550 63500 61475 60475
99200 64550 63500 61475 60475
99300 64550 63500 61475 60475
99400 64550 63500 61475 60475
99500 64550 63500 61475 60475
99600 64550 63500 61475 60475
99700 64550 63500 61475 60475
99800 64550 63500 61475 60475
99900 64550 63500 61475 60475
100000 64550 63500 61475 60475
