0 62775 64925 62850 59450
100 62750 64925 62875 59450
200 62700 64975 62875 59450
300 62725 64950 62875 59450
400 62750 64900 62875 59475
500 62700 65000 62850 59450
600 62700 64900 62900 59500
700 62675 64900 62925 59500
800 62700 64850 62925 59525
900 62750 64900 62850 59500
1000 62750 64875 62825 59550
1100 62775 64850 62825 59550
1200 62850 64775 62825 59550
1300 62750 64825 62875 59550
1400 62775 64800 62875 59550
1500 62775 64825 62875 59525
1600 62800 64825 62850 59525
1700 62750 64825 62875 59550
1800 62725 64825 62875 59575
1900 62700 64850 62900 59550
2000 62675 64875 62900 59550
2100 62750 64825 62875 59550
2200 62725 64850 62875 59550
2300 62700 64875 62875 59550
2400 62675 64950 62875 59500
2500 62750 64900 62900 59450
2600 62775 64875 62875 59475
2700 62750 64850 62900 59500
2800 62725 64850 62900 59525
2900 62750 64875 62875 59500
3000 62750 64850 62900 59500
3100 62750 64850 62900 59500
3200 62700 64900 62875 59525
3300 62700 64925 62900 59475
3400 62750 64875 62900 59475
3500 62750 64875 62850 59525
3600 62750 64825 62875 59550
3700 62750 64825 62875 59550
3800 62750 64875 62875 59500
3900 62750 64875 62875 59500
4000 62800 64850 62850 59500
4100 62800 64850 62850 59500
4200 62800 64825 62850 59525
4300 62775 64825 62900 59500
4400 62825 64800 62875 59500
4500 62825 64825 62875 59475
4600 62775 64825 62925 59475
4700 62750 64850 62950 59450
4800 62825 64825 62875 59475
4900 62825 64825 62850 59500
5000 62825 64850 62850 59475
5100 62800 64850 62850 59500
5200 62750 64875 62900 59475
5300 62750 64875 62925 59450
5400 62775 64850 62925 59450
5500 62825 64800 62925 59450
5600 62875 64750 62950 59425
5700 62850 64775 62950 59425
5800 62800 64825 62950 59425
5900 62775 64825 62975 59425
6000 62800 64775 62975 59450
6100 62850 64750 62900 59500
6200 62825 64775 62900 59500
6300 62775 64800 62900 59525
6400 62750 64850 62900 59500
6500 62775 64800 62925 59500
6600 62775 64825 62925 59475
6700 62775 64850 62900 59475
6800 62750 64875 62900 59475
6900 62750 64850 62900 59500
7000 62700 64850 62950 59500
7100 62675 64875 62975 59475
7200 62725 64825 62975 59475
7300 62725 64825 62950 59500
7400 62775 64750 62950 59525
7500 62800 64725 62900 59575
7600 62825 64700 62900 59575
7700 62800 64725 62925 59550
7800 62775 64750 62925 59550
7900 62775 64750 62925 59550
8000 62725 64800 62900 59575
8100 62700 64800 62900 59600
8200 62675 64825 62900 59600
8300 62700 64825 62875 59600
8400 62725 64825 62875 59575
8500 62750 64825 62875 59550
8600 62750 64825 62875 59550
8700 62750 64825 62900 59525
8800 62700 64875 62900 59525
8900 62700 64850 62925 59525
9000 62675 64875 62900 59550
9100 62700 64850 62900 59550
9200 62700 64825 62925 59550
9300 62700 64825 62950 59525
9400 62725 64775 62950 59550
9500 62750 64750 62950 59550
9600 62750 64750 62925 59575
9700 62750 64750 62950 59550
9800 62800 64700 62950 59550
9900 62850 64625 62975 59550
10000 62800 64675 62975 59550
10100 62800 64675 63000 59525
10200 62800 64675 63000 59525
10300 62750 64725 63025 59500
10400 62750 64725 63025 59500
10500 62750 64750 63025 59475
10600 62750 64775 62975 59500
10700 62800 64750 62950 59500
10800 62775 64775 62950 59500
10900 62775 64775 62950 59500
11000 62675 64775 62975 59575
11100 62675 64775 63000 59550
11200 62675 64750 63000 59575
11300 62650 64750 63000 59600
11400 62650 64750 63000 59600
11500 62625 64750 63050 59575
11600 62650 64750 63075 59525
11700 62650 64750 63075 59525
11800 62650 64750 63075 59525
11900 62650 64800 63000 59550
12000 62700 64750 63000 59550
12100 62675 64775 63000 59550
12200 62725 64700 63050 59525
12300 62725 64700 63000 59575
12400 62750 64725 62950 59575
12500 62800 64650 63000 59550
12600 62775 64675 63000 59550
12700 62775 64700 63000 59525
12800 62800 64700 62975 59525
12900 62800 64700 62975 59525
13000 62800 64725 62950 59525
13100 62800 64700 62975 59525
13200 62800 64700 62975 59525
13300 62775 64700 63000 59525
13400 62750 64750 63000 59500
13500 62675 64825 63000 59500
13600 62675 64825 63025 59475
13700 62675 64800 63025 59500
13800 62650 64850 63025 59475
13900 62650 64850 63050 59450
14000 62650 64825 63000 59525
14100 62600 64850 63025 59525
14200 62600 64825 63025 59550
14300 62575 64825 63050 59550
14400 62550 64825 63075 59550
14500 62600 64825 63050 59525
14600 62650 64800 63025 59525
14700 62625 64750 63050 59575
14800 62650 64725 63050 59575
14900 62625 64725 63050 59600
15000 62650 64700 63050 59600
15100 62650 64700 63050 59600
15200 62650 64675 63075 59600
15300 62675 64625 63100 59600
15400 62675 64625 63100 59600
15500 62700 64625 63100 59575
15600 62775 64550 63075 59600
15700 62800 64550 63075 59575
15800 62800 64575 63075 59550
15900 62775 64575 63075 59575
16000 62750 64550 63100 59600
16100 62725 64575 63075 59625
16200 62750 64575 63050 59625
16300 62775 64600 63050 59575
16400 62775 64650 63025 59550
16500 62750 64650 63025 59575
16600 62750 64675 63000 59575
16700 62750 64675 62975 59600
16800 62725 64725 62975 59575
16900 62725 64725 62975 59575
17000 62700 64725 63000 59575
17100 62700 64725 63000 59575
17200 62675 64750 62975 59600
17300 62700 64750 62950 59600
17400 62675 64775 62925 59625
17500 62650 64775 62975 59600
17600 62650 64775 63000 59575
17700 62650 64775 63000 59575
17800 62625 64775 63000 59600
17900 62650 64750 63000 59600
18000 62625 64775 63025 59575
18100 62650 64775 63000 59575
18200 62650 64775 63025 59550
18300 62625 64825 63025 59525
18400 62650 64800 63025 59525
18500 62650 64775 63025 59550
18600 62650 64750 63075 59525
18700 62625 64775 63075 59525
18800 62650 64775 63075 59500
18900 62675 64750 63100 59475
19000 62725 64700 63125 59450
19100 62775 64650 63125 59450
19200 62775 64625 63125 59475
19300 62800 64650 63100 59450
19400 62800 64675 63100 59425
19500 62825 64700 63100 59375
19600 62825 64725 63075 59375
19700 62800 64775 63050 59375
19800 62800 64750 63075 59375
19900 62800 64750 63075 59375
20000 62750 64775 63100 59375
20100 62750 64750 63100 59400
20200 62750 64750 63100 59400
20300 62750 64750 63100 59400
20400 62750 64775 63100 59375
20500 62725 64775 63100 59400
20600 62700 64800 63100 59400
20700 62675 64825 63075 59425
20800 62675 64825 63050 59450
20900 62650 64850 63050 59450
21000 62650 64850 63075 59425
21100 62600 64875 63075 59450
21200 62625 64850 63075 59450
21300 62575 64825 63075 59525
21400 62575 64825 63075 59525
21500 62550 64850 63075 59525
21600 62525 64850 63075 59550
21700 62525 64875 63050 59550
21800 62525 64850 63100 59525
21900 62550 64850 63100 59500
22000 62550 64850 63100 59500
22100 62575 64850 63075 59500
22200 62600 64850 63050 59500
22300 62575 64875 63050 59500
22400 62575 64850 63025 59550
22500 62575 64875 63025 59525
22600 62600 64850 63025 59525
22700 62625 64825 63025 59525
22800 62625 64825 63000 59550
22900 62675 64775 63000 59550
23000 62675 64775 62975 59575
23100 62650 64800 62900 59650
23200 62725 64775 62875 59625
23300 62775 64725 62900 59600
23400 62800 64700 62950 59550
23500 62800 64725 62925 59550
23600 62800 64725 62925 59550
23700 62800 64725 62925 59550
23800 62775 64775 62950 59500
23900 62750 64800 62950 59500
24000 62750 64800 62950 59500
24100 62750 64800 62950 59500
24200 62775 64800 62925 59500
24300 62775 64825 62925 59475
24400 62750 64850 62900 59500
24500 62750 64850 62900 59500
24600 62700 64875 62925 59500
24700 62700 64875 62925 59500
24800 62725 64875 62975 59425
24900 62750 64900 62950 59400
25000 62700 64925 62975 59400
25100 62700 64925 62975 59400
25200 62700 64925 62975 59400
25300 62675 64925 62975 59425
25400 62625 64950 62975 59450
25500 62575 64975 63025 59425
25600 62525 65000 63025 59450
25700 62525 65025 62975 59475
25800 62500 65025 63000 59475
25900 62500 65000 62975 59525
26000 62500 64975 63000 59525
26100 62475 64975 63025 59525
26200 62475 64975 63025 59525
26300 62475 64975 63025 59525
26400 62475 64975 63025 59525
26500 62525 64975 62975 59525
26600 62525 65000 62950 59525
26700 62475 65025 62975 59525
26800 62475 65025 62975 59525
26900 62450 65025 63000 59525
27000 62450 65025 63050 59475
27100 62425 65025 63050 59500
27200 62450 65000 63050 59500
27300 62450 64975 63100 59475
27400 62425 65000 63100 59475
27500 62425 65025 63100 59450
27600 62450 65000 63100 59450
27700 62450 64975 63100 59475
27800 62450 64975 63100 59475
27900 62475 64925 63125 59475
28000 62500 64925 63100 59475
28100 62500 64925 63100 59475
28200 62525 64900 63100 59475
28300 62575 64875 63075 59475
28400 62600 64850 63075 59475
28500 62675 64775 63075 59475
28600 62675 64775 63075 59475
28700 62650 64800 63075 59475
28800 62625 64775 63100 59500
28900 62625 64775 63100 59500
29000 62600 64800 63100 59500
29100 62600 64800 63075 59525
29200 62600 64825 63075 59500
29300 62600 64825 63075 59500
29400 62600 64800 63100 59500
29500 62625 64800 63050 59525
29600 62625 64800 63050 59525
29700 62575 64825 63075 59525
29800 62550 64825 63075 59550
29900 62575 64850 63025 59550
30000 62575 64850 63025 59550
30100 62575 64850 63000 59575
30200 62550 64850 63000 59600
30300 62500 64925 62975 59600
30400 62500 64925 62975 59600
30500 62500 64925 62950 59625
30600 62500 64925 62950 59625
30700 62500 64925 62975 59600
30800 62525 64900 62975 59600
30900 62475 64925 62950 59650
31000 62475 64925 62950 59650
31100 62475 64925 62950 59650
31200 62500 64925 62925 59650
31300 62500 64925 62950 59625
31400 62500 64950 62925 59625
31500 62500 64950 62925 59625
31600 62500 64950 62925 59625
31700 62500 64950 62950 59600
31800 62450 64975 62950 59625
31900 62475 64975 62950 59600
32000 62500 64975 62950 59575
32100 62500 64975 62950 59575
32200 62500 64950 62975 59575
32300 62500 64950 63000 59550
32400 62500 64950 63025 59525
32500 62525 64950 63025 59500
32600 62550 64950 63000 59500
32700 62550 64950 63000 59500
32800 62550 64950 63000 59500
32900 62525 64950 63000 59525
33000 62525 64950 63000 59525
33100 62525 64950 63000 59525
33200 62550 64925 62975 59550
33300 62525 64950 62975 59550
33400 62525 64950 62950 59575
33500 62575 64925 62925 59575
33600 62625 64900 62925 59550
33700 62625 64900 62925 59550
33800 62650 64900 62925 59525
33900 62675 64825 62950 59550
34000 62700 64825 62925 59550
34100 62725 64800 62925 59550
34200 62750 64750 62925 59575
34300 62725 64775 62925 59575
34400 62775 64700 62925 59600
34500 62825 64675 62900 59600
34600 62875 64600 62900 59625
34700 62850 64600 62900 59650
34800 62850 64575 62900 59675
34900 62850 64525 62900 59725
35000 62825 64525 62900 59750
35100 62825 64525 62900 59750
35200 62775 64550 62900 59775
35300 62800 64550 62875 59775
35400 62750 64575 62875 59800
35500 62750 64575 62850 59825
35600 62750 64575 62850 59825
35700 62750 64575 62825 59850
35800 62750 64550 62850 59850
35900 62775 64550 62825 59850
36000 62750 64575 62850 59825
36100 62750 64600 62850 59800
36200 62750 64600 62850 59800
36300 62750 64600 62825 59825
36400 62750 64600 62825 59825
36500 62750 64600 62825 59825
36600 62750 64575 62850 59825
36700 62725 64600 62850 59825
36800 62700 64650 62825 59825
36900 62700 64650 62825 59825
37000 62675 64650 62825 59850
37100 62675 64625 62850 59850
37200 62675 64625 62850 59850
37300 62675 64625 62850 59850
37400 62650 64650 62850 59850
37500 62650 64625 62875 59850
37600 62650 64625 62875 59850
37700 62625 64650 62850 59875
37800 62625 64650 62850 59875
37900 62600 64675 62850 59875
38000 62600 64675 62850 59875
38100 62600 64675 62850 59875
38200 62600 64675 62850 59875
38300 62600 64675 62850 59875
38400 62575 64675 62875 59875
38500 62575 64700 62900 59825
38600 62550 64725 62925 59800
38700 62550 64750 62925 59775
38800 62550 64750 62925 59775
38900 62550 64775 62925 59750
39000 62525 64775 62925 59775
39100 62500 64775 62950 59775
39200 62500 64775 62950 59775
39300 62500 64775 62950 59775
39400 62500 64775 62925 59800
39500 62525 64750 62925 59800
39600 62525 64750 62950 59775
39700 62525 64775 62975 59725
39800 62550 64775 62950 59725
39900 62550 64775 62950 59725
40000 62525 64800 62975 59700
40100 62575 64775 62975 59675
40200 62575 64750 63000 59675
40300 62575 64775 63000 59650
40400 62575 64775 63000 59650
40500 62600 64750 63000 59650
40600 62575 64775 63000 59650
40700 62600 64750 63000 59650
40800 62575 64800 62975 59650
40900 62625 64775 62950 59650
41000 62650 64750 62950 59650
41100 62625 64750 62975 59650
41200 62675 64725 62950 59650
41300 62650 64725 62950 59675
41400 62675 64700 62950 59675
41500 62725 64650 62950 59675
41600 62800 64575 62950 59675
41700 62800 64575 62950 59675
41800 62800 64575 62950 59675
41900 62775 64575 62950 59700
42000 62750 64575 62950 59725
42100 62750 64575 62950 59725
42200 62725 64575 62950 59750
42300 62700 64600 62950 59750
42400 62675 64625 62925 59775
42500 62675 64650 62950 59725
42600 62675 64650 62950 59725
42700 62675 64650 62950 59725
42800 62675 64650 62950 59725
42900 62700 64650 62925 59725
43000 62725 64650 62925 59700
43100 62700 64650 62925 59725
43200 62700 64650 62925 59725
43300 62675 64650 62950 59725
43400 62650 64650 62975 59725
43500 62650 64650 62975 59725
43600 62650 64650 62975 59725
43700 62650 64650 62975 59725
43800 62675 64650 62975 59700
43900 62675 64650 62950 59725
44000 62675 64625 62975 59725
44100 62675 64625 62975 59725
44200 62650 64650 62975 59725
44300 62625 64675 62950 59750
44400 62625 64675 62950 59750
44500 62625 64675 62950 59750
44600 62650 64675 62925 59750
44700 62650 64650 62900 59800
44800 62650 64650 62900 59800
44900 62650 64650 62900 59800
45000 62650 64650 62900 59800
45100 62650 64650 62900 59800
45200 62650 64650 62900 59800
45300 62625 64675 62925 59775
45400 62625 64675 62950 59750
45500 62625 64675 62950 59750
45600 62600 64625 63000 59775
45700 62600 64625 63000 59775
45800 62575 64675 63000 59750
45900 62575 64675 63000 59750
46000 62575 64675 63000 59750
46100 62575 64675 63000 59750
46200 62600 64675 62975 59750
46300 62600 64675 62950 59775
46400 62600 64675 62925 59800
46500 62600 64700 62925 59775
46600 62600 64700 62925 59775
46700 62575 64725 62925 59775
46800 62575 64725 62925 59775
46900 62575 64725 62925 59775
47000 62575 64725 62925 59775
47100 62550 64725 62925 59800
47200 62550 64725 62975 59750
47300 62575 64725 62975 59725
47400 62550 64750 62925 59775
47500 62575 64750 62900 59775
47600 62575 64750 62900 59775
47700 62600 64725 62900 59775
47800 62575 64725 62875 59825
47900 62575 64725 62900 59800
48000 62575 64725 62900 59800
48100 62575 64725 62900 59800
48200 62575 64725 62900 59800
48300 62600 64700 62975 59725
48400 62575 64700 62975 59750
48500 62575 64700 62975 59750
48600 62600 64700 62975 59725
48700 62625 64725 62950 59700
48800 62625 64700 62975 59700
48900 62575 64725 63000 59700
49000 62550 64750 63000 59700
49100 62525 64750 63000 59725
49200 62550 64725 63000 59725
49300 62550 64725 63000 59725
49400 62550 64725 63000 59725
49500 62550 64725 62975 59750
49600 62600 64700 62950 59750
49700 62600 64700 62950 59750
49800 62600 64700 62950 59750
49900 62625 64650 62975 59750
50000 62650 64625 62975 59750
50100 62675 64600 62975 59750
50200 62700 64575 62975 59750
50300 62750 64525 62975 59750
50400 62825 64475 62925 59775
50500 62825 64475 62925 59775
50600 62850 64475 62925 59750
50700 62850 64475 62925 59750
50800 62850 64475 62925 59750
50900 62825 64475 62925 59775
51000 62850 64475 62925 59750
51100 62875 64475 62900 59750
51200 62850 64500 62900 59750
51300 62850 64500 62900 59750
51400 62850 64525 62900 59725
51500 62850 64525 62900 59725
51600 62850 64525 62900 59725
51700 62850 64550 62875 59725
51800 62850 64550 62875 59725
51900 62825 64525 62925 59725
52000 62825 64525 62925 59725
52100 62825 64525 62925 59725
52200 62825 64525 62925 59725
52300 62850 64525 62925 59700
52400 62825 64525 62925 59725
52500 62825 64525 62925 59725
52600 62825 64525 62925 59725
52700 62825 64525 62925 59725
52800 62825 64550 62900 59725
52900 62775 64575 62900 59750
53000 62775 64575 62900 59750
53100 62775 64575 62900 59750
53200 62775 64575 62900 59750
53300 62750 64600 62900 59750
53400 62750 64575 62900 59775
53500 62750 64575 62900 59775
53600 62750 64575 62875 59800
53700 62775 64575 62875 59775
53800 62775 64600 62875 59750
53900 62775 64600 62850 59775
54000 62750 64600 62850 59800
54100 62750 64600 62850 59800
54200 62725 64625 62850 59800
54300 62725 64625 62850 59800
54400 62700 64625 62875 59800
54500 62700 64625 62875 59800
54600 62700 64625 62875 59800
54700 62700 64625 62875 59800
54800 62675 64625 62875 59825
54900 62675 64625 62875 59825
55000 62675 64625 62875 59825
55100 62675 64625 62875 59825
55200 62625 64650 62875 59850
55300 62600 64675 62925 59800
55400 62625 64675 62900 59800
55500 62625 64675 62900 59800
55600 62650 64675 62900 59775
55700 62650 64675 62900 59775
55800 62650 64650 62900 59800
55900 62650 64650 62925 59775
56000 62625 64650 62925 59800
56100 62625 64650 62925 59800
56200 62600 64650 62950 59800
56300 62575 64650 63000 59775
56400 62575 64650 62975 59800
56500 62600 64650 62975 59775
56600 62625 64650 62975 59750
56700 62625 64650 62975 59750
56800 62600 64650 63000 59750
56900 62600 64650 63000 59750
57000 62575 64700 63000 59725
57100 62575 64700 63000 59725
57200 62575 64700 63000 59725
57300 62550 64700 63025 59725
57400 62550 64700 63025 59725
57500 62550 64700 63025 59725
57600 62550 64675 63000 59775
57700 62550 64675 63000 59775
57800 62525 64700 63025 59750
57900 62525 64700 63050 59725
58000 62525 64700 63050 59725
58100 62550 64675 63050 59725
58200 62575 64675 63000 59750
58300 62575 64675 63000 59750
58400 62575 64675 63000 59750
58500 62575 64675 63025 59725
58600 62575 64675 63025 59725
58700 62550 64700 63025 59725
58800 62525 64725 63025 59725
58900 62525 64725 63025 59725
59000 62500 64725 63075 59700
59100 62500 64725 63050 59725
59200 62500 64725 63050 59725
59300 62550 64700 63025 59725
59400 62550 64700 63025 59725
59500 62550 64725 63025 59700
59600 62550 64725 63025 59700
59700 62550 64725 63025 59700
59800 62550 64725 63025 59700
59900 62525 64725 63050 59700
60000 62550 64700 63050 59700
60100 62550 64700 63050 59700
60200 62550 64700 63050 59700
60300 62550 64700 63050 59700
60400 62525 64700 63075 59700
60500 62525 64700 63075 59700
60600 62525 64675 63100 59700
60700 62550 64675 63075 59700
60800 62550 64675 63075 59700
60900 62550 64700 63100 59650
61000 62550 64700 63100 59650
61100 62550 64675 63100 59675
61200 62550 64675 63100 59675
61300 62500 64675 63100 59725
61400 62500 64675 63100 59725
61500 62500 64650 63125 59725
61600 62500 64650 63125 59725
61700 62425 64675 63175 59725
61800 62375 64675 63225 59725
61900 62400 64650 63225 59725
62000 62375 64700 63225 59700
62100 62375 64700 63225 59700
62200 62425 64675 63225 59675
62300 62425 64675 63225 59675
62400 62400 64675 63225 59700
62500 62425 64650 63225 59700
62600 62425 64650 63225 59700
62700 62450 64625 63225 59700
62800 62550 64525 63225 59700
62900 62575 64525 63225 59675
63000 62600 64550 63200 59650
63100 62600 64550 63200 59650
63200 62600 64550 63200 59650
63300 62600 64550 63200 59650
63400 62600 64550 63200 59650
63500 62575 64575 63200 59650
63600 62575 64575 63200 59650
63700 62550 64625 63200 59625
63800 62550 64625 63175 59650
63900 62550 64625 63175 59650
64000 62575 64625 63150 59650
64100 62550 64625 63150 59675
64200 62550 64625 63150 59675
64300 62550 64650 63150 59650
64400 62550 64650 63150 59650
64500 62550 64650 63150 59650
64600 62550 64650 63150 59650
64700 62550 64650 63150 59650
64800 62550 64675 63150 59625
64900 62525 64700 63150 59625
65000 62525 64700 63175 59600
65100 62550 64725 63175 59550
65200 62550 64725 63175 59550
65300 62525 64750 63175 59550
65400 62525 64750 63175 59550
65500 62500 64775 63175 59550
65600 62500 64775 63175 59550
65700 62475 64800 63175 59550
65800 62475 64800 63175 59550
65900 62475 64800 63175 59550
66000 62475 64800 63175 59550
66100 62475 64800 63175 59550
66200 62450 64825 63150 59575
66300 62450 64825 63175 59550
66400 62450 64825 63175 59550
66500 62450 64825 63175 59550
66600 62450 64825 63175 59550
66700 62450 64825 63175 59550
66800 62450 64825 63175 59550
66900 62450 64825 63150 59575
67000 62450 64825 63150 59575
67100 62450 64825 63150 59575
67200 62450 64825 63125 59600
67300 62450 64825 63125 59600
67400 62425 64850 63125 59600
67500 62425 64850 63125 59600
67600 62400 64875 63125 59600
67700 62400 64875 63125 59600
67800 62400 64875 63125 59600
67900 62450 64875 63125 59550
68000 62450 64875 63125 59550
68100 62450 64875 63125 59550
68200 62450 64875 63150 59525
68300 62450 64875 63150 59525
68400 62450 64875 63150 59525
68500 62475 64875 63125 59525
68600 62475 64875 63125 59525
68700 62450 64900 63125 59525
68800 62450 64900 63150 59500
68900 62450 64900 63150 59500
69000 62450 64900 63150 59500
69100 62450 64875 63175 59500
69200 62450 64875 63175 59500
69300 62450 64875 63175 59500
69400 62425 64900 63175 59500
69500 62425 64900 63175 59500
69600 62425 64900 63175 59500
69700 62425 64900 63175 59500
69800 62450 64900 63100 59550
69900 62450 64900 63100 59550
70000 62450 64900 63100 59550
70100 62450 64900 63100 59550
70200 62450 64900 63100 59550
70300 62450 64875 63125 59550
70400 62450 64875 63150 59525
70500 62450 64875 63150 59525
70600 62450 64875 63150 59525
70700 62450 64875 63150 59525
70800 62475 64875 63125 59525
70900 62500 64875 63100 59525
71000 62500 64875 63100 59525
71100 62500 64900 63100 59500
71200 62475 64925 63100 59500
71300 62475 64925 63100 59500
71400 62475 64925 63150 59450
71500 62450 64925 63150 59475
71600 62450 64925 63150 59475
71700 62425 64925 63150 59500
71800 62450 64925 63150 59475
71900 62450 64925 63125 59500
72000 62450 64925 63125 59500
72100 62450 64925 63125 59500
72200 62450 64925 63100 59525
72300 62450 64925 63100 59525
72400 62450 64925 63100 59525
72500 62450 64925 63100 59525
72600 62475 64925 63075 59525
72700 62475 64925 63075 59525
72800 62475 64925 63075 59525
72900 62450 64950 63075 59525
73000 62450 64925 63100 59525
73100 62450 64925 63100 59525
73200 62475 64925 63075 59525
73300 62475 64925 63050 59550
73400 62475 64925 63050 59550
73500 62475 64925 63050 59550
73600 62475 64925 63025 59575
73700 62475 64925 63025 59575
73800 62500 64925 63000 59575
73900 62500 64925 63000 59575
74000 62500 64925 63000 59575
74100 62500 64900 63000 59600
74200 62525 64925 62975 59575
74300 62525 64925 62975 59575
74400 62525 64925 62975 59575
74500 62525 64925 62975 59575
74600 62525 64925 62975 59575
74700 62500 64950 62975 59575
74800 62500 64950 62975 59575
74900 62500 64950 62975 59575
75000 62500 64950 62975 59575
75100 62500 64950 62975 59575
75200 62500 64950 62975 59575
75300 62500 64950 62975 59575
75400 62475 64950 62975 59600
75500 62475 64950 62975 59600
75600 62475 64950 62975 59600
75700 62475 64950 62975 59600
75800 62475 64950 62975 59600
75900 62475 64950 62975 59600
76000 62475 64975 62975 59575
76100 62475 64975 62975 59575
76200 62475 64975 62975 59575
76300 62525 64975 62950 59550
76400 62475 65000 62950 59575
76500 62475 65000 62950 59575
76600 62500 64975 62950 59575
76700 62500 64975 62950 59575
76800 62500 64975 62950 59575
76900 62500 64975 62950 59575
77000 62475 65000 62950 59575
77100 62475 65000 62950 59575
77200 62475 65000 62950 59575
77300 62475 65000 62950 59575
77400 62475 64975 62975 59575
77500 62475 64975 62975 59575
77600 62500 64950 62975 59575
77700 62500 64950 62975 59575
77800 62500 64950 62975 59575
77900 62500 64950 62975 59575
78000 62500 64950 62975 59575
78100 62475 64975 62975 59575
78200 62475 64975 62975 59575
78300 62450 64975 62975 59600
78400 62475 64950 62975 59600
78500 62475 64950 62975 59600
78600 62475 64950 62975 59600
78700 62450 64950 62975 59625
78800 62450 64950 62975 59625
78900 62450 64950 62975 59625
79000 62450 64950 62975 59625
79100 62450 64950 62975 59625
79200 62450 64950 62975 59625
79300 62475 64925 62975 59625
79400 62475 64925 62975 59625
79500 62475 64925 62975 59625
79600 62450 64950 62975 59625
79700 62450 64950 63000 59600
79800 62450 64950 63000 59600
79900 62425 64975 63000 59600
80000 62450 64950 63000 59600
80100 62450 64950 63000 59600
80200 62450 64950 63000 59600
80300 62450 64975 63000 59575
80400 62450 64975 63000 59575
80500 62450 64975 62975 59600
80600 62475 64975 62975 59575
80700 62475 64975 62975 59575
80800 62500 64950 62975 59575
80900 62525 64950 62950 59575
81000 62525 64950 62950 59575
81100 62525 64950 62950 59575
81200 62525 64950 62950 59575
81300 62525 64950 62950 59575
81400 62525 64925 62950 59600
81500 62525 64925 62975 59575
81600 62500 64925 63000 59575
81700 62500 64925 63000 59575
81800 62500 64925 63000 59575
81900 62500 64925 63000 59575
82000 62500 64925 63000 59575
82100 62525 64900 63000 59575
82200 62525 64900 63000 59575
82300 62500 64925 63000 59575
82400 62500 64925 63000 59575
82500 62500 64925 63000 59575
82600 62525 64900 63000 59575
82700 62525 64900 63000 59575
82800 62525 64900 63000 59575
82900 62525 64900 63000 59575
83000 62525 64900 63000 59575
83100 62525 64900 62975 59600
83200 62550 64875 62975 59600
83300 62525 64900 62975 59600
83400 62525 64900 62975 59600
83500 62525 64900 63000 59575
83600 62550 64875 63000 59575
83700 62550 64850 63025 59575
83800 62550 64850 63025 59575
83900 62550 64850 63025 59575
84000 62575 64825 63025 59575
84100 62575 64825 63025 59575
84200 62575 64825 63025 59575
84300 62550 64850 63000 59600
84400 62575 64825 63000 59600
84500 62575 64825 63000 59600
84600 62550 64825 63025 59600
84700 62525 64825 63025 59625
84800 62525 64825 63025 59625
84900 62575 64825 63000 59600
85000 62550 64850 63000 59600
85100 62550 64850 63000 59600
85200 62550 64850 63000 59600
85300 62550 64850 63000 59600
85400 62550 64850 63000 59600
85500 62550 64850 63000 59600
85600 62550 64850 63000 59600
85700 62525 64875 63000 59600
85800 62525 64875 63000 59600
85900 62525 64875 63000 59600
86000 62525 64875 63025 59575
86100 62525 64875 63025 59575
86200 62525 64875 63025 59575
86300 62550 64850 63025 59575
86400 62550 64850 63025 59575
86500 62550 64825 63050 59575
86600 62550 64825 63075 59550
86700 62550 64825 63075 59550
86800 62550 64825 63075 59550
86900 62550 64825 63075 59550
87000 62550 64825 63075 59550
87100 62525 64825 63100 59550
87200 62525 64825 63100 59550
87300 62525 64825 63100 59550
87400 62525 64825 63100 59550
87500 62550 64825 63100 59525
87600 62550 64825 63100 59525
87700 62525 64850 63100 59525
87800 62525 64850 63100 59525
87900 62525 64850 63125 59500
88000 62500 64875 63125 59500
88100 62500 64875 63125 59500
88200 62500 64875 63100 59525
88300 62500 64875 63100 59525
88400 62500 64875 63100 59525
88500 62500 64875 63150 59475
88600 62525 64875 63125 59475
88700 62525 64875 63125 59475
88800 62525 64875 63125 59475
88900 62525 64875 63125 59475
89000 62525 64875 63125 59475
89100 62525 64850 63150 59475
89200 62525 64850 63150 59475
89300 62525 64850 63150 59475
89400 62525 64850 63150 59475
89500 62525 64850 63150 59475
89600 62525 64850 63150 59475
89700 62525 64850 63150 59475
89800 62525 64850 63150 59475
89900 62525 64850 63150 59475
90000 62525 64850 63150 59475
90100 62525 64850 63150 59475
90200 62525 64850 63150 59475
90300 62525 64875 63125 59475
90400 62525 64875 63100 59500
90500 62500 64900 63100 59500
90600 62500 64900 63100 59500
90700 62500 64900 63100 59500
90800 62500 64900 63100 59500
90900 62500 64900 63100 59500
91000 62475 64875 63125 59525
91100 62475 64875 63125 59525
91200 62475 64875 63125 59525
91300 62450 64875 63125 59550
91400 62450 64900 63125 59525
91500 62450 64900 63125 59525
91600 62450 64900 63125 59525
91700 62450 64900 63125 59525
91800 62450 64900 63100 59550
91900 62450 64900 63100 59550
92000 62475 64900 63075 59550
92100 62475 64900 63075 59550
92200 62475 64900 63075 59550
92300 62475 64900 63075 59550
92400 62475 64900 63075 59550
92500 62475 64900 63075 59550
92600 62475 64900 63050 59575
92700 62475 64900 63050 59575
92800 62475 64900 63050 59575
92900 62475 64900 63050 59575
93000 62475 64900 63050 59575
93100 62475 64900 63050 59575
93200 62475 64900 63050 59575
93300 62450 64925 63050 59575
93400 62450 64925 63050 59575
93500 62450 64925 63050 59575
93600 62425 64925 63050 59600
93700 62425 64925 63050 59600
93800 62425 64925 63050 59600
93900 62425 64925 63050 59600
94000 62450 64925 63025 59600
94100 62450 64925 63025 59600
94200 62450 64925 63000 59625
94300 62450 64925 63000 59625
94400 62450 64925 63000 59625
94500 62450 64950 63000 59600
94600 62450 64950 63000 59600
94700 62450 64950 63000 59600
94800 62450 64950 63000 59600
94900 62450 64950 63000 59600
95000 62450 64950 63000 59600
95100 62450 64950 63000 59600
95200 62475 64950 62925 59650
95300 62475 64950 62925 59650
95400 62475 64925 62950 59650
95500 62475 64925 62950 59650
95600 62475 64925 62925 59675
95700 62475 64925 62925 59675
95800 62475 64925 62925 59675
95900 62475 64925 62925 59675
96000 62450 64975 62900 59675
96100 62450 64975 62900 59675
96200 62450 64975 62900 59675
96300 62450 64975 62900 59675
96400 62450 64975 62900 59675
96500 62450 64975 62900 59675
96600 62450 64975 62900 59675
96700 62475 64975 62900 59650
96800 62475 64975 62900 59650
96900 62475 64975 62900 59650
97000 62475 64975 62900 59650
97100 62475 65000 62900 59625
97200 62475 65000 62900 59625
97300 62475 65000 62900 59625
97400 62475 65000 62900 59625
97500 62475 65000 62900 59625
97600 62475 65000 62900 59625
97700 62475 65000 62900 59625
97800 62475 65000 62900 59625
97900 62475 65000 62900 59625
98000 62475 65000 62900 59625
98100 62500 65000 62875 59625
98200 62500 65000 62875 59625
98300 62500 65000 62875 59625
98400 62500 65000 62875 59625
98500 62500 65000 62875 59625
98600 62500 65000 62875 59625
98700 62500 65000 62875 59625
98800 62475 65025 62875 59625
98900 62475 65025 62875 59625
99000 62475 65025 62875 59625
99100 62475 65025 62900 59600
99200 62475 65025 62900 59600
99300 62475 65025 62900 59600
99400 62475 65050 62900 59575
99500 62475 65050 62900 59575
99600 62475 65050 62900 59575
99700 62475 65050 62900 59575
99800 62450 65050 62900 59600
99900 62450 65050 62900 59600
100000 62450 65050 62900 59600
