0 64750 59575 59975 65700
100 64750 59575 59975 65700
200 64750 59550 59975 65725
300 64750 59450 60025 65775
400 64800 59475 59950 65775
500 64850 59500 59875 65775
600 64825 59550 59875 65750
700 64825 59575 59850 65750
800 64825 59475 59950 65750
900 64825 59475 59950 65750
1000 64825 59475 59950 65750
1100 64850 59450 59950 65750
1200 64850 59500 59875 65775
1300 64850 59500 59875 65775
1400 64800 59550 59900 65750
1500 64800 59550 59900 65750
1600 64800 59550 59900 65750
1700 64800 59550 59900 65750
1800 64800 59550 59900 65750
1900 64775 59575 59900 65750
2000 64775 59575 59900 65750
2100 64775 59575 59925 65725
2200 64825 59575 59925 65675
2300 64800 59625 59900 65675
2400 64800 59600 59925 65675
2500 64800 59600 59950 65650
2600 64800 59600 59950 65650
2700 64800 59625 59925 65650
2800 64800 59625 59950 65625
2900 64800 59575 59975 65650
3000 64775 59600 59975 65650
3100 64775 59600 59975 65650
3200 64775 59600 59975 65650
3300 64750 59650 59950 65650
3400 64725 59700 59950 65625
3500 64725 59700 59950 65625
3600 64700 59700 59950 65650
3700 64700 59700 59950 65650
3800 64700 59700 59950 65650
3900 64700 59675 59950 65675
4000 64700 59675 59950 65675
4100 64700 59700 59925 65675
4200 64700 59675 59950 65675
4300 64675 59675 59950 65700
4400 64675 59675 59950 65700
4500 64650 59700 59950 65700
4600 64650 59700 59950 65700
4700 64650 59700 59975 65675
4800 64650 59700 60000 65650
4900 64650 59700 60000 65650
5000 64650 59700 60000 65650
5100 64650 59675 60025 65650
5200 64675 59650 60025 65650
5300 64700 59650 60025 65625
5400 64725 59650 59975 65650
5500 64725 59650 59975 65650
5600 64725 59650 59975 65650
5700 64725 59675 59950 65650
5800 64725 59650 59950 65675
5900 64725 59650 59950 65675
6000 64750 59650 59950 65650
6100 64750 59650 59950 65650
6200 64750 59600 60000 65650
6300 64750 59625 60000 65625
6400 64750 59625 60000 65625
6500 64750 59625 60000 65625
6600 64750 59625 60025 65600
6700 64725 59650 60025 65600
6800 64725 59650 60025 65600
6900 64725 59625 60025 65625
7000 64725 59625 60025 65625
7100 64725 59625 60025 65625
7200 64725 59600 60025 65650
7300 64725 59600 60025 65650
7400 64725 59550 60025 65700
7500 64725 59500 60025 65750
7600 64725 59475 60050 65750
7700 64700 59525 60025 65750
7800 64675 59550 60025 65750
7900 64675 59550 60025 65750
8000 64675 59550 60025 65750
8100 64675 59550 60025 65750
8200 64650 59550 60025 65775
8300 64650 59550 60025 65775
8400 64650 59525 60050 65775
8500 64650 59525 60075 65750
8600 64675 59550 60050 65725
8700 64675 59550 60050 65725
8800 64675 59525 60050 65750
8900 64650 59525 60050 65775
9000 64625 59550 60050 65775
9100 64625 59550 60050 65775
9200 64600 59550 60050 65800
9300 64600 59550 60050 65800
9400 64600 59550 60050 65800
9500 64600 59550 60050 65800
9600 64600 59550 60050 65800
9700 64575 59575 60050 65800
9800 64600 59575 60050 65775
9900 64575 59575 60050 65800
10000 64575 59575 60050 65800
10100 64575 59550 60075 65800
10200 64575 59550 60075 65800
10300 64575 59550 60100 65775
10400 64575 59550 60100 65775
10500 64575 59550 60075 65800
10600 64575 59550 60075 65800
10700 64575 59550 60075 65800
10800 64525 59575 60075 65825
10900 64550 59575 60075 65800
11000 64550 59550 60075 65825
11100 64550 59550 60075 65825
11200 64550 59575 60075 65800
11300 64550 59575 60075 65800
11400 64550 59525 60100 65825
11500 64550 59500 60100 65850
11600 64550 59500 60125 65825
11700 64550 59500 60125 65825
11800 64550 59500 60125 65825
11900 64550 59500 60125 65825
12000 64550 59475 60200 65775
12100 64550 59475 60200 65775
12200 64550 59475 60200 65775
12300 64575 59475 60175 65775
12400 64575 59475 60175 65775
12500 64575 59500 60150 65775
12600 64575 59500 60150 65775
12700 64600 59500 60150 65750
12800 64575 59475 60150 65800
12900 64575 59475 60150 65800
13000 64575 59475 60150 65800
13100 64550 59500 60150 65800
13200 64550 59500 60150 65800
13300 64550 59500 60150 65800
13400 64550 59500 60150 65800
13500 64550 59500 60150 65800
13600 64550 59500 60175 65775
13700 64525 59525 60175 65775
13800 64525 59525 60175 65775
13900 64525 59500 60200 65775
14000 64525 59500 60200 65775
14100 64525 59500 60200 65775
14200 64525 59475 60225 65775
14300 64525 59475 60225 65775
14400 64525 59475 60225 65775
14500 64525 59475 60225 65775
14600 64525 59475 60250 65750
14700 64525 59475 60250 65750
14800 64525 59475 60250 65750
14900 64525 59475 60250 65750
15000 64525 59475 60275 65725
15100 64550 59475 60250 65725
15200 64550 59475 60250 65725
15300 64550 59475 60250 65725
15400 64550 59475 60250 65725
15500 64550 59475 60250 65725
15600 64550 59475 60250 65725
15700 64550 59475 60250 65725
15800 64550 59475 60250 65725
15900 64525 59500 60275 65700
16000 64525 59475 60275 65725
16100 64525 59500 60250 65725
16200 64525 59500 60275 65700
16300 64525 59525 60250 65700
16400 64525 59525 60275 65675
16500 64525 59525 60275 65675
16600 64525 59525 60275 65675
16700 64525 59525 60275 65675
16800 64525 59525 60300 65650
16900 64525 59525 60300 65650
17000 64525 59500 60325 65650
17100 64550 59450 60350 65650
17200 64550 59450 60375 65625
17300 64550 59450 60375 65625
17400 64550 59450 60375 65625
17500 64525 59500 60375 65600
17600 64500 59525 60375 65600
17700 64500 59525 60375 65600
17800 64500 59525 60425 65550
17900 64500 59525 60425 65550
18000 64500 59525 60425 65550
18100 64500 59525 60425 65550
18200 64500 59525 60425 65550
18300 64500 59525 60425 65550
18400 64500 59525 60425 65550
18500 64475 59575 60400 65550
18600 64475 59575 60400 65550
18700 64475 59575 60400 65550
18800 64475 59550 60400 65575
18900 64450 59575 60400 65575
19000 64450 59575 60400 65575
19100 64450 59575 60400 65575
19200 64450 59575 60400 65575
19300 64450 59575 60400 65575
19400 64450 59575 60400 65575
19500 64450 59575 60400 65575
19600 64450 59575 60400 65575
19700 64450 59575 60400 65575
19800 64450 59575 60425 65550
19900 64450 59575 60425 65550
20000 64450 59575 60425 65550
20100 64450 59550 60425 65575
20200 64450 59550 60425 65575
20300 64450 59575 60400 65575
20400 64425 59600 60400 65575
20500 64425 59600 60400 65575
20600 64450 59600 60375 65575
20700 64450 59575 60400 65575
20800 64450 59575 60400 65575
20900 64450 59575 60400 65575
21000 64450 59575 60400 65575
21100 64450 59575 60425 65550
21200 64450 59575 60425 65550
21300 64450 59575 60425 65550
21400 64425 59575 60425 65575
21500 64425 59575 60400 65600
21600 64400 59600 60400 65600
21700 64400 59575 60425 65600
21800 64400 59575 60425 65600
21900 64375 59600 60425 65600
22000 64375 59600 60425 65600
22100 64350 59625 60425 65600
22200 64350 59625 60425 65600
22300 64350 59625 60425 65600
22400 64350 59625 60425 65600
22500 64375 59625 60400 65600
22600 64375 59625 60400 65600
22700 64375 59625 60400 65600
22800 64350 59650 60400 65600
22900 64325 59675 60400 65600
23000 64325 59675 60400 65600
23100 64325 59675 60400 65600
23200 64300 59700 60400 65600
23300 64300 59750 60350 65600
23400 64300 59775 60350 65575
23500 64300 59775 60350 65575
23600 64300 59775 60350 65575
23700 64300 59775 60375 65550
23800 64300 59775 60375 65550
23900 64300 59775 60375 65550
24000 64300 59750 60400 65550
24100 64300 59750 60400 65550
24200 64300 59750 60400 65550
24300 64300 59750 60400 65550
24400 64300 59750 60400 65550
24500 64300 59750 60400 65550
24600 64300 59750 60400 65550
24700 64300 59750 60400 65550
24800 64300 59750 60400 65550
24900 64300 59750 60400 65550
25000 64300 59750 60400 65550
25100 64300 59750 60400 65550
25200 64300 59750 60400 65550
25300 64325 59750 60375 65550
25400 64325 59725 60400 65550
25500 64325 59725 60400 65550
25600 64325 59725 60400 65550
25700 64300 59725 60400 65575
25800 64325 59700 60400 65575
25900 64325 59700 60400 65575
26000 64325 59700 60400 65575
26100 64325 59700 60400 65575
26200 64325 59700 60400 65575
26300 64325 59675 60400 65600
26400 64300 59700 60400 65600
26500 64325 59700 60400 65575
26600 64325 59675 60425 65575
26700 64325 59675 60425 65575
26800 64325 59650 60425 65600
26900 64325 59650 60425 65600
27000 64325 59650 60425 65600
27100 64325 59650 60425 65600
27200 64325 59650 60425 65600
27300 64325 59650 60425 65600
27400 64325 59650 60425 65600
27500 64325 59650 60425 65600
27600 64325 59650 60425 65600
27700 64300 59650 60425 65625
27800 64300 59625 60450 65625
27900 64300 59625 60450 65625
28000 64300 59625 60475 65600
28100 64275 59650 60500 65575
28200 64275 59650 60500 65575
28300 64275 59625 60500 65600
28400 64275 59650 60500 65575
28500 64275 59650 60500 65575
28600 64275 59650 60500 65575
28700 64275 59650 60500 65575
28800 64275 59650 60500 65575
28900 64275 59650 60500 65575
29000 64275 59650 60500 65575
29100 64275 59650 60500 65575
29200 64275 59650 60500 65575
29300 64275 59650 60500 65575
29400 64275 59650 60500 65575
29500 64275 59650 60525 65550
29600 64275 59650 60525 65550
29700 64275 59650 60525 65550
29800 64250 59650 60525 65575
29900 64250 59650 60525 65575
30000 64250 59650 60525 65575
30100 64250 59625 60525 65600
30200 64250 59625 60525 65600
30300 64250 59625 60525 65600
30400 64250 59625 60525 65600
30500 64250 59625 60525 65600
30600 64275 59625 60500 65600
30700 64275 59625 60500 65600
30800 64275 59600 60525 65600
30900 64275 59600 60525 65600
31000 64275 59600 60525 65600
31100 64275 59600 60525 65600
31200 64275 59600 60525 65600
31300 64275 59600 60525 65600
31400 64275 59600 60525 65600
31500 64275 59575 60550 65600
31600 64275 59550 60550 65625
31700 64275 59550 60550 65625
31800 64275 59550 60550 65625
31900 64275 59550 60550 65625
32000 64275 59550 60550 65625
32100 64275 59550 60550 65625
32200 64275 59550 60550 65625
32300 64275 59550 60575 65600
32400 64275 59575 60575 65575
32500 64275 59575 60575 65575
32600 64275 59575 60575 65575
32700 64275 59575 60575 65575
32800 64275 59550 60575 65600
32900 64275 59550 60575 65600
33000 64275 59550 60575 65600
33100 64275 59550 60575 65600
33200 64275 59550 60575 65600
33300 64275 59550 60575 65600
33400 64275 59525 60575 65625
33500 64275 59525 60575 65625
33600 64275 59525 60575 65625
33700 64275 59525 60575 65625
33800 64275 59525 60575 65625
33900 64250 59525 60575 65650
34000 64250 59525 60575 65650
34100 64275 59525 60575 65625
34200 64275 59525 60575 65625
34300 64275 59525 60575 65625
34400 64275 59525 60575 65625
34500 64275 59525 60575 65625
34600 64300 59525 60575 65600
34700 64300 59525 60575 65600
34800 64300 59500 60575 65625
34900 64300 59500 60575 65625
35000 64300 59500 60600 65600
35100 64275 59525 60600 65600
35200 64275 59525 60600 65600
35300 64275 59500 60625 65600
35400 64250 59500 60625 65625
35500 64250 59500 60625 65625
35600 64250 59475 60625 65650
35700 64250 59500 60625 65625
35800 64250 59500 60625 65625
35900 64250 59500 60625 65625
36000 64250 59500 60625 65625
36100 64250 59500 60625 65625
36200 64250 59475 60650 65625
36300 64250 59475 60650 65625
36400 64250 59450 60675 65625
36500 64250 59450 60675 65625
36600 64250 59450 60675 65625
36700 64275 59400 60675 65650
36800 64275 59400 60675 65650
36900 64275 59400 60675 65650
37000 64250 59425 60675 65650
37100 64250 59400 60675 65675
37200 64250 59400 60675 65675
37300 64250 59400 60675 65675
37400 64250 59400 60675 65675
37500 64250 59375 60675 65700
37600 64250 59375 60675 65700
37700 64250 59375 60675 65700
37800 64250 59375 60675 65700
37900 64250 59375 60675 65700
38000 64250 59375 60675 65700
38100 64250 59375 60675 65700
38200 64250 59375 60675 65700
38300 64250 59375 60700 65675
38400 64250 59375 60700 65675
38500 64250 59400 60700 65650
38600 64250 59400 60700 65650
38700 64250 59400 60700 65650
38800 64250 59400 60700 65650
38900 64250 59400 60700 65650
39000 64250 59400 60700 65650
39100 64250 59400 60700 65650
39200 64250 59400 60700 65650
39300 64250 59400 60700 65650
39400 64250 59400 60700 65650
39500 64250 59400 60700 65650
39600 64250 59400 60700 65650
39700 64250 59400 60700 65650
39800 64225 59425 60700 65650
39900 64175 59425 60725 65675
40000 64175 59425 60725 65675
40100 64175 59425 60725 65675
40200 64175 59400 60725 65700
40300 64200 59375 60725 65700
40400 64200 59375 60725 65700
40500 64200 59375 60725 65700
40600 64200 59375 60725 65700
40700 64200 59375 60725 65700
40800 64200 59400 60725 65675
40900 64200 59400 60725 65675
41000 64200 59400 60725 65675
41100 64200 59400 60725 65675
41200 64200 59400 60725 65675
41300 64200 59400 60725 65675
41400 64175 59425 60725 65675
41500 64175 59425 60725 65675
41600 64175 59425 60725 65675
41700 64175 59400 60750 65675
41800 64175 59400 60750 65675
41900 64175 59400 60750 65675
42000 64175 59400 60775 65650
42100 64150 59425 60775 65650
42200 64150 59425 60775 65650
42300 64150 59425 60775 65650
42400 64150 59425 60775 65650
42500 64150 59425 60775 65650
42600 64150 59425 60775 65650
42700 64150 59425 60775 65650
42800 64150 59425 60775 65650
42900 64150 59450 60775 65625
43000 64150 59450 60775 65625
43100 64150 59425 60825 65600
43200 64150 59425 60825 65600
43300 64150 59425 60825 65600
43400 64150 59425 60825 65600
43500 64150 59425 60825 65600
43600 64150 59425 60825 65600
43700 64150 59425 60825 65600
43800 64175 59425 60800 65600
43900 64150 59450 60800 65600
44000 64150 59450 60800 65600
44100 64150 59450 60800 65600
44200 64150 59450 60800 65600
44300 64150 59450 60800 65600
44400 64150 59450 60800 65600
44500 64150 59450 60800 65600
44600 64150 59450 60800 65600
44700 64150 59450 60800 65600
44800 64150 59475 60800 65575
44900 64150 59475 60800 65575
45000 64150 59475 60800 65575
45100 64150 59475 60800 65575
45200 64150 59475 60800 65575
45300 64125 59500 60800 65575
45400 64125 59500 60800 65575
45500 64125 59500 60800 65575
45600 64125 59500 60800 65575
45700 64125 59500 60800 65575
45800 64125 59500 60800 65575
45900 64125 59500 60800 65575
46000 64125 59500 60825 65550
46100 64125 59500 60825 65550
46200 64100 59525 60825 65550
46300 64075 59525 60850 65550
46400 64075 59525 60850 65550
46500 64075 59525 60850 65550
46600 64050 59550 60850 65550
46700 64050 59575 60850 65525
46800 64050 59575 60850 65525
46900 64050 59575 60850 65525
47000 64050 59550 60850 65550
47100 64050 59550 60850 65550
47200 64025 59575 60850 65550
47300 64025 59575 60850 65550
47400 64025 59575 60850 65550
47500 64025 59575 60850 65550
47600 64025 59575 60850 65550
47700 64025 59575 60850 65550
47800 64025 59575 60850 65550
47900 64025 59575 60850 65550
48000 64000 59575 60850 65575
48100 64000 59575 60850 65575
48200 64000 59575 60850 65575
48300 64000 59575 60875 65550
48400 64000 59575 60875 65550
48500 64000 59575 60875 65550
48600 64000 59575 60875 65550
48700 64000 59575 60875 65550
48800 64000 59575 60900 65525
48900 64000 59575 60900 65525
49000 64000 59575 60900 65525
49100 64000 59575 60925 65500
49200 64000 59575 60925 65500
49300 64000 59575 60925 65500
49400 64000 59575 60925 65500
49500 64000 59575 60925 65500
49600 64000 59575 60925 65500
49700 64000 59575 60925 65500
49800 64000 59575 60925 65500
49900 64000 59600 60900 65500
50000 64000 59600 60900 65500
50100 64000 59600 60900 65500
50200 64000 59600 60900 65500
50300 64000 59600 60900 65500
50400 64000 59600 60900 65500
50500 64000 59600 60925 65475
50600 64000 59600 60925 65475
50700 64000 59600 60925 65475
50800 64000 59600 60925 65475
50900 64000 59600 60925 65475
51000 64000 59600 60925 65475
51100 64000 59600 60925 65475
51200 64000 59575 60950 65475
51300 64000 59575 60950 65475
51400 64000 59575 60950 65475
51500 64000 59575 60950 65475
51600 64000 59575 60950 65475
51700 64000 59575 60950 65475
51800 64025 59550 60950 65475
51900 64025 59575 60925 65475
52000 64025 59575 60925 65475
52100 64025 59575 60925 65475
52200 64025 59575 60925 65475
52300 64000 59575 60925 65500
52400 64000 59575 60925 65500
52500 64025 59550 60925 65500
52600 64050 59525 60925 65500
52700 64050 59525 60925 65500
52800 64025 59550 60925 65500
52900 64025 59550 60925 65500
53000 64025 59550 60925 65500
53100 64025 59550 60925 65500
53200 64025 59550 60925 65500
53300 64025 59550 60925 65500
53400 64025 59525 60925 65525
53500 64025 59525 60925 65525
53600 64025 59525 60925 65525
53700 64025 59525 60925 65525
53800 64025 59525 60925 65525
53900 64000 59525 60950 65525
54000 64000 59525 60950 65525
54100 64000 59525 60950 65525
54200 64000 59525 60950 65525
54300 64000 59525 60950 65525
54400 64000 59550 60925 65525
54500 64000 59550 60925 65525
54600 64000 59550 60925 65525
54700 64000 59550 60925 65525
54800 64000 59550 60925 65525
54900 64000 59550 60925 65525
55000 64000 59575 60925 65500
55100 64000 59575 60925 65500
55200 64000 59575 60925 65500
55300 64000 59575 60950 65475
55400 64000 59575 60950 65475
55500 64000 59575 60950 65475
55600 64000 59575 60950 65475
55700 64000 59575 60950 65475
55800 64000 59575 60950 65475
55900 64000 59575 60950 65475
56000 64000 59575 60950 65475
56100 64000 59575 60950 65475
56200 64000 59575 60950 65475
56300 64000 59575 60950 65475
56400 64000 59575 60950 65475
56500 64000 59575 60950 65475
56600 64000 59575 60950 65475
56700 64000 59575 60950 65475
56800 64000 59575 60950 65475
56900 64000 59575 60950 65475
57000 64000 59575 60950 65475
57100 64000 59575 60950 65475
57200 64000 59575 60950 65475
57300 64000 59575 60950 65475
57400 64000 59575 60950 65475
57500 64000 59575 60950 65475
57600 64000 59600 60925 65475
57700 64000 59600 60925 65475
57800 64000 59600 60925 65475
57900 64000 59600 60925 65475
58000 63975 59625 60925 65475
58100 63975 59625 60925 65475
58200 63975 59625 60925 65475
58300 63975 59625 60925 65475
58400 63975 59625 60925 65475
58500 63975 59625 60925 65475
58600 63975 59600 60950 65475
58700 63975 59600 60950 65475
58800 63975 59600 60950 65475
58900 63975 59600 60950 65475
59000 63975 59600 60950 65475
59100 63950 59575 60975 65500
59200 63950 59575 60975 65500
59300 63950 59575 60975 65500
59400 63950 59575 60975 65500
59500 63950 59575 60975 65500
59600 63950 59575 60975 65500
59700 63950 59575 60975 65500
59800 63950 59575 61000 65475
59900 63950 59575 61000 65475
60000 63950 59575 61000 65475
60100 63950 59575 61000 65475
60200 63950 59575 61000 65475
60300 63950 59575 61000 65475
60400 63950 59575 61000 65475
60500 63950 59575 61000 65475
60600 63950 59575 61000 65475
60700 63950 59575 61000 65475
60800 63950 59575 61000 65475
60900 63950 59575 61000 65475
61000 63950 59575 61000 65475
61100 63975 59550 61000 65475
61200 63975 59550 61000 65475
61300 63975 59550 61000 65475
61400 63975 59550 61025 65450
61500 63975 59550 61025 65450
61600 63975 59550 61025 65450
61700 64000 59550 61025 65425
61800 64000 59550 61025 65425
61900 64000 59550 61025 65425
62000 64000 59550 61025 65425
62100 64000 59550 61000 65450
62200 64000 59550 61000 65450
62300 64000 59575 60975 65450
62400 64000 59575 60975 65450
62500 64000 59575 60975 65450
62600 64000 59575 60975 65450
62700 64000 59575 60975 65450
62800 64000 59575 60975 65450
62900 64025 59550 60975 65450
63000 64000 59575 60975 65450
63100 63975 59575 60975 65475
63200 63975 59575 60975 65475
63300 63950 59575 61000 65475
63400 63950 59575 61000 65475
63500 63950 59575 61000 65475
63600 63950 59575 61000 65475
63700 63950 59575 61000 65475
63800 63950 59575 61000 65475
63900 63925 59600 61000 65475
64000 63925 59575 61000 65500
64100 63950 59575 60975 65500
64200 63950 59575 60975 65500
64300 63950 59575 60975 65500
64400 63950 59575 60975 65500
64500 63950 59575 60975 65500
64600 63950 59575 60975 65500
64700 63950 59575 60975 65500
64800 63950 59575 60975 65500
64900 63950 59575 60975 65500
65000 63950 59575 60975 65500
65100 63950 59575 60975 65500
65200 63950 59575 60975 65500
65300 63950 59575 60975 65500
65400 63950 59550 61000 65500
65500 63950 59550 61000 65500
65600 63950 59550 61000 65500
65700 63950 59550 61000 65500
65800 63950 59550 61000 65500
65900 63950 59550 61000 65500
66000 63950 59550 61000 65500
66100 63950 59550 61000 65500
66200 63950 59550 61000 65500
66300 63950 59550 61000 65500
66400 63950 59550 61000 65500
66500 63950 59550 61000 65500
66600 63950 59550 61000 65500
66700 63950 59550 61000 65500
66800 63950 59550 61000 65500
66900 63950 59550 61000 65500
67000 63925 59550 61025 65500
67100 63925 59550 61050 65475
67200 63900 59550 61050 65500
67300 63900 59550 61050 65500
67400 63900 59550 61050 65500
67500 63900 59550 61050 65500
67600 63900 59550 61050 65500
67700 63900 59550 61050 65500
67800 63900 59550 61050 65500
67900 63875 59575 61050 65500
68000 63875 59575 61050 65500
68100 63875 59575 61050 65500
68200 63875 59550 61050 65525
68300 63875 59550 61050 65525
68400 63875 59550 61050 65525
68500 63875 59550 61050 65525
68600 63875 59550 61050 65525
68700 63875 59550 61050 65525
68800 63875 59550 61050 65525
68900 63875 59550 61050 65525
69000 63875 59550 61050 65525
69100 63875 59550 61050 65525
69200 63875 59550 61050 65525
69300 63875 59550 61050 65525
69400 63875 59550 61050 65525
69500 63875 59550 61050 65525
69600 63875 59550 61050 65525
69700 63875 59550 61050 65525
69800 63875 59550 61050 65525
69900 63875 59550 61050 65525
70000 63875 59550 61050 65525
70100 63875 59550 61050 65525
70200 63875 59550 61075 65500
70300 63875 59550 61075 65500
70400 63875 59550 61075 65500
70500 63875 59550 61075 65500
70600 63875 59550 61075 65500
70700 63875 59550 61075 65500
70800 63875 59550 61075 65500
70900 63875 59550 61075 65500
71000 63875 59550 61075 65500
71100 63875 59575 61050 65500
71200 63875 59575 61050 65500
71300 63875 59575 61050 65500
71400 63875 59575 61050 65500
71500 63875 59575 61050 65500
71600 63875 59575 61050 65500
71700 63875 59550 61050 65525
71800 63875 59550 61050 65525
71900 63875 59550 61050 65525
72000 63875 59550 61050 65525
72100 63875 59550 61050 65525
72200 63875 59550 61050 65525
72300 63875 59550 61050 65525
72400 63875 59550 61075 65500
72500 63875 59550 61075 65500
72600 63875 59550 61075 65500
72700 63825 59600 61075 65500
72800 63825 59575 61100 65500
72900 63825 59575 61100 65500
73000 63825 59575 61100 65500
73100 63825 59575 61100 65500
73200 63825 59575 61100 65500
73300 63825 59575 61100 65500
73400 63825 59575 61100 65500
73500 63825 59575 61100 65500
73600 63825 59575 61100 65500
73700 63825 59575 61100 65500
73800 63850 59550 61100 65500
73900 63850 59550 61100 65500
74000 63850 59550 61100 65500
74100 63850 59550 61100 65500
74200 63850 59550 61100 65500
74300 63850 59550 61100 65500
74400 63850 59550 61100 65500
74500 63850 59550 61100 65500
74600 63850 59525 61100 65525
74700 63850 59525 61100 65525
74800 63850 59525 61100 65525
74900 63850 59525 61100 65525
75000 63825 59525 61100 65550
75100 63825 59525 61100 65550
75200 63825 59525 61100 65550
75300 63825 59525 61100 65550
75400 63825 59525 61100 65550
75500 63825 59525 61100 65550
75600 63825 59525 61100 65550
75700 63825 59525 61100 65550
75800 63825 59525 61100 65550
75900 63825 59525 61100 65550
76000 63825 59525 61100 65550
76100 63825 59525 61100 65550
76200 63825 59525 61100 65550
76300 63825 59525 61100 65550
76400 63825 59525 61100 65550
76500 63825 59525 61100 65550
76600 63825 59525 61100 65550
76700 63825 59525 61100 65550
76800 63825 59525 61100 65550
76900 63825 59525 61100 65550
77000 63825 59500 61100 65575
77100 63825 59500 61100 65575
77200 63825 59500 61125 65550
77300 63825 59500 61125 65550
77400 63825 59500 61125 65550
77500 63825 59500 61125 65550
77600 63800 59525 61125 65550
77700 63800 59525 61125 65550
77800 63800 59525 61125 65550
77900 63800 59525 61125 65550
78000 63800 59525 61125 65550
78100 63800 59525 61125 65550
78200 63800 59525 61125 65550
78300 63800 59525 61125 65550
78400 63825 59525 61100 65550
78500 63825 59525 61100 65550
78600 63825 59525 61100 65550
78700 63825 59525 61100 65550
78800 63825 59525 61100 65550
78900 63850 59500 61100 65550
79000 63850 59500 61100 65550
79100 63850 59475 61100 65575
79200 63850 59475 61100 65575
79300 63850 59475 61100 65575
79400 63850 59475 61100 65575
79500 63850 59475 61100 65575
79600 63850 59475 61100 65575
79700 63850 59475 61100 65575
79800 63850 59475 61100 65575
79900 63850 59475 61100 65575
80000 63850 59475 61100 65575
80100 63850 59475 61100 65575
80200 63850 59475 61125 65550
80300 63850 59475 61125 65550
80400 63850 59475 61125 65550
80500 63850 59475 61100 65575
80600 63850 59475 61100 65575
80700 63850 59475 61100 65575
80800 63850 59475 61100 65575
80900 63850 59450 61100 65600
81000 63850 59450 61100 65600
81100 63850 59450 61100 65600
81200 63850 59450 61100 65600
81300 63875 59425 61100 65600
81400 63875 59425 61100 65600
81500 63875 59425 61100 65600
81600 63875 59425 61125 65575
81700 63850 59450 61125 65575
81800 63850 59450 61125 65575
81900 63850 59450 61125 65575
82000 63850 59450 61125 65575
82100 63850 59450 61125 65575
82200 63850 59450 61125 65575
82300 63850 59450 61125 65575
82400 63850 59425 61125 65600
82500 63850 59425 61125 65600
82600 63850 59425 61125 65600
82700 63825 59450 61125 65600
82800 63825 59450 61125 65600
82900 63825 59450 61125 65600
83000 63800 59450 61125 65625
83100 63800 59450 61125 65625
83200 63800 59450 61125 65625
83300 63800 59450 61125 65625
83400 63800 59450 61125 65625
83500 63800 59450 61125 65625
83600 63800 59450 61125 65625
83700 63800 59450 61125 65625
83800 63800 59425 61125 65650
83900 63800 59425 61125 65650
84000 63800 59425 61125 65650
84100 63800 59425 61125 65650
84200 63800 59425 61125 65650
84300 63800 59425 61125 65650
84400 63800 59425 61125 65650
84500 63800 59425 61125 65650
84600 63800 59425 61125 65650
84700 63800 59425 61125 65650
84800 63775 59425 61125 65675
84900 63775 59425 61125 65675
85000 63775 59400 61125 65700
85100 63775 59400 61125 65700
85200 63775 59400 61125 65700
85300 63775 59400 61125 65700
85400 63775 59400 61125 65700
85500 63775 59400 61150 65675
85600 63775 59400 61150 65675
85700 63775 59400 61150 65675
85800 63775 59400 61150 65675
85900 63775 59400 61150 65675
86000 63775 59375 61150 65700
86100 63775 59375 61150 65700
86200 63775 59375 61150 65700
86300 63775 59375 61150 65700
86400 63775 59375 61150 65700
86500 63775 59375 61150 65700
86600 63775 59375 61150 65700
86700 63775 59375 61150 65700
86800 63775 59375 61150 65700
86900 63775 59375 61150 65700
87000 63775 59350 61150 65725
87100 63775 59350 61150 65725
87200 63775 59350 61150 65725
87300 63775 59350 61150 65725
87400 63775 59350 61150 65725
87500 63775 59350 61150 65725
87600 63775 59350 61150 65725
87700 63800 59350 61150 65700
87800 63800 59325 61150 65725
87900 63825 59300 61150 65725
88000 63825 59300 61150 65725
88100 63825 59300 61150 65725
88200 63825 59300 61150 65725
88300 63800 59325 61150 65725
88400 63800 59325 61150 65725
88500 63800 59325 61150 65725
88600 63800 59325 61150 65725
88700 63800 59325 61150 65725
88800 63800 59325 61150 65725
88900 63800 59325 61150 65725
89000 63800 59325 61150 65725
89100 63775 59350 61150 65725
89200 63775 59350 61150 65725
89300 63775 59350 61150 65725
89400 63775 59350 61150 65725
89500 63775 59350 61150 65725
89600 63775 59350 61175 65700
89700 63775 59350 61175 65700
89800 63775 59350 61200 65675
89900 63775 59350 61200 65675
90000 63775 59350 61200 65675
90100 63775 59350 61200 65675
90200 63775 59350 61200 65675
90300 63775 59350 61200 65675
90400 63775 59350 61200 65675
90500 63775 59350 61200 65675
90600 63775 59350 61200 65675
90700 63775 59350 61200 65675
90800 63775 59350 61200 65675
90900 63775 59325 61225 65675
91000 63775 59325 61225 65675
91100 63775 59325 61225 65675
91200 63750 59350 61225 65675
91300 63750 59350 61225 65675
91400 63750 59350 61225 65675
91500 63750 59350 61250 65650
91600 63750 59350 61250 65650
91700 63750 59350 61250 65650
91800 63750 59350 61250 65650
91900 63750 59350 61250 65650
92000 63750 59350 61250 65650
92100 63750 59350 61250 65650
92200 63750 59350 61250 65650
92300 63750 59350 61250 65650
92400 63750 59350 61250 65650
92500 63750 59350 61250 65650
92600 63750 59350 61250 65650
92700 63750 59350 61250 65650
92800 63750 59350 61250 65650
92900 63750 59350 61250 65650
93000 63775 59350 61225 65650
93100 63775 59350 61225 65650
93200 63775 59350 61225 65650
93300 63775 59350 61225 65650
93400 63775 59350 61225 65650
93500 63775 59350 61225 65650
93600 63775 59350 61225 65650
93700 63775 59350 61225 65650
93800 63775 59350 61225 65650
93900 63775 59350 61225 65650
94000 63775 59350 61225 65650
94100 63775 59350 61225 65650
94200 63775 59350 61225 65650
94300 63800 59325 61225 65650
94400 63800 59325 61225 65650
94500 63800 59325 61225 65650
94600 63800 59325 61225 65650
94700 63800 59325 61225 65650
94800 63800 59325 61225 65650
94900 63800 59325 61225 65650
95000 63750 59325 61225 65700
95100 63750 59325 61225 65700
95200 63750 59325 61225 65700
95300 63750 59325 61225 65700
95400 63750 59325 61225 65700
95500 63750 59325 61225 65700
95600 63750 59325 61225 65700
95700 63750 59325 61225 65700
95800 63750 59325 61225 65700
95900 63750 59325 61225 65700
96000 63750 59325 61225 65700
96100 63750 59325 61225 65700
96200 63750 59325 61225 65700
96300 63750 59325 61225 65700
96400 63750 59325 61225 65700
96500 63750 59325 61225 65700
96600 63775 59300 61225 65700
96700 63775 59300 61225 65700
96800 63775 59300 61225 65700
96900 63775 59300 61225 65700
97000 63775 59300 61225 65700
97100 63775 59300 61225 65700
97200 63775 59300 61225 65700
97300 63775 59300 61225 65700
97400 63775 59300 61225 65700
97500 63775 59300 61225 65700
97600 63775 59300 61225 65700
97700 63750 59325 61225 65700
97800 63750 59325 61225 65700
97900 63750 59325 61225 65700
98000 63750 59325 61225 65700
98100 63750 59325 61225 65700
98200 63750 59325 61225 65700
98300 63750 59325 61225 65700
98400 63750 59325 61225 65700
98500 63750 59325 61225 65700
98600 63750 59325 61225 65700
98700 63750 59325 61225 65700
98800 63750 59325 61225 65700
98900 63750 59325 61250 65675
99000 63750 59325 61250 65675
99100 63750 59325 61250 65675
99200 63750 59325 61250 65675
99300 63750 59350 61225 65675
99400 63750 59350 61225 65675
99500 63750 59350 61225 65675
99600 63750 59350 61225 65675
99700 63750 59350 61225 65675
99800 63750 59350 61225 65675
99900 63750 59350 61225 65675
100000 63750 59350 61225 65675
