# gr0gr1_gb gr0gr2_gb gr0gr3_gb gr1gr2_gb gr1gr3_gb gr2gr3_gb total (total2 if different)
1340 1310 135 130 75 80 2850 3070
1360 1310 145 170 75 90 2825 3150
1340 1270 165 180 85 90 2820 3130
1360 1260 165 180 90 100 2845 3155
1360 1225 165 180 95 100 2815 3125
1330 1225 175 180 105 100 2810 3115
1330 1235 175 180 105 100 2815 3125
1335 1225 190 180 105 100 2800 3135
1345 1225 190 180 105 100 2830 3145
1325 1225 190 180 110 100 2850 3130
1325 1215 200 180 115 100 2885 3135
1330 1215 200 180 115 100 2875 3140
1345 1225 200 200 115 110 2905 3195
1335 1235 210 200 115 110 2930 3205
1335 1245 250 310 120 120 3100 3380
1350 1275 275 315 125 170 3205 3510
1340 1270 280 320 125 170 3200 3505
1335 1265 280 350 125 180 3200 3535
1320 1250 285 370 125 190 3195 3540
1320 1240 305 370 125 190 3205 3550
1345 1230 305 380 125 190 3220 3575
1350 1205 305 380 125 200 3205 3565
1325 1215 310 500 125 200 3320 3675
1320 1215 310 500 125 200 3330 3670
1315 1205 310 500 130 200 3330 3660
1315 1215 315 500 140 200 3340 3685
1330 1215 320 500 140 210 3370 3715
1335 1220 325 510 145 210 3405 3745
1340 1225 340 600 155 210 3575 3870
1330 1220 340 770 1030 210 4625 4900
1305 1220 360 860 1055 250 4775 5050
1300 1245 370 860 1060 260 4805 5095
1310 1240 380 860 1060 270 4790 5120
1320 1230 380 860 1060 280 4805 5130
1320 1215 380 860 1065 280 4790 5120
1330 1210 380 870 1065 280 4795 5135
1310 1195 380 870 1065 280 4765 5100
1305 1180 375 880 1060 280 4765 5080
1295 1180 370 885 1065 280 4755 5075
1310 1175 375 890 1065 280 4785 5095
1315 1185 370 890 1065 280 4790 5105
1310 1180 380 900 1065 280 4810 5115
1310 1185 385 900 1065 280 4820 5125
1305 1190 385 990 1085 290 4910 5245
1295 1185 385 1015 1085 290 4895 5255
1295 1185 390 1015 1080 290 4890 5255
1305 1190 395 1015 1080 290 4915 5275
1305 1200 395 1020 1080 300 4945 5300
1325 1220 395 1020 1080 300 4980 5340
1325 1210 395 1020 1080 300 4960 5330
1325 1200 395 1020 1080 300 4965 5320
1325 1190 395 1020 1085 300 4970 5315
1310 1175 395 1020 1085 300 4955 5285
1305 1150 395 1020 1085 300 4950 5255
1290 1120 395 1020 1090 300 4905 5215
1290 1135 415 1030 1090 300 4900 5260
1305 1145 415 1040 1090 300 4920 5295
1310 1155 415 1035 1090 300 4925 5305
1320 1155 415 1030 1090 300 4935 5310
1315 1160 415 1030 1090 310 4935 5320
1305 1160 415 1030 1090 310 4935 5310
1295 1155 415 1030 1095 310 4935 5300
1280 1165 415 1030 1095 310 4935 5295
1280 1165 415 1030 1100 310 4945 5300
1275 1170 415 1030 1100 310 4955 5300
1260 1175 415 1030 1105 310 4985 5295
1265 1195 415 1030 1105 310 5045 5320
1280 1200 415 1030 1105 310 5075 5340
1285 1190 415 1045 1105 310 5050 5350
1300 1180 415 1060 1105 320 5035 5380
1300 1170 415 1060 1105 320 5035 5370
1295 1160 415 1060 1105 330 5020 5365
1300 1145 415 1060 1105 330 5010 5355
1295 1125 415 1065 1110 330 4975 5340
1285 1105 425 1070 1110 330 4940 5325
1275 1105 425 1070 1110 330 4940 5315
1265 1100 425 1070 1110 330 4945 5300
1260 1105 425 1080 1110 340 4940 5320
1265 1105 425 1080 1110 340 4945 5325
1265 1110 425 1080 1110 340 4945 5330
1275 1115 425 1080 1110 340 4955 5345
1285 1125 425 1080 1110 340 4970 5365
1290 1130 425 1085 1110 340 4985 5380
1295 1135 435 1090 1110 340 4990 5405
1300 1135 435 1090 1110 340 5010 5410
1290 1160 435 1100 1110 340 5010 5435
1290 1170 435 1100 1110 340 5030 5445
1280 1205 435 1100 1110 340 5080 5470
1280 1195 440 1105 1110 340 5090 5470
1280 1190 445 1105 1110 340 5085 5470
1265 1180 445 1110 1110 340 5065 5450
1265 1170 445 1105 1110 340 5050 5435
1260 1160 445 1105 1110 340 5040 5420
1265 1145 445 1115 1110 350 5055 5430
1265 1130 445 1115 1110 360 5050 5425
1245 1090 445 1115 1110 360 5020 5365
1235 1085 450 1195 1110 370 5095 5445
1235 1085 465 1205 1110 380 5130 5480
1225 1085 475 1205 1110 380 5125 5480
1230 1085 475 1205 1110 390 5145 5495
1230 1085 480 1205 1110 390 5155 5500
1240 1085 480 1205 1110 390 5165 5510
1235 1095 480 1225 1120 390 5160 5545
1240 1100 480 1225 1125 390 5160 5560
1250 1110 480 1225 1125 390 5170 5580
1260 1125 480 1230 1125 390 5185 5610
1250 1130 480 1230 1125 390 5190 5605
1255 1130 480 1230 1125 390 5200 5610
1255 1145 480 1240 1125 400 5205 5645
1250 1155 475 1240 1120 400 5210 5640
1235 1165 475 1240 1120 400 5240 5635
1230 1190 475 1255 1120 400 5290 5670
1235 1185 475 1260 1120 400 5280 5675
1245 1175 475 1260 1120 400 5305 5675
1240 1165 475 1260 1120 400 5300 5660
1235 1155 475 1260 1120 400 5295 5645
1240 1145 475 1260 1120 400 5280 5640
1250 1135 475 1260 1120 400 5265 5640
1245 1120 475 1260 1120 400 5235 5620
1250 1110 475 1260 1130 400 5215 5625
1250 1075 475 1265 1130 400 5170 5595
1255 1075 475 1270 1130 400 5165 5605
1250 1075 475 1270 1130 400 5160 5600
1255 1085 475 1270 1130 410 5165 5625
1250 1085 475 1270 1130 410 5185 5620
1240 1090 485 1270 1130 410 5190 5625
1245 1085 485 1270 1130 410 5205 5625
1250 1085 485 1270 1130 410 5215 5630
1240 1085 485 1270 1130 410 5205 5620
1250 1085 485 1270 1135 410 5220 5635
1240 1080 485 1270 1135 410 5200 5620
1245 1080 485 1280 1135 410 5230 5635
1240 1100 490 1290 1130 410 5230 5660
1245 1105 495 1295 1130 410 5230 5680
1245 1115 500 1300 1130 410 5240 5700
1240 1125 500 1300 1130 410 5245 5705
1250 1135 500 1300 1130 410 5260 5725
1245 1155 500 1300 1130 410 5275 5740
1235 1190 495 1300 1125 410 5320 5755
1235 1190 495 1300 1125 410 5330 5755
1220 1190 495 1300 1125 410 5310 5740
1225 1185 495 1300 1125 410 5320 5740
1225 1180 495 1300 1125 410 5315 5735
1230 1170 495 1300 1125 410 5320 5730
1230 1155 495 1300 1125 410 5325 5715
1230 1145 495 1300 1125 420 5320 5715
1230 1135 495 1300 1125 420 5295 5705
1235 1125 495 1300 1125 420 5285 5700
1235 1110 495 1300 1125 420 5255 5685
1235 1090 495 1300 1125 420 5235 5665
1245 1080 495 1305 1125 420 5230 5670
1225 1080 490 1310 1120 420 5215 5645
1225 1075 490 1310 1120 420 5220 5640
1230 1075 490 1310 1120 420 5220 5645
1220 1075 490 1310 1120 420 5215 5635
1225 1075 490 1310 1120 420 5225 5640
1220 1075 490 1310 1120 420 5225 5635
1210 1075 490 1310 1120 420 5220 5625
1210 1085 490 1310 1120 420 5225 5635
1210 1085 490 1310 1120 420 5225 5635
1215 1085 490 1320 1120 420 5240 5650
1215 1085 490 1320 1120 420 5240 5650
1220 1085 490 1330 1120 420 5270 5665
1220 1085 490 1390 1120 420 5330 5725
1225 1085 490 1390 1120 420 5330 5730
1230 1100 490 1400 1120 420 5330 5760
1235 1105 490 1400 1120 420 5335 5770
1240 1115 490 1400 1120 420 5340 5785
1240 1125 480 1400 1120 410 5350 5775
1230 1135 480 1400 1120 410 5350 5775
1215 1155 480 1410 1120 410 5365 5790
1220 1200 480 1415 1120 410 5405 5845
1210 1195 480 1420 1120 410 5410 5835
1210 1190 480 1430 1120 410 5420 5840
1210 1190 480 1430 1120 410 5420 5840
1200 1185 480 1430 1120 410 5415 5825
1190 1180 480 1430 1120 410 5415 5810
1190 1180 480 1440 1120 410 5425 5820
1200 1170 480 1440 1120 410 5445 5820
1200 1160 480 1440 1120 410 5445 5810
1195 1150 480 1440 1120 410 5440 5795
1195 1140 480 1440 1120 410 5440 5785
1195 1130 480 1440 1120 410 5425 5775
1200 1120 480 1445 1120 410 5410 5775
1210 1100 480 1455 1120 410 5395 5775
1210 1075 480 1455 1120 410 5365 5750
1215 1075 480 1455 1120 410 5370 5755
1220 1075 480 1460 1125 410 5365 5770
1225 1075 485 1465 1125 410 5365 5785
1220 1075 485 1465 1125 410 5355 5780
1220 1075 485 1470 1125 410 5355 5785
1220 1075 485 1470 1125 410 5365 5785
1215 1075 485 1470 1125 410 5360 5780
1215 1075 485 1470 1125 410 5370 5780
1210 1075 485 1470 1130 410 5360 5780
1210 1085 485 1470 1130 410 5360 5790
1205 1080 485 1470 1130 410 5360 5780
1205 1080 485 1470 1130 410 5375 5780
1200 1075 485 1470 1130 410 5380 5770
1195 1075 485 1470 1130 410 5380 5765
1205 1075 485 1470 1130 410 5390 5775
1205 1075 490 1470 1130 410 5390 5780
1205 1075 490 1470 1130 410 5390 5780
1205 1075 490 1470 1130 410 5390 5780
1205 1070 490 1470 1130 410 5390 5775
1195 1065 490 1470 1130 410 5395 5760
1200 1065 490 1470 1130 410 5395 5765
1210 1075 490 1470 1130 410 5400 5785
1210 1085 490 1475 1130 410 5400 5800
1215 1105 490 1490 1130 410 5405 5840
1215 1115 490 1490 1130 410 5405 5850
1210 1150 490 1495 1130 420 5435 5895
1205 1190 490 1495 1130 420 5480 5930
1210 1190 490 1505 1135 420 5490 5950
1210 1190 490 1565 1135 430 5550 6020
1210 1190 490 1565 1135 430 5550 6020
1210 1190 490 1565 1135 430 5550 6020
1190 1180 490 1565 1135 430 5545 5990
1185 1180 490 1565 1135 430 5540 5985
1185 1180 490 1565 1135 430 5545 5985
1175 1180 490 1565 1135 430 5545 5975
1165 1180 490 1565 1135 430 5545 5965
1160 1170 495 1565 1135 430 5550 5955
1165 1170 495 1565 1135 430 5565 5960
1165 1160 495 1575 1145 440 5580 5980
1170 1150 500 1575 1145 440 5575 5980
1170 1140 500 1575 1150 440 5570 5975
1175 1130 500 1575 1150 440 5575 5970
1185 1120 500 1575 1150 440 5565 5970
1180 1110 500 1575 1150 440 5545 5955
1180 1090 500 1575 1150 440 5540 5935
1185 1075 500 1575 1150 440 5530 5925
1195 1075 500 1575 1155 440 5540 5940
1200 1075 500 1575 1155 440 5535 5945
1205 1075 500 1580 1155 440 5520 5955
1210 1075 500 1580 1165 450 5525 5980
1205 1075 500 1580 1165 450 5540 5975
1200 1075 500 1580 1170 450 5545 5975
1200 1070 500 1580 1180 450 5560 5980
1195 1070 500 1580 1180 450 5560 5975
1190 1065 500 1580 1180 450 5565 5965
1185 1065 500 1580 1180 450 5560 5960
1190 1065 500 1580 1180 450 5565 5965
1185 1065 500 1580 1180 450 5560 5960
1185 1065 500 1580 1180 450 5560 5960
1185 1065 500 1580 1180 450 5560 5960
1180 1065 500 1580 1180 450 5565 5955
1175 1065 500 1580 1180 450 5560 5950
1175 1065 500 1580 1180 450 5560 5950
1175 1065 500 1575 1180 450 5560 5945
1170 1065 500 1575 1180 450 5560 5940
1170 1065 500 1575 1180 450 5575 5940
1150 1065 500 1575 1180 450 5560 5920
1160 1065 500 1575 1195 450 5555 5945
1155 1065 500 1575 1195 450 5555 5940
1155 1065 500 1575 1195 450 5555 5940
1155 1065 500 1575 1195 450 5555 5940
1160 1070 500 1580 1195 450 5560 5955
1160 1070 500 1580 1200 450 5565 5960
1160 1075 500 1585 1200 450 5565 5970
1160 1075 500 1585 1200 450 5570 5970
1160 1075 500 1585 1205 460 5575 5985
1165 1075 500 1580 1205 460 5590 5985
1175 1095 500 1590 1205 460 5605 6025
1170 1105 500 1600 1205 460 5625 6040
1185 1125 500 1600 1205 460 5650 6075
1205 1150 500 1660 1220 460 5750 6195
1210 1185 500 1670 1220 460 5795 6245
1215 1190 500 1670 1220 460 5790 6255
1210 1185 500 1670 1220 460 5795 6245
1210 1180 500 1675 1220 460 5795 6245
1220 1180 500 1685 1225 460 5800 6270
1220 1180 500 1685 1230 460 5800 6275
1220 1185 500 1690 1230 460 5800 6285
1210 1185 500 1695 1240 460 5805 6290
1205 1180 500 1695 1240 460 5805 6280
1205 1180 500 1695 1245 460 5820 6285
1210 1180 500 1700 1260 460 5840 6310
1205 1180 500 1700 1260 460 5845 6305
1205 1180 500 1700 1300 460 5900 6345
1205 1180 500 1700 1940 460 6530 6985
1195 1175 500 1700 1950 460 6530 6980
1185 1170 505 1700 1960 460 6525 6980
1180 1170 505 1700 1965 460 6525 6980
1175 1170 505 1700 1970 460 6525 6980
1155 1170 505 1700 1970 460 6525 6960
1150 1165 505 1700 1980 460 6515 6960
1135 1160 505 1700 1980 460 6505 6940
1135 1150 505 1700 1980 460 6510 6930
1140 1140 510 1700 1980 470 6520 6940
1140 1130 510 1700 1985 470 6535 6935
1145 1120 510 1700 1985 470 6545 6930
1145 1115 510 1700 1990 470 6550 6930
1145 1105 510 1700 1990 470 6530 6920
1145 1090 510 1700 1990 470 6500 6905
1145 1075 510 1700 1990 480 6485 6900
1150 1075 510 1700 1990 480 6490 6905
1155 1075 510 1700 1990 480 6495 6910
1155 1075 510 1700 2000 480 6495 6920
1155 1075 510 1700 2000 480 6485 6920
1155 1075 510 1700 2000 480 6485 6920
1155 1075 510 1700 2000 480 6485 6920
1165 1075 510 1700 2000 480 6495 6930
1160 1075 505 1700 2000 480 6495 6920
1160 1075 505 1700 2000 480 6495 6920
1165 1075 505 1700 2000 480 6500 6925
1170 1075 505 1700 2000 480 6500 6930
1175 1075 505 1700 2000 480 6505 6935
1185 1075 505 1705 2000 480 6515 6950
1195 1075 505 1705 2000 480 6520 6960
1215 1075 505 1705 2000 480 6535 6980
1220 1075 505 1710 2000 480 6540 6990
1225 1075 505 1710 2005 480 6545 7000
1235 1075 505 1710 2005 480 6550 7010
1245 1075 505 1710 2005 480 6560 7020
1245 1075 505 1710 2005 480 6560 7020
1245 1075 505 1710 2005 480 6560 7020
1245 1075 505 1710 2005 480 6560 7020
1240 1075 500 1710 2005 480 6555 7010
1240 1075 500 1710 2010 480 6555 7015
1240 1075 500 1720 2010 480 6555 7025
1240 1075 500 1720 2010 480 6560 7025
1240 1075 500 1720 2010 480 6560 7025
1240 1075 500 1720 2010 480 6560 7025
1240 1075 500 1720 2010 480 6560 7025
1240 1075 500 1720 2010 480 6555 7025
1240 1075 500 1720 2010 480 6555 7025
1240 1075 500 1720 2010 480 6555 7025
1240 1075 500 1720 2010 480 6555 7025
1240 1075 500 1720 2010 480 6555 7025
1240 1075 500 1720 2010 480 6555 7025
1240 1075 500 1720 2010 480 6555 7025
1235 1070 500 1720 2020 480 6560 7025
1235 1070 500 1720 2020 480 6565 7025
1230 1065 500 1720 2020 480 6565 7015
1230 1065 500 1720 2020 480 6565 7015
1225 1065 500 1720 2020 480 6565 7010
1225 1065 500 1720 2020 480 6565 7010
1225 1065 500 1720 2020 480 6560 7010
1225 1065 500 1720 2030 490 6560 7030
1215 1065 500 1720 2030 490 6560 7020
1210 1065 500 1720 2030 490 6560 7015
1205 1065 500 1720 2030 490 6560 7010
1205 1065 500 1720 2030 490 6560 7010
1180 1055 500 1720 2030 490 6560 6975
1180 1055 500 1720 2030 490 6550 6975
1175 1055 500 1720 2030 490 6550 6970
1170 1055 500 1720 2030 490 6545 6965
1160 1075 500 1720 2030 490 6545 6975
1140 1085 500 1720 2030 490 6530 6965
1125 1105 500 1720 2030 490 6545 6970
1120 1150 500 1720 2030 490 6575 7010
1110 1150 495 1720 2030 490 6570 6995
1115 1160 495 1735 2030 490 6565 7025
1100 1160 495 1735 2030 490 6550 7010
1100 1160 495 1740 2030 490 6545 7015
1100 1160 495 1740 2030 490 6540 7015
1100 1160 495 1740 2030 490 6540 7015
1105 1160 500 1740 2030 500 6540 7035
1105 1160 500 1740 2030 500 6545 7035
1110 1160 500 1740 2030 500 6550 7040
1110 1160 500 1740 2030 500 6550 7040
1110 1160 500 1740 2030 500 6555 7040
1115 1160 500 1740 2030 500 6565 7045
1115 1160 500 1740 2030 500 6570 7045
1120 1160 500 1740 2030 500 6570 7050
1120 1160 500 1740 2030 500 6570 7050
1120 1160 500 1740 2030 500 6575 7050
1125 1160 505 1740 2030 500 6575 7060
1125 1160 505 1740 2030 500 6575 7060
1130 1160 505 1740 2030 500 6580 7065
1130 1160 505 1740 2030 500 6580 7065
1130 1155 505 1740 2030 500 6585 7060
1125 1150 505 1740 2030 500 6585 7050
1125 1150 505 1740 2030 500 6590 7050
1125 1150 505 1740 2030 500 6590 7050
1130 1150 505 1740 2030 500 6595 7055
1135 1150 505 1740 2030 500 6600 7060
1135 1150 505 1740 2030 500 6600 7060
1135 1150 505 1740 2030 500 6600 7060
1135 1150 505 1740 2030 500 6600 7060
1145 1150 505 1740 2030 500 6610 7070
1145 1150 505 1740 2030 500 6610 7070
1145 1150 505 1740 2030 500 6610 7070
1140 1150 505 1740 2030 500 6610 7065
1140 1150 505 1740 2030 500 6610 7065
1150 1150 505 1740 2030 500 6620 7075
1150 1150 505 1740 2030 500 6620 7075
1145 1150 505 1740 2030 500 6620 7070
1145 1150 505 1740 2030 500 6620 7070
1145 1150 505 1740 2030 500 6620 7070
1155 1150 505 1740 2030 500 6630 7080
1150 1145 505 1740 2030 500 6630 7070
1145 1140 505 1740 2030 500 6630 7060
1145 1140 505 1740 2030 500 6630 7060
1145 1140 505 1740 2030 500 6630 7060
1145 1140 505 1750 2030 500 6640 7070
1155 1140 505 1750 2030 500 6650 7080
1155 1140 505 1750 2030 500 6665 7080
1155 1135 505 1760 2030 500 6665 7085
1155 1130 505 1760 2030 500 6665 7080
1155 1120 505 1760 2030 500 6665 7070
1150 1110 505 1800 2030 500 6705 7095
1155 1110 505 1800 2030 500 6710 7100
1160 1100 505 1800 2030 500 6715 7095
1160 1100 505 1800 2030 500 6715 7095
1160 1090 505 1800 2030 500 6715 7085
1155 1090 505 1800 2030 500 6715 7080
1155 1080 505 1800 2030 500 6700 7070
1155 1070 505 1800 2035 500 6695 7065
1155 1060 505 1800 2035 500 6675 7055
1160 1055 505 1800 2035 500 6670 7055
1160 1055 505 1800 2035 500 6670 7055
1160 1055 505 1800 2035 500 6675 7055
1160 1055 505 1800 2035 500 6685 7055
1160 1055 505 1810 2035 500 6680 7065
1160 1055 505 1810 2035 500 6680 7065
1160 1055 505 1810 2035 500 6680 7065
1160 1055 505 1810 2035 500 6680 7065
1160 1055 505 1810 2035 500 6680 7065
1155 1055 505 1810 2035 500 6665 7060
1155 1055 505 1820 2035 500 6675 7070
1155 1055 505 1820 2035 500 6670 7070
1160 1055 505 1820 2035 500 6675 7075
1165 1055 505 1820 2035 500 6675 7080
1165 1055 505 1820 2035 500 6675 7080
1160 1055 505 1820 2035 500 6670 7075
1160 1055 505 1820 2035 500 6665 7075
1160 1055 505 1820 2035 500 6665 7075
1160 1055 505 1820 2035 500 6665 7075
1160 1055 505 1820 2035 500 6665 7075
1160 1055 505 1820 2035 500 6665 7075
1160 1055 505 1820 2035 500 6660 7075
1160 1055 505 1820 2035 500 6660 7075
1155 1055 505 1820 2035 500 6660 7070
1155 1055 505 1820 2035 500 6660 7070
1155 1055 505 1825 2035 500 6660 7075
1155 1055 505 1825 2035 500 6660 7075
1155 1055 505 1825 2035 500 6660 7075
1155 1055 505 1825 2035 500 6660 7075
1160 1055 505 1825 2035 500 6660 7080
1155 1055 505 1825 2035 500 6655 7075
1155 1055 505 1825 2035 500 6655 7075
1155 1055 505 1825 2035 500 6655 7075
1155 1055 505 1825 2035 500 6655 7075
1155 1055 505 1825 2035 500 6655 7075
1155 1055 505 1825 2035 500 6655 7075
1155 1055 505 1825 2035 500 6655 7075
1155 1055 505 1835 2035 500 6655 7085
1155 1055 505 1835 2035 500 6655 7085
1155 1055 505 1835 2035 500 6655 7085
1155 1055 505 1835 2045 500 6650 7095
1155 1060 505 1835 2045 500 6650 7100
1155 1060 505 1835 2045 500 6650 7100
1155 1060 505 1835 2045 500 6650 7100
1155 1060 505 1835 2045 500 6655 7100
1155 1060 505 1840 2045 500 6655 7105
1155 1060 505 1840 2045 500 6645 7105
1155 1060 505 1840 2045 500 6645 7105
1150 1060 505 1840 2045 500 6640 7100
1150 1060 505 1840 2045 500 6650 7100
1150 1060 505 1840 2045 500 6650 7100
1150 1060 505 1840 2045 500 6650 7100
1150 1060 505 1840 2045 500 6650 7100
1150 1065 505 1840 2050 500 6650 7110
1150 1065 505 1840 2050 500 6650 7110
1155 1065 505 1840 2050 500 6650 7115
1155 1065 505 1840 2050 500 6655 7115
1155 1065 505 1840 2050 500 6655 7115
1155 1065 505 1840 2050 500 6655 7115
1155 1065 505 1840 2050 500 6655 7115
1150 1065 500 1840 2050 500 6650 7105
1150 1065 500 1840 2050 500 6650 7105
1150 1065 500 1840 2050 500 6655 7105
1150 1065 500 1840 2050 500 6655 7105
1155 1065 500 1840 2050 500 6655 7110
1155 1065 500 1840 2050 500 6660 7110
1155 1065 500 1840 2050 500 6660 7110
1155 1065 500 1840 2050 500 6660 7110
1160 1065 500 1840 2050 500 6660 7115
1160 1065 500 1845 2050 500 6660 7120
1150 1060 500 1845 2050 500 6655 7105
1150 1060 500 1845 2050 500 6655 7105
1150 1060 500 1845 2050 500 6655 7105
1150 1060 500 1845 2050 500 6655 7105
1150 1060 500 1845 2050 500 6655 7105
1150 1060 500 1845 2050 500 6650 7105
1145 1055 500 1845 2050 500 6650 7095
1145 1055 500 1845 2050 500 6650 7095
1145 1055 500 1845 2050 500 6650 7095
1145 1055 500 1845 2050 500 6650 7095
1150 1055 500 1845 2050 500 6655 7100
1150 1055 500 1845 2050 500 6660 7100
1150 1055 500 1845 2050 500 6665 7100
1145 1055 500 1845 2050 500 6665 7095
1145 1055 500 1845 2050 500 6665 7095
1145 1055 500 1845 2050 500 6665 7095
1145 1055 500 1845 2050 500 6665 7095
1150 1055 500 1845 2050 500 6665 7100
1150 1055 500 1845 2050 500 6670 7100
1150 1055 500 1845 2050 500 6670 7100
1150 1055 500 1845 2050 500 6670 7100
1150 1055 500 1845 2050 500 6670 7100
1150 1055 500 1845 2050 500 6670 7100
1145 1055 500 1845 2050 500 6665 7095
1145 1055 500 1845 2050 500 6665 7095
1145 1055 500 1845 2050 500 6665 7095
1145 1055 500 1845 2050 500 6665 7095
1145 1055 500 1845 2050 500 6670 7095
1145 1055 500 1845 2050 500 6670 7095
1150 1055 500 1845 2050 500 6670 7100
1150 1055 500 1845 2050 500 6670 7100
1150 1055 500 1845 2050 500 6670 7100
1150 1055 500 1845 2050 500 6670 7100
1150 1055 500 1845 2050 500 6675 7100
1155 1055 500 1845 2050 500 6675 7105
1150 1055 500 1845 2050 500 6670 7100
1150 1055 500 1845 2050 500 6670 7100
1150 1055 500 1845 2050 500 6670 7100
1150 1055 500 1845 2050 500 6665 7100
1150 1055 500 1845 2050 500 6665 7100
1150 1055 500 1845 2050 500 6665 7100
1150 1055 500 1845 2050 500 6665 7100
1150 1055 500 1845 2050 500 6660 7100
1155 1055 500 1845 2050 500 6660 7105
1155 1055 500 1845 2050 500 6660 7105
1150 1055 500 1845 2050 500 6655 7100
1150 1055 500 1845 2050 500 6655 7100
1155 1055 500 1845 2050 500 6660 7105
1155 1055 500 1845 2050 500 6660 7105
1155 1055 500 1845 2050 500 6660 7105
1155 1055 500 1845 2050 500 6670 7105
1155 1055 500 1845 2050 500 6680 7105
1155 1060 500 1850 2050 500 6675 7115
1155 1060 500 1850 2050 500 6675 7115
1150 1060 500 1850 2050 500 6670 7110
1150 1060 500 1850 2050 500 6675 7110
1150 1065 500 1855 2050 500 6675 7120
1145 1065 500 1855 2050 500 6675 7115
1145 1065 500 1855 2050 500 6675 7115
1150 1065 500 1855 2050 500 6680 7120
1150 1065 500 1855 2050 500 6685 7120
1150 1065 500 1855 2050 500 6685 7120
1150 1065 500 1845 2050 500 6685 7110
1145 1065 500 1845 2050 500 6680 7105
1145 1065 500 1845 2050 500 6690 7105
1145 1085 500 1845 2050 500 6690 7125
1150 1105 500 1845 2050 500 6715 7150
1145 1150 500 1845 2050 500 6740 7190
1145 1160 500 1855 2050 500 6740 7210
1145 1160 500 1855 2050 500 6740 7210
1140 1160 500 1855 2050 500 6740 7205
1140 1160 500 1855 2050 500 6740 7205
1140 1160 500 1855 2050 500 6740 7205
1140 1160 500 1855 2050 500 6735 7205
1140 1160 500 1855 2050 500 6730 7205
1140 1160 500 1865 2050 510 6730 7225
1140 1160 500 1865 2050 510 6725 7225
1140 1160 500 1865 2050 510 6725 7225
1140 1160 500 1865 2050 510 6725 7225
1140 1160 500 1865 2050 510 6725 7225
1140 1160 500 1865 2050 510 6730 7225
1135 1160 500 1865 2050 510 6720 7220
1135 1160 500 1865 2050 510 6720 7220
1135 1160 500 1865 2050 510 6720 7220
1130 1160 500 1865 2050 510 6720 7215
1135 1160 500 1865 2050 510 6720 7220
1135 1160 500 1865 2050 510 6720 7220
1135 1160 500 1865 2050 510 6720 7220
1135 1160 500 1865 2050 510 6720 7220
1125 1160 495 1865 2050 510 6715 7205
1125 1160 495 1865 2050 510 6720 7205
1125 1160 495 1860 2050 510 6730 7200
1125 1160 495 1860 2050 510 6730 7200
1120 1155 495 1860 2050 510 6730 7190
1125 1155 495 1860 2050 510 6730 7195
1120 1150 495 1860 2050 510 6730 7185
1120 1150 495 1860 2050 510 6730 7185
1120 1150 495 1860 2050 505 6730 7180
1125 1150 495 1860 2050 505 6735 7185
1120 1150 495 1860 2050 505 6730 7180
1125 1150 495 1860 2050 505 6730 7185
1125 1150 495 1860 2050 505 6735 7185
1125 1150 495 1860 2050 505 6735 7185
1125 1150 495 1860 2050 505 6735 7185
1125 1150 495 1860 2050 505 6735 7185
1125 1150 495 1860 2050 505 6735 7185
1120 1150 490 1860 2050 505 6735 7175
1115 1150 490 1860 2050 505 6735 7170
1115 1150 490 1860 2050 505 6735 7170
1115 1150 490 1860 2050 505 6730 7170
1120 1150 490 1865 2050 505 6730 7180
1120 1150 490 1865 2050 505 6735 7180
1120 1150 495 1865 2050 505 6735 7185
1120 1150 495 1865 2050 500 6735 7180
1120 1150 495 1865 2050 500 6735 7180
1120 1150 495 1865 2050 500 6740 7180
1120 1150 495 1865 2050 500 6740 7180
1120 1150 495 1865 2050 500 6740 7180
1120 1150 495 1865 2050 500 6740 7180
1120 1150 495 1865 2050 500 6740 7180
1115 1150 495 1865 2050 500 6740 7175
1115 1150 495 1865 2050 500 6740 7175
1120 1150 495 1870 2050 500 6740 7185
1120 1150 495 1870 2050 500 6740 7185
1120 1150 495 1870 2050 500 6740 7185
1120 1150 495 1870 2050 500 6740 7185
1120 1150 495 1870 2050 500 6740 7185
1120 1150 495 1870 2050 500 6740 7185
1125 1150 495 1870 2050 500 6745 7190
1120 1150 495 1870 2050 500 6740 7185
1120 1150 495 1870 2050 500 6740 7185
1125 1155 495 1880 2050 500 6740 7205
1125 1155 495 1880 2050 500 6740 7205
1130 1155 495 1880 2050 500 6740 7210
1130 1155 495 1880 2050 500 6740 7210
1130 1155 495 1885 2050 500 6745 7215
1130 1155 495 1885 2050 500 6745 7215
1130 1155 495 1885 2050 500 6745 7215
1130 1160 495 1890 2050 500 6745 7225
1130 1160 495 1895 2050 500 6750 7230
1130 1160 495 1895 2050 500 6750 7230
1130 1160 495 1895 2050 500 6750 7230
1125 1155 495 1895 2050 500 6750 7220
1125 1155 495 1895 2050 500 6750 7220
1125 1155 495 1895 2050 500 6750 7220
1125 1155 495 1895 2050 500 6750 7220
1125 1155 495 1895 2050 500 6750 7220
1130 1155 495 1895 2050 500 6750 7225
1130 1155 495 1895 2050 500 6750 7225
1130 1155 495 1895 2050 500 6750 7225
1130 1155 495 1895 2050 500 6750 7225
1130 1155 495 1895 2050 500 6750 7225
1130 1155 495 1895 2050 500 6750 7225
1130 1155 495 1900 2050 500 6750 7230
1130 1155 495 1900 2050 500 6750 7230
1130 1155 495 1900 2050 500 6750 7230
1130 1155 495 1900 2050 500 6750 7230
1130 1155 495 1900 2050 500 6750 7230
1125 1150 495 1900 2050 500 6750 7220
1125 1150 495 1900 2050 500 6750 7220
1125 1150 495 1900 2050 500 6750 7220
1125 1150 495 1900 2050 500 6750 7220
1125 1150 495 1900 2050 500 6750 7220
1125 1150 495 1900 2050 500 6750 7220
1125 1150 495 1900 2050 500 6750 7220
1125 1150 495 1900 2050 500 6750 7220
1125 1150 495 1900 2050 500 6750 7220
1125 1150 495 1900 2050 500 6750 7220
1125 1150 495 1900 2050 500 6750 7220
1125 1150 495 1900 2050 500 6750 7220
1125 1150 495 1900 2050 500 6750 7220
1125 1150 495 1900 2050 500 6750 7220
1120 1150 495 1900 2050 500 6750 7215
1120 1150 495 1900 2050 500 6750 7215
1120 1150 495 1900 2050 500 6750 7215
1120 1150 495 1900 2050 500 6750 7215
1120 1150 495 1900 2050 500 6750 7215
1120 1150 495 1900 2050 500 6750 7215
1120 1150 495 1900 2050 500 6750 7215
1120 1150 495 1900 2050 500 6750 7215
1120 1150 495 1900 2050 500 6750 7215
1120 1150 495 1900 2050 500 6750 7215
1120 1150 495 1900 2050 500 6750 7215
1120 1150 495 1900 2050 500 6750 7215
1120 1150 495 1900 2050 500 6750 7215
1120 1150 495 1900 2050 500 6750 7215
1120 1150 495 1900 2050 500 6750 7215
1120 1150 495 1900 2050 500 6750 7215
1120 1150 495 1900 2050 500 6750 7215
1120 1150 495 1900 2050 500 6750 7215
1120 1150 495 1900 2050 500 6750 7215
1120 1150 495 1900 2050 500 6750 7215
1120 1150 495 1900 2050 500 6750 7215
1120 1150 495 1900 2050 500 6750 7215
1120 1150 495 1900 2050 500 6750 7215
1120 1150 495 1900 2050 500 6750 7215
1120 1150 495 1900 2050 500 6750 7215
1120 1150 495 1900 2050 500 6750 7215
1120 1150 495 1900 2050 500 6750 7215
1120 1150 495 1900 2050 500 6750 7215
1120 1150 495 1900 2050 500 6750 7215
1120 1150 495 1900 2050 500 6750 7215
1120 1150 495 1900 2050 500 6750 7215
1120 1150 495 1900 2050 500 6750 7215
1120 1150 495 1900 2050 500 6750 7215
1120 1150 495 1900 2050 500 6750 7215
1120 1150 495 1900 2050 500 6750 7215
1120 1150 495 1900 2050 500 6750 7215
1120 1150 495 1900 2050 500 6750 7215
1120 1150 495 1900 2050 500 6750 7215
1120 1150 495 1900 2050 500 6750 7215
1120 1150 495 1900 2050 500 6750 7215
1115 1150 495 1900 2050 500 6750 7210
1115 1150 495 1900 2050 500 6750 7210
1115 1150 495 1900 2050 500 6750 7210
1115 1150 495 1900 2050 500 6750 7210
1115 1150 495 1900 2050 500 6750 7210
1115 1150 495 1900 2050 500 6750 7210
1115 1150 495 1900 2050 500 6750 7210
1115 1150 495 1900 2050 500 6750 7210
1115 1150 495 1900 2050 500 6750 7210
1115 1150 495 1900 2050 500 6750 7210
1115 1150 495 1900 2050 500 6750 7210
1115 1150 495 1900 2050 500 6750 7210
1120 1150 495 1900 2055 500 6750 7220
1120 1150 495 1900 2055 500 6750 7220
1120 1150 495 1900 2055 500 6750 7220
1120 1150 495 1900 2055 500 6750 7220
1120 1150 495 1900 2055 500 6750 7220
1120 1150 495 1900 2055 500 6750 7220
1120 1150 495 1900 2055 500 6750 7220
1120 1150 495 1900 2055 500 6750 7220
1120 1150 495 1900 2055 500 6750 7220
1120 1150 495 1900 2055 500 6750 7220
1120 1150 495 1900 2055 500 6750 7220
1120 1150 495 1900 2055 500 6750 7220
1120 1150 495 1900 2055 500 6750 7220
1120 1150 495 1900 2055 500 6750 7220
1120 1150 495 1900 2055 500 6750 7220
1120 1150 495 1900 2055 500 6750 7220
1120 1150 495 1900 2055 500 6750 7220
1120 1150 495 1900 2055 500 6750 7220
1120 1150 495 1900 2055 500 6750 7220
1120 1150 495 1900 2055 500 6750 7220
1120 1150 495 1900 2055 500 6750 7220
1120 1150 495 1900 2055 500 6750 7220
1120 1150 495 1900 2055 500 6750 7220
1120 1150 495 1900 2055 500 6750 7220
1120 1150 495 1900 2055 500 6750 7220
1120 1150 495 1900 2055 500 6750 7220
1120 1150 495 1900 2055 500 6750 7220
1120 1155 495 1900 2055 500 6750 7225
1120 1155 495 1900 2055 500 6750 7225
1120 1155 495 1900 2055 500 6750 7225
1120 1155 495 1900 2055 500 6760 7225
1120 1155 495 1900 2055 500 6760 7225
1120 1155 495 1900 2055 500 6760 7225
1120 1155 495 1900 2055 500 6760 7225
1120 1155 495 1900 2055 500 6760 7225
1120 1155 495 1900 2055 500 6760 7225
1120 1155 495 1900 2055 500 6760 7225
1120 1155 495 1900 2055 500 6760 7225
1120 1155 495 1900 2055 500 6770 7225
1120 1155 495 1900 2055 500 6770 7225
1120 1155 495 1900 2055 500 6770 7225
1120 1155 495 1900 2055 500 6770 7225
1120 1155 495 1900 2055 500 6770 7225
1120 1155 495 1900 2055 500 6770 7225
1120 1155 495 1900 2055 500 6770 7225
1120 1155 495 1900 2055 500 6770 7225
1120 1155 495 1900 2055 500 6775 7225
1125 1155 495 1900 2055 500 6775 7230
1120 1155 495 1900 2055 500 6770 7225
1120 1155 495 1900 2055 500 6770 7225
1120 1155 495 1900 2055 500 6770 7225
1120 1155 495 1900 2055 500 6770 7225
1120 1155 495 1900 2055 500 6770 7225
1120 1155 495 1900 2055 500 6770 7225
1120 1155 495 1900 2055 500 6770 7225
1120 1155 495 1900 2055 500 6770 7225
1120 1155 495 1900 2055 500 6770 7225
1120 1155 495 1900 2055 500 6770 7225
1120 1155 495 1900 2055 500 6770 7225
1120 1155 500 1900 2055 500 6770 7230
1125 1160 500 1900 2055 500 6770 7240
1125 1160 500 1900 2055 500 6770 7240
1125 1160 500 1900 2055 500 6770 7240
1125 1160 500 1905 2055 500 6775 7245
1125 1160 500 1910 2055 500 6780 7250
1125 1160 500 1910 2055 500 6780 7250
1125 1160 500 1910 2055 500 6780 7250
1125 1160 500 1910 2055 500 6780 7250
1125 1160 500 1910 2055 500 6780 7250
1125 1160 500 1910 2055 500 6780 7250
1125 1160 500 1910 2055 500 6780 7250
1130 1160 500 1910 2060 500 6780 7260
1130 1160 500 1910 2060 500 6780 7260
1130 1160 500 1910 2060 500 6780 7260
1130 1160 500 1910 2060 500 6785 7260
1130 1160 500 1910 2060 500 6785 7260
1130 1160 500 1910 2060 500 6785 7260
1130 1160 500 1910 2060 500 6785 7260
1130 1160 500 1910 2060 500 6785 7260
1130 1160 500 1910 2060 500 6785 7260
1130 1160 500 1910 2060 500 6785 7260
1130 1160 500 1910 2060 500 6785 7260
1130 1160 500 1910 2060 500 6785 7260
1130 1160 500 1910 2060 500 6785 7260
1130 1160 500 1910 2060 500 6785 7260
1130 1160 500 1910 2060 500 6785 7260
1130 1160 500 1910 2060 500 6785 7260
1130 1160 500 1910 2060 500 6780 7260
1130 1160 500 1910 2060 500 6780 7260
1130 1160 500 1910 2060 500 6780 7260
1130 1160 500 1910 2060 500 6775 7260
1130 1160 500 1910 2060 500 6775 7260
1130 1160 500 1910 2060 500 6775 7260
1130 1160 500 1910 2060 500 6775 7260
1130 1160 500 1910 2060 500 6775 7260
1130 1160 495 1910 2060 500 6780 7255
1130 1160 495 1910 2060 500 6780 7255
1130 1160 495 1910 2060 500 6780 7255
1130 1160 495 1910 2060 500 6780 7255
1130 1160 495 1910 2060 500 6780 7255
1130 1160 495 1910 2060 500 6780 7255
1130 1160 495 1910 2060 500 6780 7255
1130 1160 495 1910 2060 500 6780 7255
1130 1160 495 1910 2060 500 6780 7255
1130 1160 495 1910 2060 500 6780 7255
1130 1160 495 1910 2060 500 6780 7255
1130 1160 495 1910 2060 500 6780 7255
1130 1160 495 1910 2060 500 6780 7255
1130 1160 495 1910 2060 500 6780 7255
1130 1160 495 1910 2060 500 6780 7255
1130 1160 495 1910 2060 500 6780 7255
1130 1160 500 1910 2060 500 6780 7260
1130 1160 500 1910 2060 500 6780 7260
1130 1160 500 1910 2060 500 6780 7260
1130 1160 500 1910 2060 500 6780 7260
1130 1160 500 1910 2060 500 6780 7260
1130 1160 500 1910 2060 500 6780 7260
1130 1160 500 1910 2060 500 6780 7260
1130 1160 500 1910 2060 500 6780 7260
1130 1160 500 1910 2060 500 6780 7260
1130 1160 500 1910 2060 500 6780 7260
1130 1160 500 1910 2060 500 6780 7260
1130 1160 500 1910 2060 500 6780 7260
1130 1160 500 1910 2060 500 6780 7260
1130 1160 500 1910 2060 500 6780 7260
1130 1160 500 1910 2060 500 6780 7260
1130 1160 500 1910 2060 500 6780 7260
1130 1160 500 1910 2060 500 6780 7260
1130 1160 500 1910 2060 500 6780 7260
1130 1160 500 1910 2060 500 6780 7260
1130 1160 500 1910 2060 500 6780 7260
1130 1160 500 1910 2060 500 6780 7260
1130 1160 500 1910 2060 500 6780 7260
1130 1160 500 1905 2060 500 6775 7255
1130 1160 500 1900 2060 500 6770 7250
1130 1160 500 1900 2060 500 6765 7250
1130 1160 500 1900 2060 500 6765 7250
1130 1160 500 1900 2060 500 6765 7250
1130 1160 500 1900 2060 500 6765 7250
1130 1160 500 1900 2060 500 6765 7250
1130 1160 500 1900 2060 500 6765 7250
1130 1160 500 1900 2060 500 6765 7250
1130 1160 500 1900 2060 500 6765 7250
1130 1160 500 1900 2060 500 6765 7250
1130 1160 500 1900 2060 500 6765 7250
1130 1160 500 1900 2060 500 6765 7250
1130 1160 500 1900 2060 500 6765 7250
1130 1160 500 1900 2060 500 6765 7250
1130 1160 500 1900 2060 500 6765 7250
1130 1160 500 1900 2060 500 6765 7250
1130 1160 500 1900 2060 500 6765 7250
1130 1160 500 1900 2060 500 6765 7250
1130 1160 500 1900 2060 500 6765 7250
1130 1160 500 1900 2065 500 6765 7255
1130 1160 500 1900 2065 500 6765 7255
1130 1160 500 1900 2065 500 6765 7255
1130 1160 500 1900 2065 500 6765 7255
1130 1160 500 1900 2065 500 6765 7255
1130 1160 500 1900 2065 500 6765 7255
1130 1160 500 1900 2065 500 6765 7255
1130 1160 500 1900 2065 500 6765 7255
1130 1160 500 1900 2065 500 6765 7255
1130 1160 500 1900 2065 500 6765 7255
1130 1160 500 1900 2065 500 6765 7255
1130 1160 500 1900 2055 500 6765 7245
1130 1160 500 1900 2055 500 6765 7245
1130 1160 500 1900 2055 500 6765 7245
1130 1160 500 1900 2055 500 6765 7245
1130 1160 500 1900 2055 500 6765 7245
1130 1160 500 1900 2055 500 6765 7245
1130 1160 500 1895 2055 500 6765 7240
1130 1160 500 1895 2055 500 6765 7240
1130 1160 500 1895 2055 500 6765 7240
1130 1160 500 1895 2055 500 6765 7240
1130 1160 500 1895 2055 500 6765 7240
1130 1160 500 1895 2055 500 6770 7240
1130 1160 500 1895 2055 500 6770 7240
1130 1160 500 1895 2055 500 6770 7240
1130 1160 500 1895 2055 500 6770 7240
1130 1160 500 1895 2055 500 6770 7240
1130 1160 500 1895 2055 500 6770 7240
1130 1160 500 1895 2055 500 6770 7240
1130 1160 500 1895 2055 500 6770 7240
1130 1160 500 1895 2055 500 6770 7240
1130 1160 500 1895 2055 500 6770 7240
1130 1160 500 1895 2055 500 6770 7240
1130 1160 500 1895 2055 500 6770 7240
1130 1160 500 1895 2055 500 6770 7240
1130 1160 500 1895 2055 500 6770 7240
1130 1160 500 1895 2055 500 6770 7240
1130 1160 500 1895 2055 500 6770 7240
1130 1160 500 1895 2055 500 6775 7240
1130 1160 500 1895 2055 500 6775 7240
1130 1160 500 1895 2055 500 6775 7240
1130 1160 500 1895 2055 500 6775 7240
1130 1160 500 1895 2055 500 6775 7240
1130 1160 500 1895 2055 500 6775 7240
1130 1160 500 1895 2055 500 6775 7240
1130 1160 500 1895 2055 500 6775 7240
1130 1160 500 1895 2055 500 6775 7240
1130 1160 500 1895 2055 500 6775 7240
1130 1160 500 1905 2055 500 6775 7250
1130 1160 500 1905 2055 500 6775 7250
1130 1160 500 1905 2055 500 6775 7250
1130 1160 500 1905 2055 500 6775 7250
1130 1160 500 1905 2055 500 6775 7250
1130 1160 500 1905 2055 500 6775 7250
1130 1160 500 1905 2055 500 6775 7250
1130 1160 500 1905 2055 500 6775 7250
1130 1160 500 1905 2055 500 6775 7250
1130 1160 500 1905 2055 500 6775 7250
1130 1160 500 1905 2055 500 6775 7250
1130 1160 500 1905 2055 500 6775 7250
1130 1160 500 1905 2055 500 6775 7250
1130 1160 500 1905 2055 500 6775 7250
1130 1160 500 1905 2055 500 6775 7250
1130 1160 500 1905 2055 500 6775 7250
1130 1160 500 1905 2055 500 6775 7250
1130 1160 500 1905 2055 500 6775 7250
1130 1160 500 1905 2055 500 6775 7250
1130 1160 500 1905 2055 500 6775 7250
1130 1160 500 1895 2055 500 6775 7240
1130 1160 500 1895 2055 500 6775 7240
1130 1160 500 1895 2055 500 6775 7240
1130 1160 500 1895 2055 500 6775 7240
1130 1160 500 1895 2055 500 6775 7240
1130 1160 500 1905 2055 510 6775 7260
1130 1160 500 1905 2055 510 6765 7260
1130 1160 500 1905 2055 510 6765 7260
1130 1160 500 1905 2055 510 6765 7260
1130 1160 500 1905 2055 510 6765 7260
1130 1160 500 1905 2055 510 6765 7260
1130 1160 500 1905 2055 510 6765 7260
1130 1160 500 1905 2055 510 6765 7260
1130 1160 500 1905 2055 510 6765 7260
1130 1160 500 1905 2055 510 6765 7260
1130 1160 500 1905 2055 510 6765 7260
1130 1160 500 1905 2055 510 6765 7260
1130 1160 500 1905 2055 510 6765 7260
1130 1160 500 1905 2055 510 6765 7260
1130 1160 500 1905 2055 510 6765 7260
1130 1160 500 1905 2055 510 6765 7260
1130 1160 500 1905 2055 510 6765 7260
1130 1160 500 1905 2055 510 6765 7260
1130 1160 500 1905 2055 510 6765 7260
1130 1160 500 1905 2055 510 6765 7260
1130 1160 500 1905 2055 510 6755 7260
1130 1160 500 1905 2055 510 6755 7260
1130 1160 500 1905 2055 510 6755 7260
1130 1160 500 1905 2055 510 6755 7260
1130 1160 500 1905 2055 510 6755 7260
1130 1160 500 1905 2055 510 6750 7260
1130 1160 500 1905 2055 510 6750 7260
1130 1160 500 1905 2055 510 6750 7260
1130 1160 500 1905 2055 510 6750 7260
1130 1160 500 1905 2055 510 6750 7260
1130 1160 500 1905 2055 510 6750 7260
1130 1160 500 1905 2055 510 6750 7260
1130 1160 500 1905 2055 510 6750 7260
1130 1160 500 1905 2055 510 6750 7260
1130 1160 500 1905 2055 510 6750 7260
1130 1160 500 1905 2055 510 6750 7260
1130 1160 500 1905 2055 510 6750 7260
1130 1160 500 1905 2055 510 6750 7260
1130 1160 500 1905 2055 510 6750 7260
1130 1160 500 1905 2055 510 6755 7260
1130 1160 500 1905 2055 510 6755 7260
1130 1160 500 1905 2055 510 6755 7260
1130 1160 500 1905 2055 510 6755 7260
1130 1160 500 1905 2055 510 6755 7260
1130 1160 500 1905 2055 510 6755 7260
1130 1160 500 1905 2055 510 6755 7260
1130 1160 500 1905 2055 510 6755 7260
1130 1160 500 1905 2055 510 6755 7260
1130 1160 500 1905 2055 510 6755 7260
1130 1160 500 1905 2055 510 6755 7260
1130 1160 500 1905 2055 510 6755 7260
1130 1160 500 1905 2055 510 6755 7260
1130 1160 500 1905 2055 510 6755 7260
1130 1160 500 1905 2060 510 6755 7265
1130 1160 500 1905 2060 510 6755 7265
1130 1160 500 1905 2060 510 6755 7265
1130 1160 500 1905 2060 510 6755 7265
1130 1160 500 1905 2060 510 6755 7265
1130 1160 500 1905 2060 510 6755 7265
1130 1160 500 1905 2060 510 6755 7265
1130 1160 500 1905 2060 510 6755 7265
1130 1160 500 1905 2060 510 6755 7265
1130 1160 500 1905 2060 510 6755 7265
1130 1160 500 1905 2060 510 6755 7265
1130 1160 500 1905 2060 510 6755 7265
1130 1160 500 1905 2060 510 6755 7265
1130 1160 500 1905 2060 510 6755 7265
1130 1160 500 1905 2060 510 6755 7265
1130 1160 500 1905 2060 510 6755 7265
1130 1160 500 1905 2060 510 6755 7265
1130 1160 500 1905 2060 510 6755 7265
1130 1160 500 1905 2060 510 6755 7265
1130 1160 500 1905 2060 510 6755 7265
1130 1160 500 1905 2060 510 6755 7265
1130 1160 500 1905 2060 510 6755 7265
1130 1160 500 1905 2060 510 6755 7265
1130 1160 500 1905 2060 510 6755 7265
1130 1160 500 1905 2060 510 6755 7265
1130 1160 500 1905 2060 510 6755 7265
1130 1160 500 1905 2060 510 6755 7265
1130 1160 500 1905 2060 510 6755 7265
1130 1160 500 1905 2060 510 6755 7265
1130 1160 500 1905 2060 510 6755 7265
1130 1160 500 1905 2060 510 6755 7265
1130 1160 500 1905 2060 510 6755 7265
1130 1160 500 1905 2060 510 6755 7265
1130 1160 500 1905 2060 510 6755 7265
1130 1160 500 1905 2060 510 6755 7265
1130 1160 500 1905 2060 510 6755 7265
1130 1160 500 1905 2060 510 6755 7265
1130 1160 500 1905 2060 510 6755 7265
1130 1160 500 1905 2060 510 6755 7265
1130 1160 500 1905 2060 510 6755 7265
1130 1160 500 1905 2060 510 6755 7265
1130 1160 500 1905 2060 510 6755 7265
1130 1160 500 1905 2060 510 6755 7265
1130 1160 500 1905 2060 510 6755 7265
1130 1160 500 1905 2060 510 6755 7265
1130 1160 500 1905 2060 510 6755 7265
1130 1160 500 1905 2060 510 6755 7265
1130 1160 500 1905 2060 510 6755 7265
1130 1160 500 1905 2060 510 6755 7265
1130 1160 500 1905 2060 510 6755 7265
1130 1160 500 1905 2060 510 6755 7265
1130 1160 500 1905 2060 510 6755 7265
1130 1160 500 1905 2060 510 6755 7265
1130 1160 500 1905 2060 510 6755 7265
1130 1160 500 1905 2060 510 6755 7265
1130 1160 500 1905 2060 510 6755 7265
1130 1160 500 1905 2060 510 6755 7265
1130 1160 500 1905 2060 510 6755 7265
1130 1160 500 1905 2060 510 6755 7265
1130 1165 500 1905 2060 510 6755 7270
1130 1165 500 1915 2060 520 6755 7290
1130 1165 500 1915 2060 520 6755 7290
1130 1165 500 1915 2060 520 6755 7290
1130 1165 500 1915 2060 520 6755 7290
1130 1165 500 1915 2060 520 6755 7290
1130 1165 500 1915 2060 520 6755 7290
1130 1165 500 1915 2060 520 6755 7290
1130 1165 500 1915 2060 520 6755 7290
1130 1165 500 1915 2060 520 6755 7290
1130 1165 500 1915 2060 520 6755 7290
1130 1165 500 1915 2060 520 6755 7290
1130 1165 500 1915 2060 520 6755 7290
1130 1165 500 1915 2060 520 6755 7290
1130 1165 500 1915 2060 520 6755 7290
1130 1165 500 1915 2060 520 6755 7290
1130 1165 500 1915 2060 520 6755 7290
1130 1165 500 1915 2060 520 6755 7290
1130 1165 500 1915 2060 520 6755 7290
1130 1165 500 1915 2060 520 6755 7290
1125 1165 500 1910 2065 520 6755 7285
1125 1165 500 1910 2065 520 6755 7285
1125 1165 500 1910 2065 520 6755 7285
1125 1165 500 1910 2065 520 6755 7285
1125 1165 500 1910 2065 520 6755 7285
1125 1165 500 1910 2065 520 6755 7285
1125 1165 500 1910 2065 520 6755 7285
1125 1165 500 1910 2065 520 6755 7285
1125 1165 500 1910 2065 520 6755 7285
1125 1165 500 1910 2065 520 6755 7285
1125 1165 500 1910 2065 520 6755 7285
1125 1165 500 1910 2065 520 6755 7285
1125 1165 500 1910 2065 520 6755 7285
1125 1165 500 1910 2065 520 6755 7285
1125 1165 500 1910 2065 520 6755 7285
1125 1165 500 1910 2065 520 6755 7285
1125 1165 500 1910 2065 520 6755 7285
1125 1165 500 1910 2065 520 6755 7285
1125 1165 500 1910 2065 520 6755 7285
1125 1165 500 1910 2065 520 6755 7285
1125 1165 500 1910 2065 520 6755 7285
1125 1165 500 1910 2065 520 6755 7285
1125 1165 500 1910 2065 520 6755 7285
1125 1165 500 1910 2065 520 6755 7285
1125 1165 500 1910 2065 520 6755 7285
1125 1165 500 1910 2065 520 6755 7285
1125 1165 500 1910 2065 520 6755 7285
1125 1165 500 1910 2065 520 6755 7285
1125 1165 500 1910 2065 520 6755 7285
1125 1165 500 1910 2065 520 6755 7285
1125 1165 500 1910 2065 520 6755 7285
1125 1165 500 1910 2065 520 6755 7285
1125 1165 500 1910 2065 520 6755 7285
1125 1165 500 1910 2065 520 6755 7285
1125 1165 500 1910 2065 520 6755 7285
1125 1165 500 1910 2065 520 6755 7285
1125 1165 500 1910 2065 520 6755 7285
1125 1165 500 1910 2065 520 6755 7285
1125 1165 500 1910 2065 520 6755 7285
1125 1165 500 1910 2065 520 6755 7285
1125 1165 500 1910 2065 520 6755 7285
1125 1170 500 1910 2065 520 6755 7290
1125 1170 500 1910 2065 520 6755 7290
1125 1170 500 1910 2065 520 6755 7290
1125 1170 500 1910 2065 520 6755 7290
1125 1170 500 1910 2065 520 6755 7290
1125 1170 500 1910 2065 520 6755 7290
1125 1170 500 1910 2065 520 6755 7290
1125 1170 500 1910 2065 520 6755 7290
1125 1170 500 1910 2065 520 6755 7290
1125 1170 500 1910 2065 520 6755 7290
1125 1170 500 1910 2065 520 6755 7290
1125 1170 500 1910 2065 520 6755 7290
1125 1170 500 1910 2065 520 6755 7290
1125 1170 500 1910 2070 520 6755 7295
1125 1170 500 1910 2070 520 6755 7295
1125 1170 500 1910 2070 520 6755 7295
1125 1170 500 1910 2070 520 6755 7295
1125 1170 500 1910 2070 520 6755 7295
1125 1170 500 1910 2070 520 6755 7295
1125 1170 500 1910 2070 520 6755 7295
1125 1170 500 1910 2070 520 6755 7295
1125 1170 500 1910 2070 520 6755 7295
1125 1170 500 1910 2070 520 6755 7295
1125 1170 500 1910 2075 520 6755 7300
1125 1170 500 1910 2075 520 6755 7300
1125 1170 500 1910 2080 520 6755 7305
1125 1170 500 1910 2080 520 6755 7305
1125 1170 500 1910 2080 520 6755 7305
1125 1170 500 1910 2080 520 6755 7305
1125 1170 500 1910 2080 520 6755 7305
1125 1170 500 1910 2080 520 6755 7305
1125 1170 500 1910 2080 520 6755 7305
1125 1170 500 1910 2080 520 6755 7305
1125 1170 500 1910 2080 520 6755 7305
1125 1170 500 1910 2080 520 6755 7305
1125 1170 500 1910 2080 520 6755 7305
1125 1170 500 1910 2080 520 6755 7305
1125 1170 500 1910 2080 520 6755 7305
1125 1170 500 1910 2080 520 6755 7305
1125 1170 500 1910 2080 520 6755 7305
1125 1170 500 1910 2080 520 6755 7305
1125 1170 500 1910 2080 520 6755 7305
1125 1170 500 1910 2080 520 6755 7305
1125 1170 500 1910 2080 520 6755 7305
1125 1170 500 1910 2080 520 6755 7305
1125 1170 500 1910 2080 520 6755 7305
1125 1170 500 1910 2080 520 6755 7305
1125 1170 500 1910 2080 520 6755 7305
1125 1170 500 1910 2080 520 6755 7305
1125 1170 500 1910 2080 520 6755 7305
1125 1170 500 1910 2080 520 6755 7305
1125 1170 500 1910 2080 520 6755 7305
1125 1170 500 1910 2080 520 6755 7305
1125 1170 500 1910 2080 520 6755 7305
1125 1170 500 1910 2080 520 6755 7305
1125 1170 500 1910 2080 520 6755 7305
1125 1170 500 1910 2080 520 6755 7305
1125 1170 500 1910 2080 520 6755 7305
1125 1170 500 1910 2080 520 6755 7305
1125 1170 500 1910 2080 520 6755 7305
1125 1170 500 1910 2080 520 6755 7305
1125 1170 500 1910 2080 520 6755 7305
1125 1170 500 1910 2080 520 6755 7305
1125 1170 500 1910 2080 520 6755 7305
1125 1170 500 1910 2080 520 6755 7305
1125 1170 500 1910 2080 520 6755 7305
1125 1170 500 1910 2080 520 6755 7305
1125 1170 500 1910 2080 520 6755 7305
1125 1170 500 1910 2080 520 6755 7305
1125 1170 500 1910 2080 520 6755 7305
1125 1170 500 1910 2080 520 6755 7305
1125 1170 500 1910 2080 520 6755 7305
1125 1170 500 1910 2080 520 6755 7305
1125 1170 500 1910 2080 520 6755 7305
1125 1170 500 1910 2080 520 6755 7305
1125 1170 500 1910 2080 520 6755 7305
1125 1170 500 1910 2080 520 6755 7305
1125 1170 500 1910 2085 520 6755 7310
1125 1170 500 1910 2085 520 6755 7310
1125 1170 500 1910 2085 520 6755 7310
1125 1170 500 1910 2085 520 6755 7310
1125 1170 500 1910 2085 520 6755 7310
1125 1170 500 1910 2085 520 6755 7310
1125 1170 500 1910 2085 520 6755 7310
1125 1170 500 1910 2085 520 6755 7310
1125 1170 500 1910 2085 520 6755 7310
1125 1170 500 1910 2085 520 6755 7310
1125 1170 500 1910 2085 520 6755 7310
1125 1170 500 1910 2085 520 6755 7310
1125 1170 500 1910 2085 520 6755 7310
1125 1170 500 1910 2085 520 6755 7310
1125 1170 500 1910 2085 520 6755 7310
1125 1170 500 1910 2085 520 6755 7310
1125 1170 500 1910 2085 520 6755 7310
1125 1170 500 1910 2085 520 6755 7310
1125 1170 500 1910 2085 520 6755 7310
1125 1170 500 1910 2085 520 6755 7310
1125 1170 500 1910 2085 520 6755 7310
1125 1170 500 1910 2085 520 6755 7310
1125 1170 500 1910 2085 520 6755 7310
1125 1170 500 1910 2085 520 6755 7310
1125 1170 500 1910 2085 520 6755 7310
1125 1170 500 1910 2085 520 6755 7310
1125 1170 500 1910 2085 520 6755 7310
1125 1170 500 1910 2085 520 6755 7310
1125 1170 500 1910 2085 520 6755 7310
1125 1170 500 1910 2085 520 6755 7310
1125 1170 500 1910 2085 520 6755 7310
1125 1170 500 1910 2085 520 6755 7310
1125 1170 500 1910 2085 520 6755 7310
1125 1170 500 1910 2085 520 6755 7310
1125 1170 500 1910 2085 520 6755 7310
1125 1170 500 1910 2085 520 6755 7310
1125 1170 500 1910 2085 520 6755 7310
1125 1170 500 1910 2085 520 6755 7310
1125 1170 500 1910 2085 520 6755 7310
1125 1170 500 1910 2085 520 6755 7310
1125 1170 500 1910 2085 520 6755 7310
1125 1170 500 1910 2085 520 6755 7310
1125 1170 500 1910 2085 520 6755 7310
1125 1170 500 1910 2085 520 6755 7310
1125 1170 500 1910 2085 520 6755 7310
1125 1170 500 1910 2085 520 6755 7310
1125 1170 500 1910 2085 520 6755 7310
1125 1170 500 1910 2085 520 6755 7310
1125 1170 500 1910 2085 520 6755 7310
1125 1170 500 1910 2085 520 6755 7310
1125 1170 500 1910 2090 520 6755 7315
1125 1170 500 1910 2090 520 6755 7315
1125 1170 500 1910 2090 520 6755 7315
1125 1170 500 1910 2090 520 6755 7315
1125 1170 500 1910 2090 520 6755 7315
1125 1170 500 1910 2090 520 6755 7315
1125 1170 500 1910 2090 520 6755 7315
1125 1170 500 1910 2090 520 6755 7315
1125 1170 500 1910 2090 520 6755 7315
1125 1170 500 1910 2090 520 6755 7315
1125 1170 500 1910 2090 520 6755 7315
1125 1170 500 1910 2090 520 6755 7315
1125 1170 500 1910 2090 520 6755 7315
1125 1170 500 1910 2090 520 6755 7315
1125 1170 500 1910 2095 520 6755 7320
1125 1170 500 1910 2095 520 6755 7320
1125 1170 500 1910 2095 520 6755 7320
1125 1170 500 1910 2100 520 6755 7325
1125 1170 500 1910 2100 520 6755 7325
1125 1170 500 1910 2100 520 6755 7325
1125 1170 500 1910 2100 520 6755 7325
1125 1170 500 1910 2100 520 6755 7325
1125 1170 500 1910 2100 520 6755 7325
1125 1170 500 1910 2100 520 6755 7325
1125 1170 500 1910 2100 520 6755 7325
1125 1170 500 1910 2100 520 6755 7325
1125 1170 500 1910 2100 520 6755 7325
1125 1170 500 1910 2100 520 6755 7325
1125 1170 500 1910 2100 520 6755 7325
1125 1170 500 1910 2100 520 6755 7325
1125 1170 500 1910 2100 520 6755 7325
1125 1170 500 1910 2100 520 6755 7325
1125 1170 500 1910 2100 520 6755 7325
1125 1170 500 1910 2100 520 6755 7325
1125 1170 500 1910 2100 520 6755 7325
1125 1170 500 1910 2100 520 6755 7325
1125 1170 500 1910 2100 520 6755 7325
1125 1170 500 1910 2100 520 6755 7325
1125 1170 500 1910 2100 520 6755 7325
1125 1170 500 1910 2100 520 6755 7325
1125 1170 500 1910 2100 520 6755 7325
1125 1170 500 1910 2100 520 6755 7325
1125 1170 500 1910 2100 520 6755 7325
1125 1170 500 1910 2100 520 6755 7325
1125 1170 500 1910 2100 520 6755 7325
1125 1170 500 1910 2100 520 6755 7325
1125 1170 500 1910 2100 520 6755 7325
1125 1170 500 1910 2100 520 6755 7325
1125 1170 500 1910 2100 520 6755 7325
1125 1170 500 1910 2100 520 6755 7325
1125 1170 500 1910 2100 520 6755 7325
1125 1170 500 1910 2100 520 6755 7325
1125 1170 500 1910 2100 520 6755 7325
1125 1170 500 1910 2100 520 6755 7325
1125 1170 500 1910 2100 520 6755 7325
1125 1170 500 1910 2100 520 6755 7325
1125 1170 500 1910 2100 520 6755 7325
1125 1170 500 1910 2100 520 6755 7325
1125 1170 500 1910 2100 520 6755 7325
1125 1170 500 1910 2100 520 6755 7325
1125 1170 500 1910 2100 520 6755 7325
1125 1170 500 1910 2100 520 6755 7325
1125 1170 500 1910 2100 520 6755 7325
1125 1170 500 1905 2100 520 6750 7320
1125 1170 500 1905 2100 520 6750 7320
1125 1170 500 1905 2100 520 6750 7320
1125 1170 500 1905 2100 520 6750 7320
1125 1170 500 1905 2100 520 6750 7320
1125 1170 500 1905 2100 520 6750 7320
1125 1170 500 1905 2100 520 6750 7320
1125 1170 500 1905 2100 520 6750 7320
1125 1170 500 1900 2100 520 6745 7315
1125 1170 500 1900 2100 520 6745 7315
1125 1170 500 1900 2100 520 6745 7315
1125 1170 500 1900 2100 520 6745 7315
1125 1170 500 1900 2100 520 6745 7315
1125 1170 500 1900 2100 520 6745 7315
1125 1170 500 1900 2100 520 6745 7315
1125 1170 500 1900 2100 520 6745 7315
1125 1170 500 1900 2100 520 6745 7315
1125 1170 500 1900 2100 520 6745 7315
1125 1170 500 1900 2100 520 6745 7315
1125 1170 500 1900 2100 520 6745 7315
1125 1170 500 1900 2100 520 6745 7315
1125 1170 500 1900 2100 520 6745 7315
1125 1170 500 1900 2100 520 6745 7315
1125 1170 500 1900 2100 520 6745 7315
1125 1170 500 1900 2100 520 6745 7315
1125 1170 500 1900 2100 520 6745 7315
1125 1170 500 1900 2100 520 6745 7315
1125 1170 500 1895 2100 520 6740 7310
1125 1170 500 1895 2100 520 6740 7310
1125 1170 500 1895 2100 520 6740 7310
1125 1170 500 1895 2100 520 6740 7310
1125 1170 500 1895 2100 520 6740 7310
1125 1170 500 1895 2100 520 6740 7310
1125 1170 500 1895 2100 520 6740 7310
1125 1170 500 1895 2100 520 6740 7310
1125 1170 500 1895 2100 520 6740 7310
1125 1170 500 1895 2100 520 6740 7310
1125 1170 500 1895 2100 520 6740 7310
1125 1170 500 1895 2100 520 6740 7310
1125 1170 500 1895 2100 520 6740 7310
1125 1170 500 1895 2100 520 6740 7310
1125 1170 500 1895 2100 520 6740 7310
1125 1170 500 1895 2100 520 6740 7310
1125 1170 500 1895 2100 520 6740 7310
1125 1170 500 1895 2100 520 6740 7310
1125 1170 500 1895 2100 520 6740 7310
1125 1170 500 1895 2100 520 6740 7310
1125 1170 500 1895 2100 520 6740 7310
1125 1170 500 1895 2100 520 6740 7310
1125 1170 500 1895 2100 520 6740 7310
1125 1170 500 1895 2100 520 6740 7310
1125 1170 500 1895 2100 520 6740 7310
1125 1170 500 1895 2100 520 6740 7310
1125 1170 500 1895 2100 520 6740 7310
1125 1170 500 1895 2100 520 6740 7310
1125 1170 500 1895 2100 520 6740 7310
1125 1170 500 1895 2100 520 6740 7310
1125 1170 500 1895 2100 520 6740 7310
1125 1170 500 1895 2100 520 6740 7310
1125 1170 500 1895 2100 520 6740 7310
1125 1170 500 1895 2100 520 6740 7310
1125 1170 500 1895 2100 520 6740 7310
1125 1170 500 1895 2090 520 6740 7300
1125 1170 500 1895 2090 520 6740 7300
1125 1170 500 1895 2090 520 6740 7300
1125 1170 500 1895 2090 520 6740 7300
1125 1170 500 1895 2090 520 6740 7300
1125 1170 500 1895 2090 520 6740 7300
1125 1170 500 1895 2090 520 6740 7300
1125 1170 500 1895 2090 520 6740 7300
1125 1170 500 1895 2090 520 6740 7300
1125 1170 500 1895 2090 520 6740 7300
1125 1170 500 1895 2090 520 6740 7300
1125 1170 500 1895 2090 520 6740 7300
1125 1170 500 1895 2090 520 6740 7300
1125 1170 500 1895 2090 520 6740 7300
1125 1170 500 1895 2090 520 6740 7300
1125 1170 500 1895 2090 520 6740 7300
1125 1170 500 1895 2090 520 6740 7300
1125 1170 500 1895 2090 520 6740 7300
1125 1170 500 1895 2090 520 6740 7300
1125 1170 500 1895 2090 520 6740 7300
1125 1170 500 1895 2090 520 6740 7300
1125 1170 500 1895 2090 520 6740 7300
1125 1170 500 1890 2090 520 6735 7295
1125 1170 500 1890 2090 520 6735 7295
1125 1170 500 1890 2090 520 6735 7295
1125 1170 500 1890 2090 520 6735 7295
1125 1170 500 1890 2090 520 6735 7295
1125 1170 500 1890 2090 520 6735 7295
1125 1170 500 1890 2090 520 6735 7295
1125 1170 500 1890 2090 520 6735 7295
1125 1170 500 1890 2090 520 6735 7295
1125 1170 500 1890 2090 520 6735 7295
1125 1170 500 1890 2090 520 6735 7295
1125 1170 500 1890 2090 520 6735 7295
1125 1170 500 1890 2090 520 6735 7295
1125 1170 500 1890 2090 520 6735 7295
1125 1170 500 1890 2090 520 6735 7295
1125 1170 500 1890 2090 520 6735 7295
1125 1170 500 1890 2090 520 6735 7295
1125 1170 500 1890 2090 520 6735 7295
1125 1170 500 1890 2090 520 6735 7295
1125 1170 500 1890 2090 520 6735 7295
1125 1170 500 1890 2090 520 6735 7295
1125 1170 500 1890 2090 520 6735 7295
1125 1170 500 1890 2090 520 6735 7295
1125 1170 500 1890 2090 520 6735 7295
1125 1170 500 1890 2090 520 6735 7295
1125 1170 500 1890 2090 520 6735 7295
1125 1170 500 1890 2090 520 6735 7295
1125 1170 500 1890 2090 520 6735 7295
1125 1170 500 1890 2090 520 6735 7295
1125 1170 500 1890 2090 520 6735 7295
1125 1170 500 1890 2090 520 6735 7295
1125 1170 500 1890 2090 520 6735 7295
1125 1170 500 1890 2090 520 6735 7295
1125 1170 500 1890 2090 520 6735 7295
1125 1170 500 1890 2090 520 6735 7295
1125 1170 500 1890 2090 520 6735 7295
1125 1170 500 1890 2090 520 6735 7295
1125 1170 500 1890 2090 520 6735 7295
1125 1170 500 1890 2090 520 6735 7295
1125 1170 500 1890 2090 520 6735 7295
1125 1170 500 1890 2090 520 6735 7295
1125 1170 500 1890 2090 520 6735 7295
1125 1170 500 1890 2090 520 6735 7295
1125 1170 500 1890 2090 520 6735 7295
1125 1170 500 1890 2090 520 6735 7295
1125 1170 500 1890 2090 520 6735 7295
1125 1170 500 1890 2090 520 6735 7295
1125 1170 500 1890 2090 520 6735 7295
1125 1170 500 1890 2090 520 6735 7295
1125 1170 500 1890 2090 520 6735 7295
1125 1170 500 1890 2090 520 6735 7295
1125 1170 500 1890 2090 520 6735 7295
1125 1170 500 1890 2090 520 6735 7295
1125 1170 500 1890 2090 520 6735 7295
1125 1170 500 1890 2090 520 6735 7295
1125 1170 500 1890 2090 520 6735 7295
1125 1170 500 1890 2090 520 6735 7295
1125 1170 500 1890 2090 520 6735 7295
1125 1170 500 1890 2090 520 6735 7295
1125 1170 500 1890 2090 520 6735 7295
1125 1170 500 1890 2090 520 6735 7295
1125 1170 500 1890 2090 520 6735 7295
1125 1170 500 1890 2090 520 6735 7295
1125 1170 500 1890 2090 520 6735 7295
1125 1170 500 1890 2090 520 6735 7295
1125 1170 500 1890 2090 520 6735 7295
1125 1170 500 1890 2090 520 6735 7295
1125 1170 500 1890 2090 520 6735 7295
1125 1170 500 1890 2090 520 6735 7295
1125 1170 500 1890 2090 520 6735 7295
1125 1170 500 1890 2090 520 6735 7295
1125 1170 500 1890 2090 520 6735 7295
1125 1170 500 1890 2090 520 6735 7295
1125 1170 500 1890 2090 520 6735 7295
1125 1170 500 1890 2090 520 6735 7295
1125 1170 500 1890 2090 520 6735 7295
1125 1170 500 1890 2090 520 6735 7295
1125 1170 500 1890 2090 520 6735 7295
1125 1170 500 1890 2090 520 6735 7295
1125 1170 500 1890 2090 520 6735 7295
1125 1170 500 1890 2090 520 6735 7295
1125 1170 500 1890 2090 520 6735 7295
1125 1170 500 1890 2090 520 6735 7295
1125 1170 500 1890 2090 520 6735 7295
1125 1170 500 1890 2090 520 6735 7295
1125 1170 500 1885 2090 520 6730 7290
1125 1170 500 1885 2090 520 6730 7290
1125 1170 500 1885 2090 520 6730 7290
1125 1170 500 1880 2090 520 6725 7285
1125 1170 500 1880 2090 520 6725 7285
1125 1170 500 1880 2090 520 6725 7285
1125 1170 500 1880 2090 520 6725 7285
1125 1170 500 1880 2090 520 6725 7285
1125 1170 500 1880 2090 520 6725 7285
1125 1170 500 1880 2090 520 6725 7285
1125 1170 500 1880 2090 520 6725 7285
1125 1170 500 1880 2090 520 6725 7285
1125 1170 500 1880 2090 520 6725 7285
1125 1170 500 1880 2090 520 6725 7285
1125 1170 500 1880 2090 520 6725 7285
1125 1170 500 1880 2090 520 6725 7285
1125 1170 500 1880 2090 520 6725 7285
1125 1170 500 1880 2090 520 6725 7285
1125 1170 500 1880 2090 520 6725 7285
1125 1170 500 1880 2090 520 6725 7285
1125 1170 500 1880 2090 520 6725 7285
1125 1170 500 1880 2090 520 6725 7285
1125 1170 500 1880 2090 520 6725 7285
1125 1170 500 1880 2090 520 6725 7285
1125 1170 500 1880 2090 520 6725 7285
1125 1170 500 1880 2090 520 6725 7285
1125 1170 500 1880 2090 520 6725 7285
1120 1170 500 1880 2090 520 6725 7280
1120 1170 500 1880 2090 520 6725 7280
1120 1170 500 1880 2090 520 6725 7280
1120 1170 500 1880 2090 520 6725 7280
1120 1170 500 1880 2090 520 6725 7280
1120 1170 500 1880 2090 520 6725 7280
1120 1170 500 1880 2090 520 6725 7280
1120 1170 500 1880 2090 520 6725 7280
1120 1170 500 1880 2090 520 6725 7280
1120 1170 500 1880 2090 520 6725 7280
1120 1170 500 1880 2090 520 6725 7280
1120 1170 500 1880 2090 520 6725 7280
1120 1170 500 1880 2090 520 6725 7280
1120 1170 500 1880 2090 520 6725 7280
1120 1170 500 1880 2090 520 6725 7280
1120 1170 500 1880 2090 520 6725 7280
1120 1170 500 1880 2090 520 6725 7280
1120 1170 500 1880 2090 520 6725 7280
1120 1170 500 1880 2090 520 6725 7280
1120 1170 500 1880 2090 520 6725 7280
1120 1170 500 1880 2090 520 6725 7280
1120 1170 500 1880 2090 520 6725 7280
1120 1170 500 1880 2090 520 6725 7280
1120 1170 500 1880 2090 520 6725 7280
1120 1170 500 1880 2090 520 6725 7280
1120 1170 500 1880 2090 520 6725 7280
1120 1170 500 1880 2090 520 6725 7280
1120 1170 500 1880 2090 520 6725 7280
1120 1170 500 1880 2090 520 6725 7280
1120 1170 500 1880 2090 520 6725 7280
1120 1170 500 1880 2090 520 6725 7280
1120 1170 500 1880 2090 520 6725 7280
1120 1170 500 1880 2090 520 6725 7280
1120 1170 500 1880 2090 520 6725 7280
1120 1170 500 1880 2090 520 6725 7280
1120 1170 500 1880 2090 520 6725 7280
1120 1170 500 1880 2090 520 6725 7280
1120 1170 500 1880 2090 520 6725 7280
1120 1170 500 1880 2090 520 6725 7280
1120 1170 500 1880 2090 520 6725 7280
1120 1170 500 1880 2090 520 6725 7280
1120 1170 500 1880 2090 520 6725 7280
1120 1170 500 1880 2090 520 6725 7280
1120 1170 500 1880 2090 520 6725 7280
1120 1170 500 1880 2090 520 6725 7280
1120 1170 500 1870 2080 520 6725 7260
1120 1170 500 1870 2080 520 6725 7260
1120 1170 500 1870 2080 520 6725 7260
1120 1170 500 1870 2080 520 6725 7260
1120 1170 500 1870 2080 520 6725 7260
1120 1170 500 1870 2080 520 6725 7260
1120 1170 500 1870 2080 520 6725 7260
1120 1170 500 1870 2080 520 6725 7260
1120 1170 500 1870 2080 520 6725 7260
1120 1170 500 1870 2080 520 6725 7260
1120 1170 500 1870 2080 520 6725 7260
1120 1170 500 1870 2080 520 6725 7260
1120 1170 500 1870 2080 520 6725 7260
1120 1170 500 1870 2080 520 6725 7260
1120 1175 500 1870 2080 520 6725 7265
1120 1175 500 1870 2080 520 6725 7265
1120 1175 500 1870 2080 520 6725 7265
1120 1175 500 1870 2080 520 6725 7265
1120 1175 500 1870 2080 520 6725 7265
1120 1175 500 1870 2080 520 6725 7265
1120 1175 500 1870 2080 520 6725 7265
1120 1175 500 1870 2080 520 6725 7265
1120 1175 500 1870 2080 520 6725 7265
1120 1175 500 1870 2080 520 6725 7265
1120 1175 500 1870 2080 520 6725 7265
1120 1175 500 1870 2080 520 6725 7265
1120 1175 500 1870 2080 520 6725 7265
1120 1175 500 1870 2080 520 6725 7265
1120 1175 500 1870 2080 520 6725 7265
1120 1175 500 1870 2080 520 6725 7265
1120 1175 500 1870 2080 520 6725 7265
1120 1175 500 1870 2080 520 6725 7265
1120 1175 500 1870 2080 520 6725 7265
1120 1175 500 1870 2080 520 6725 7265
1120 1175 500 1870 2080 520 6725 7265
1120 1175 500 1870 2080 520 6725 7265
1120 1175 500 1870 2080 520 6725 7265
1120 1175 500 1870 2080 520 6725 7265
1120 1175 500 1870 2080 520 6725 7265
1120 1175 500 1870 2080 520 6725 7265
1120 1175 500 1870 2080 520 6725 7265
1120 1175 500 1870 2080 520 6725 7265
1120 1175 500 1870 2080 520 6725 7265
1120 1175 500 1870 2080 520 6725 7265
1120 1175 500 1870 2080 520 6725 7265
1120 1175 500 1870 2080 520 6725 7265
1120 1175 500 1870 2080 520 6725 7265
1120 1175 500 1870 2080 520 6725 7265
1120 1175 500 1870 2080 520 6725 7265
1120 1175 500 1870 2080 520 6725 7265
1120 1175 500 1870 2080 520 6725 7265
1120 1175 500 1870 2080 520 6725 7265
1120 1175 500 1870 2080 520 6725 7265
1120 1175 500 1870 2080 520 6725 7265
1120 1175 500 1870 2080 520 6725 7265
1120 1175 500 1870 2080 520 6725 7265
1120 1175 500 1870 2080 520 6725 7265
1120 1175 500 1870 2080 520 6725 7265
1120 1175 500 1870 2080 520 6725 7265
1120 1175 500 1870 2080 520 6725 7265
1120 1175 500 1870 2080 520 6725 7265
1120 1175 500 1870 2080 520 6725 7265
1120 1175 500 1870 2080 520 6725 7265
1120 1175 500 1870 2080 520 6725 7265
1120 1175 500 1870 2080 520 6725 7265
1120 1175 500 1870 2080 520 6720 7265
1120 1175 500 1870 2080 520 6720 7265
1120 1175 500 1870 2080 520 6720 7265
1120 1175 500 1870 2080 520 6720 7265
1120 1175 500 1870 2080 520 6720 7265
1120 1175 500 1870 2080 520 6720 7265
1120 1175 500 1870 2080 520 6720 7265
1120 1175 500 1870 2080 520 6720 7265
1120 1175 500 1870 2080 520 6720 7265
1120 1175 500 1870 2080 520 6720 7265
1120 1175 500 1870 2080 520 6720 7265
1120 1175 500 1870 2080 520 6720 7265
1120 1175 500 1870 2080 520 6720 7265
1120 1175 500 1870 2080 520 6720 7265
1120 1175 500 1870 2080 520 6720 7265
1120 1175 500 1870 2080 520 6720 7265
1120 1175 500 1870 2080 520 6720 7265
1120 1175 500 1870 2080 520 6720 7265
1120 1175 500 1870 2080 520 6720 7265
1120 1175 500 1870 2080 520 6720 7265
1120 1175 500 1870 2080 520 6720 7265
1120 1175 500 1870 2080 520 6720 7265
1120 1175 500 1870 2080 520 6720 7265
1120 1175 500 1870 2080 520 6720 7265
1120 1175 500 1870 2080 520 6720 7265
1120 1175 500 1870 2080 520 6720 7265
1120 1175 500 1870 2080 520 6720 7265
1120 1175 500 1870 2080 520 6710 7265
1120 1175 500 1870 2080 520 6710 7265
1120 1175 500 1870 2080 520 6710 7265
1120 1175 500 1870 2080 520 6710 7265
1120 1175 500 1870 2080 520 6710 7265
1120 1175 500 1870 2080 520 6710 7265
1120 1175 500 1870 2080 520 6710 7265
1120 1175 500 1870 2080 520 6710 7265
1120 1175 500 1870 2080 520 6710 7265
1120 1175 500 1870 2080 520 6710 7265
1120 1175 500 1870 2080 520 6710 7265
1120 1175 500 1870 2080 520 6710 7265
1120 1175 500 1870 2080 520 6710 7265
1120 1175 500 1870 2080 520 6710 7265
1120 1175 500 1870 2080 520 6710 7265
1120 1175 500 1870 2080 520 6710 7265
1120 1175 500 1870 2080 520 6710 7265
1120 1175 500 1870 2080 520 6710 7265
1120 1175 500 1870 2080 520 6710 7265
1120 1175 500 1870 2080 520 6710 7265
1120 1175 500 1870 2080 520 6710 7265
1120 1175 500 1870 2080 520 6710 7265
1120 1175 500 1870 2080 520 6710 7265
1120 1175 500 1865 2080 520 6705 7260
1120 1175 500 1865 2080 520 6705 7260
1120 1175 500 1865 2080 520 6705 7260
1120 1175 500 1865 2080 520 6705 7260
1120 1175 500 1865 2080 520 6705 7260
1120 1175 500 1865 2080 520 6705 7260
1120 1175 500 1865 2080 520 6705 7260
1120 1175 500 1865 2080 520 6705 7260
1120 1175 500 1865 2080 520 6705 7260
1120 1175 500 1865 2080 520 6705 7260
1120 1175 500 1865 2080 520 6705 7260
1120 1175 500 1865 2080 520 6705 7260
1120 1175 500 1865 2080 520 6705 7260
1120 1175 500 1865 2080 520 6705 7260
1120 1175 500 1865 2080 520 6705 7260
1120 1175 500 1865 2080 520 6705 7260
1120 1175 500 1865 2080 520 6705 7260
1120 1175 500 1865 2080 520 6705 7260
1120 1175 500 1865 2080 520 6705 7260
1120 1175 500 1865 2080 520 6705 7260
1120 1175 500 1865 2080 520 6705 7260
1120 1175 500 1865 2080 520 6705 7260
1120 1175 500 1865 2080 520 6705 7260
1120 1175 500 1860 2080 520 6700 7255
1120 1175 500 1860 2080 520 6700 7255
1125 1175 500 1860 2085 520 6700 7265
1125 1175 500 1860 2085 520 6700 7265
1125 1175 500 1860 2085 520 6700 7265
1125 1175 500 1860 2085 520 6700 7265
1125 1175 500 1860 2085 520 6700 7265
1125 1175 500 1860 2085 520 6700 7265
1125 1175 500 1860 2085 520 6700 7265
1125 1175 500 1860 2085 520 6700 7265
1125 1175 500 1860 2085 520 6700 7265
1125 1175 500 1860 2085 520 6700 7265
1125 1175 500 1860 2085 520 6700 7265
1125 1175 500 1860 2085 520 6700 7265
1125 1175 500 1860 2085 520 6700 7265
1125 1175 500 1860 2085 520 6700 7265
1125 1175 500 1860 2085 520 6700 7265
1125 1175 500 1860 2085 520 6700 7265
1125 1175 500 1860 2085 520 6700 7265
1125 1175 500 1860 2085 520 6700 7265
1125 1175 500 1860 2085 520 6700 7265
1125 1175 500 1860 2085 520 6700 7265
1125 1175 500 1860 2085 520 6700 7265
1125 1175 500 1860 2085 520 6700 7265
1125 1175 500 1860 2085 520 6700 7265
1125 1175 500 1860 2085 520 6700 7265
1125 1175 500 1860 2085 520 6700 7265
1125 1175 500 1860 2085 520 6700 7265
1125 1175 500 1860 2085 520 6700 7265
1125 1175 500 1860 2085 520 6700 7265
1125 1175 500 1860 2085 520 6700 7265
1125 1175 500 1860 2085 520 6700 7265
1125 1175 500 1860 2085 520 6700 7265
1125 1175 500 1860 2085 520 6700 7265
1125 1175 500 1850 2085 520 6700 7255
1125 1175 500 1850 2085 520 6700 7255
1125 1175 500 1850 2085 520 6700 7255
1125 1175 500 1850 2085 520 6700 7255
1125 1175 500 1850 2085 520 6700 7255
1125 1175 500 1850 2085 520 6700 7255
1125 1175 500 1850 2085 520 6700 7255
1125 1175 500 1850 2085 520 6700 7255
1125 1175 500 1850 2085 520 6700 7255
1125 1175 500 1850 2085 520 6700 7255
1125 1175 500 1850 2085 520 6700 7255
1125 1175 500 1850 2085 520 6700 7255
1125 1175 500 1850 2085 520 6700 7255
1125 1175 500 1850 2085 520 6700 7255
1125 1175 500 1850 2085 520 6700 7255
1125 1175 500 1850 2085 520 6700 7255
1125 1175 500 1850 2085 520 6700 7255
1125 1175 500 1850 2085 520 6700 7255
1125 1175 500 1850 2085 520 6700 7255
1125 1175 500 1850 2085 520 6700 7255
1125 1175 500 1850 2085 520 6700 7255
1125 1175 500 1850 2085 520 6700 7255
1125 1175 500 1850 2085 520 6700 7255
1125 1175 500 1850 2085 520 6700 7255
1125 1175 500 1850 2085 520 6700 7255
1125 1175 500 1850 2085 520 6700 7255
1125 1175 500 1850 2085 520 6700 7255
1125 1175 500 1850 2085 520 6700 7255
1125 1175 500 1850 2085 520 6700 7255
1125 1175 500 1850 2085 520 6700 7255
1125 1175 500 1850 2085 520 6700 7255
1125 1175 500 1850 2085 520 6700 7255
1125 1175 500 1850 2085 520 6700 7255
1125 1175 500 1850 2085 520 6700 7255
1125 1175 500 1850 2085 520 6700 7255
1125 1175 500 1850 2085 520 6700 7255
1125 1175 500 1850 2085 520 6700 7255
1125 1175 500 1850 2085 520 6700 7255
1125 1175 500 1850 2085 520 6700 7255
1125 1175 500 1850 2085 520 6700 7255
1125 1175 500 1850 2085 520 6700 7255
1125 1175 500 1850 2085 520 6700 7255
1125 1175 500 1850 2085 520 6700 7255
1125 1175 500 1850 2085 520 6700 7255
1125 1175 500 1850 2085 520 6700 7255
1125 1175 500 1850 2085 520 6700 7255
1125 1175 500 1850 2085 520 6700 7255
1125 1175 500 1850 2085 520 6700 7255
1125 1175 500 1850 2085 520 6700 7255
1125 1175 500 1850 2085 520 6700 7255
1125 1175 500 1850 2085 520 6700 7255
1125 1175 500 1850 2085 520 6700 7255
1125 1175 500 1850 2085 520 6700 7255
1125 1175 500 1850 2085 520 6700 7255
1125 1175 500 1850 2085 520 6700 7255
1125 1175 500 1850 2085 520 6700 7255
1125 1175 500 1850 2085 520 6700 7255
1125 1175 500 1850 2085 520 6700 7255
1125 1175 500 1850 2085 520 6700 7255
1125 1175 500 1850 2085 520 6700 7255
1125 1175 500 1850 2085 520 6700 7255
1125 1175 500 1850 2085 520 6700 7255
1125 1175 500 1850 2085 520 6700 7255
1125 1175 500 1850 2085 520 6700 7255
1125 1175 500 1850 2085 520 6700 7255
1125 1175 500 1850 2085 520 6700 7255
1125 1175 500 1850 2085 520 6700 7255
1125 1175 500 1850 2085 520 6700 7255
1125 1175 500 1850 2085 520 6700 7255
1125 1175 500 1850 2085 520 6700 7255
1125 1175 500 1850 2085 520 6700 7255
1125 1175 500 1850 2085 520 6700 7255
1125 1175 500 1850 2085 520 6700 7255
1125 1175 500 1850 2085 520 6700 7255
1125 1175 500 1850 2085 520 6700 7255
1125 1175 500 1850 2085 520 6700 7255
1125 1175 500 1850 2085 520 6700 7255
1125 1175 500 1850 2085 520 6700 7255
1125 1175 500 1850 2085 520 6700 7255
1125 1175 500 1850 2085 520 6700 7255
1125 1175 500 1850 2085 520 6700 7255
1125 1175 500 1850 2085 520 6700 7255
1125 1175 500 1850 2085 520 6700 7255
1125 1175 500 1850 2085 520 6700 7255
1125 1175 500 1850 2085 520 6700 7255
1125 1175 500 1850 2085 520 6700 7255
1125 1175 500 1850 2085 520 6700 7255
1125 1175 500 1850 2085 520 6700 7255
1125 1175 500 1850 2085 520 6700 7255
1125 1175 500 1850 2085 520 6700 7255
1125 1175 500 1850 2085 520 6700 7255
1125 1175 500 1850 2085 520 6700 7255
1125 1175 500 1850 2085 520 6700 7255
1125 1175 500 1850 2085 520 6700 7255
1125 1175 500 1850 2085 520 6700 7255
1125 1175 500 1850 2085 520 6700 7255
1125 1175 500 1850 2085 520 6700 7255
1125 1175 500 1850 2085 520 6700 7255
1125 1175 500 1850 2085 520 6700 7255
1125 1175 500 1850 2085 520 6700 7255
1125 1175 500 1850 2085 520 6700 7255
1125 1175 500 1850 2085 520 6700 7255
1125 1175 500 1850 2085 520 6700 7255
1125 1175 500 1850 2085 520 6700 7255
1125 1175 500 1850 2085 520 6700 7255
1125 1175 500 1850 2085 520 6700 7255
1125 1175 500 1850 2085 520 6700 7255
1125 1175 500 1850 2085 520 6700 7255
1125 1175 500 1850 2085 520 6700 7255
1125 1175 500 1850 2085 520 6700 7255
1125 1175 500 1850 2085 520 6700 7255
1125 1175 500 1850 2075 520 6700 7245
1125 1175 500 1850 2075 520 6700 7245
1125 1175 500 1850 2075 520 6700 7245
1125 1175 500 1850 2075 520 6700 7245
1125 1175 500 1850 2075 520 6700 7245
1125 1175 500 1850 2075 520 6700 7245
1125 1175 500 1850 2075 520 6700 7245
1125 1175 500 1850 2075 520 6700 7245
1125 1175 500 1850 2075 520 6700 7245
1125 1175 500 1850 2075 520 6700 7245
1125 1175 500 1850 2075 520 6700 7245
1125 1175 500 1850 2075 520 6700 7245
1125 1175 500 1850 2075 520 6700 7245
1125 1175 500 1850 2075 520 6700 7245
1125 1175 500 1850 2075 520 6700 7245
1125 1175 500 1850 2075 520 6700 7245
1125 1175 500 1850 2075 520 6700 7245
1125 1175 500 1850 2075 520 6700 7245
1125 1175 500 1850 2075 520 6700 7245
1125 1175 500 1850 2075 520 6700 7245
1125 1175 500 1850 2075 520 6700 7245
1125 1175 500 1850 2075 520 6700 7245
1125 1175 500 1850 2075 520 6700 7245
1125 1175 500 1850 2075 520 6700 7245
1125 1175 500 1850 2075 520 6700 7245
1125 1175 500 1850 2075 520 6700 7245
1125 1175 500 1850 2075 520 6700 7245
1125 1175 500 1850 2075 520 6700 7245
1125 1175 500 1850 2075 520 6700 7245
1125 1175 500 1850 2075 520 6700 7245
1125 1175 500 1850 2075 520 6700 7245
1125 1175 500 1850 2075 520 6700 7245
1125 1175 500 1850 2075 520 6700 7245
1125 1175 500 1850 2075 520 6700 7245
1125 1175 500 1850 2075 520 6700 7245
1125 1175 500 1850 2075 520 6700 7245
1125 1175 500 1850 2075 520 6700 7245
1125 1175 500 1855 2075 520 6705 7250
1125 1175 500 1855 2075 520 6705 7250
1125 1175 500 1855 2075 520 6705 7250
1125 1175 500 1855 2075 520 6705 7250
1125 1175 500 1860 2075 520 6710 7255
1125 1175 500 1860 2075 520 6710 7255
1125 1175 500 1860 2075 520 6710 7255
1125 1175 500 1860 2075 520 6700 7255
1125 1175 500 1860 2075 520 6700 7255
1125 1175 500 1860 2075 520 6700 7255
1125 1175 500 1860 2075 520 6700 7255
1125 1175 500 1860 2075 520 6700 7255
1125 1175 500 1860 2075 520 6700 7255
1125 1175 500 1860 2075 520 6700 7255
1125 1175 500 1860 2075 520 6700 7255
1125 1175 500 1860 2075 520 6700 7255
1125 1175 500 1860 2075 520 6700 7255
1125 1175 500 1860 2075 520 6700 7255
1125 1175 500 1860 2075 520 6700 7255
1125 1175 500 1860 2075 520 6700 7255
1125 1175 500 1860 2075 520 6700 7255
1125 1175 500 1860 2075 520 6700 7255
1125 1175 500 1860 2075 520 6700 7255
1125 1175 500 1860 2075 520 6700 7255
1125 1175 500 1860 2075 520 6700 7255
1125 1175 500 1860 2075 520 6700 7255
1125 1175 500 1860 2075 520 6700 7255
1125 1175 500 1860 2075 520 6700 7255
1125 1175 500 1860 2075 520 6700 7255
1125 1175 500 1860 2075 520 6700 7255
1125 1175 500 1860 2075 520 6700 7255
1125 1175 500 1860 2075 520 6700 7255
1125 1175 500 1860 2075 520 6700 7255
1125 1175 500 1860 2075 520 6700 7255
1125 1175 500 1860 2075 520 6700 7255
1125 1175 500 1860 2075 520 6700 7255
1125 1175 500 1860 2075 520 6700 7255
1125 1175 500 1860 2075 520 6700 7255
1125 1175 500 1860 2075 520 6700 7255
1125 1175 500 1860 2075 520 6700 7255
1125 1175 500 1860 2075 520 6700 7255
1125 1175 505 1860 2075 520 6700 7260
1125 1175 505 1860 2075 520 6700 7260
1125 1175 505 1860 2075 520 6700 7260
1125 1175 505 1860 2075 520 6700 7260
1125 1175 505 1860 2075 520 6700 7260
1125 1175 505 1860 2075 520 6700 7260
1125 1175 505 1860 2075 520 6700 7260
1125 1175 505 1860 2075 520 6700 7260
1125 1175 505 1860 2075 520 6700 7260
1125 1175 505 1860 2075 520 6700 7260
1125 1175 505 1860 2075 520 6700 7260
1125 1175 505 1860 2075 520 6700 7260
1125 1175 505 1860 2075 520 6700 7260
1125 1175 505 1860 2075 520 6700 7260
1125 1175 505 1860 2075 520 6700 7260
1125 1175 505 1860 2075 520 6705 7260
1125 1175 505 1860 2075 520 6705 7260
1125 1175 505 1860 2075 520 6705 7260
1125 1175 505 1860 2075 520 6705 7260
1125 1175 505 1860 2075 520 6705 7260
1125 1175 505 1860 2075 520 6705 7260
1125 1175 505 1860 2075 520 6705 7260
1125 1175 505 1860 2075 520 6705 7260
1125 1175 505 1860 2075 520 6705 7260
1125 1175 505 1860 2075 520 6705 7260
1130 1175 505 1860 2080 520 6705 7270
1130 1175 505 1860 2080 520 6705 7270
1130 1175 505 1860 2080 520 6705 7270
1130 1175 505 1860 2080 520 6705 7270
1130 1175 505 1860 2080 520 6705 7270
1130 1175 505 1860 2080 520 6705 7270
1130 1175 505 1860 2080 520 6705 7270
1130 1175 505 1860 2080 520 6705 7270
1130 1175 505 1860 2080 520 6705 7270
1130 1175 505 1860 2080 520 6705 7270
1130 1175 505 1860 2080 520 6705 7270
1130 1175 505 1860 2080 520 6705 7270
1130 1175 505 1860 2080 520 6705 7270
1130 1175 505 1860 2080 520 6705 7270
1130 1175 505 1860 2080 520 6705 7270
1130 1175 505 1860 2080 520 6705 7270
1130 1175 505 1860 2080 520 6705 7270
1130 1175 505 1860 2080 520 6705 7270
1130 1175 505 1860 2080 520 6705 7270
1130 1175 505 1860 2080 520 6705 7270
1130 1175 505 1860 2080 520 6705 7270
1130 1175 505 1860 2080 520 6705 7270
1130 1175 505 1860 2080 520 6705 7270
1130 1175 505 1860 2080 520 6705 7270
1130 1175 505 1860 2080 520 6705 7270
1130 1175 505 1860 2080 520 6705 7270
1130 1175 505 1860 2080 520 6705 7270
1130 1175 505 1860 2080 520 6705 7270
1130 1175 505 1860 2080 520 6705 7270
1130 1175 505 1860 2080 520 6705 7270
1130 1175 505 1860 2080 520 6705 7270
1130 1175 505 1860 2080 520 6705 7270
1130 1175 505 1860 2080 520 6705 7270
1130 1175 505 1860 2080 520 6705 7270
1130 1175 505 1860 2080 520 6705 7270
1130 1175 505 1860 2080 520 6705 7270
1130 1175 505 1860 2080 520 6705 7270
1130 1175 505 1860 2080 520 6705 7270
1130 1175 505 1860 2080 520 6705 7270
1130 1175 505 1860 2080 520 6705 7270
1130 1175 505 1860 2080 520 6705 7270
1130 1175 505 1860 2080 520 6705 7270
1130 1175 505 1860 2080 520 6705 7270
1130 1175 505 1860 2080 520 6705 7270
1130 1175 505 1860 2080 520 6715 7270
1130 1175 505 1860 2080 520 6715 7270
1130 1175 505 1860 2080 520 6715 7270
1130 1175 510 1860 2080 520 6715 7275
1130 1175 510 1865 2080 520 6720 7280
1130 1175 510 1865 2080 520 6720 7280
1130 1175 510 1865 2080 520 6720 7280
1130 1175 510 1865 2080 520 6720 7280
1130 1175 510 1865 2080 520 6720 7280
1130 1175 510 1865 2080 520 6720 7280
1130 1175 510 1865 2080 520 6720 7280
1130 1175 510 1865 2080 520 6720 7280
1130 1175 510 1865 2080 520 6720 7280
1130 1175 510 1865 2080 520 6720 7280
1130 1175 510 1865 2080 520 6720 7280
1130 1175 510 1870 2080 520 6725 7285
1130 1175 510 1870 2080 520 6725 7285
1130 1175 510 1870 2080 520 6725 7285
1130 1175 510 1870 2080 520 6725 7285
1130 1175 510 1870 2080 520 6725 7285
1130 1175 510 1870 2080 520 6725 7285
1130 1175 510 1870 2080 520 6725 7285
1130 1175 510 1870 2080 520 6725 7285
1130 1175 510 1870 2080 520 6725 7285
1130 1175 510 1870 2080 520 6725 7285
1130 1175 510 1870 2080 520 6725 7285
1130 1175 510 1870 2080 520 6725 7285
1130 1175 510 1870 2080 520 6725 7285
1130 1175 510 1870 2080 520 6725 7285
1130 1175 510 1870 2080 520 6725 7285
1130 1175 510 1870 2080 520 6725 7285
1130 1175 510 1870 2080 520 6725 7285
1130 1175 510 1870 2080 520 6725 7285
1130 1175 510 1870 2080 520 6725 7285
1130 1175 510 1870 2080 520 6725 7285
1130 1175 510 1870 2080 520 6725 7285
1130 1175 510 1870 2080 520 6725 7285
1130 1175 510 1870 2080 520 6725 7285
1130 1175 510 1870 2080 520 6725 7285
1130 1175 510 1870 2080 520 6725 7285
1130 1175 510 1870 2080 520 6725 7285
1130 1175 510 1870 2080 520 6725 7285
1130 1175 510 1870 2080 520 6725 7285
1130 1175 510 1870 2080 520 6725 7285
1130 1175 510 1870 2080 520 6725 7285
1130 1175 510 1870 2080 520 6725 7285
1130 1175 510 1870 2080 520 6725 7285
1130 1175 510 1870 2080 520 6725 7285
1130 1175 510 1870 2080 520 6725 7285
1130 1175 510 1870 2080 520 6725 7285
1130 1175 510 1870 2080 520 6725 7285
1130 1175 510 1870 2080 520 6725 7285
1130 1175 510 1870 2080 520 6725 7285
1130 1175 510 1870 2080 520 6725 7285
1130 1175 510 1870 2080 520 6725 7285
1130 1175 510 1870 2080 520 6725 7285
1130 1175 510 1870 2080 520 6725 7285
1130 1175 510 1870 2080 520 6725 7285
1130 1175 510 1870 2080 520 6725 7285
1130 1175 510 1870 2080 520 6725 7285
1130 1175 510 1870 2080 520 6725 7285
1130 1175 510 1870 2080 520 6725 7285
1130 1175 510 1870 2080 520 6725 7285
1130 1175 510 1870 2080 520 6725 7285
1130 1175 510 1870 2080 520 6725 7285
1130 1175 510 1870 2080 520 6725 7285
1130 1175 510 1870 2080 520 6725 7285
1130 1175 510 1870 2080 520 6725 7285
1130 1175 510 1870 2080 520 6725 7285
1130 1175 510 1870 2080 520 6725 7285
1130 1175 510 1870 2080 520 6725 7285
1130 1175 510 1870 2080 520 6725 7285
1130 1175 510 1870 2080 520 6725 7285
1130 1175 510 1870 2080 520 6725 7285
1130 1175 510 1870 2080 520 6725 7285
1130 1175 510 1870 2080 520 6725 7285
1130 1175 510 1870 2080 520 6725 7285
1130 1175 510 1870 2080 520 6725 7285
1130 1175 510 1870 2080 520 6725 7285
1130 1175 510 1870 2080 520 6725 7285
1130 1175 510 1870 2080 520 6725 7285
1130 1175 510 1870 2080 520 6725 7285
1130 1175 510 1870 2080 520 6725 7285
1130 1175 510 1870 2080 520 6725 7285
1130 1175 510 1870 2080 520 6725 7285
1130 1175 510 1870 2080 520 6725 7285
1130 1175 510 1870 2080 520 6725 7285
1130 1175 510 1870 2080 520 6725 7285
1130 1175 510 1870 2080 520 6725 7285
1130 1175 510 1870 2080 520 6725 7285
1130 1175 510 1870 2080 520 6725 7285
1130 1175 510 1870 2080 520 6725 7285
1130 1175 510 1870 2080 520 6725 7285
1130 1175 510 1870 2080 520 6725 7285
1130 1175 510 1870 2080 520 6725 7285
1130 1175 510 1870 2080 520 6725 7285
1130 1175 510 1870 2080 520 6725 7285
1130 1175 510 1870 2080 520 6725 7285
1130 1175 510 1880 2080 530 6725 7305
1130 1175 510 1880 2080 530 6725 7305
1130 1175 510 1880 2080 530 6725 7305
1130 1175 510 1880 2080 530 6725 7305
1130 1175 510 1880 2080 530 6725 7305
1130 1175 510 1880 2080 530 6725 7305
1130 1175 510 1880 2080 530 6725 7305
1130 1175 510 1880 2080 530 6725 7305
1130 1175 510 1880 2080 530 6725 7305
1130 1175 510 1880 2080 530 6725 7305
1130 1175 510 1880 2080 530 6725 7305
1130 1175 510 1880 2080 530 6725 7305
1130 1175 510 1880 2080 530 6725 7305
1130 1175 510 1880 2080 530 6725 7305
1130 1175 510 1880 2080 530 6725 7305
1130 1175 510 1880 2080 530 6725 7305
1130 1175 510 1880 2080 530 6725 7305
1130 1175 510 1880 2080 530 6725 7305
1130 1175 510 1880 2080 530 6725 7305
1130 1175 510 1880 2080 530 6725 7305
1130 1175 510 1880 2080 530 6725 7305
1130 1175 510 1880 2080 530 6725 7305
1130 1175 510 1880 2080 530 6725 7305
1130 1175 510 1880 2080 530 6725 7305
1130 1175 510 1880 2080 530 6725 7305
1130 1175 510 1880 2080 530 6725 7305
1130 1175 510 1880 2080 530 6725 7305
1130 1175 510 1880 2080 530 6725 7305
1130 1175 510 1880 2080 530 6725 7305
1130 1175 510 1880 2080 530 6725 7305
1130 1175 510 1880 2080 530 6725 7305
1130 1175 510 1880 2080 530 6725 7305
1130 1175 510 1880 2080 530 6725 7305
1130 1175 510 1880 2080 530 6725 7305
1130 1175 510 1880 2080 530 6725 7305
1130 1175 510 1880 2080 530 6725 7305
1130 1175 510 1880 2080 530 6725 7305
1130 1175 510 1880 2080 530 6725 7305
1130 1175 510 1880 2080 530 6725 7305
1130 1175 510 1880 2080 530 6725 7305
1130 1175 510 1880 2080 530 6725 7305
1130 1175 510 1880 2080 530 6725 7305
1130 1175 510 1880 2080 530 6725 7305
1130 1175 510 1880 2080 530 6725 7305
1130 1175 510 1880 2080 530 6725 7305
1130 1175 510 1880 2080 530 6725 7305
1130 1175 510 1880 2080 530 6725 7305
1130 1175 510 1880 2080 530 6725 7305
1130 1175 510 1880 2080 530 6725 7305
1130 1175 510 1880 2080 530 6725 7305
1130 1175 510 1880 2080 530 6725 7305
1130 1175 510 1880 2080 530 6725 7305
1130 1175 510 1880 2080 530 6725 7305
1130 1175 510 1880 2080 530 6725 7305
1130 1175 510 1880 2080 530 6725 7305
1130 1175 510 1880 2080 530 6725 7305
1130 1175 510 1880 2080 530 6725 7305
1130 1175 510 1880 2080 530 6725 7305
1130 1175 510 1880 2080 530 6725 7305
1130 1175 510 1880 2080 530 6725 7305
1130 1175 510 1880 2080 530 6725 7305
1130 1175 510 1880 2080 530 6725 7305
1130 1175 510 1880 2080 530 6725 7305
1130 1175 510 1880 2080 530 6725 7305
1130 1175 510 1880 2080 530 6725 7305
1130 1175 510 1880 2080 530 6725 7305
1130 1175 510 1880 2080 530 6725 7305
1130 1175 510 1880 2080 530 6725 7305
1135 1175 510 1880 2080 530 6730 7310
1135 1175 510 1880 2080 530 6730 7310
1135 1175 510 1880 2080 530 6730 7310
1135 1175 510 1880 2080 530 6730 7310
1135 1175 510 1880 2080 530 6730 7310
1135 1175 510 1880 2080 530 6730 7310
1135 1175 510 1880 2080 530 6730 7310
1135 1175 510 1880 2080 530 6730 7310
1135 1175 510 1880 2080 530 6730 7310
1135 1175 510 1880 2080 530 6730 7310
1135 1175 510 1880 2080 530 6730 7310
1135 1175 510 1880 2080 530 6730 7310
1135 1175 510 1880 2080 530 6730 7310
1135 1175 510 1880 2080 530 6730 7310
1135 1175 510 1880 2080 530 6730 7310
1135 1175 510 1880 2080 530 6730 7310
1135 1175 510 1880 2080 530 6730 7310
1135 1175 510 1880 2080 530 6730 7310
1135 1175 510 1880 2080 530 6730 7310
1135 1175 510 1880 2080 530 6730 7310
1135 1175 510 1880 2080 530 6730 7310
1135 1175 510 1880 2080 530 6730 7310
1135 1175 510 1880 2080 530 6730 7310
1135 1175 510 1880 2080 530 6730 7310
1135 1175 510 1880 2080 530 6730 7310
1135 1175 510 1880 2080 530 6730 7310
1135 1175 510 1880 2080 530 6730 7310
1135 1175 510 1880 2080 530 6730 7310
1135 1175 510 1880 2080 530 6730 7310
1135 1175 510 1880 2080 530 6730 7310
1135 1175 510 1880 2080 530 6730 7310
1135 1175 510 1880 2080 530 6730 7310
1135 1175 510 1880 2080 530 6730 7310
1135 1175 510 1880 2080 530 6730 7310
1135 1175 510 1880 2080 530 6730 7310
1135 1175 510 1880 2080 530 6730 7310
1135 1175 510 1880 2080 530 6730 7310
1135 1175 510 1880 2080 530 6730 7310
1135 1175 510 1880 2080 530 6730 7310
1135 1175 510 1880 2080 530 6730 7310
1135 1175 510 1880 2080 530 6730 7310
1135 1175 510 1880 2080 530 6730 7310
1135 1175 510 1880 2080 530 6730 7310
1135 1175 510 1880 2080 530 6730 7310
1135 1175 510 1880 2080 530 6730 7310
1135 1175 510 1880 2080 530 6730 7310
1135 1175 510 1880 2080 530 6730 7310
1135 1175 510 1880 2080 530 6730 7310
1135 1175 510 1880 2080 530 6730 7310
1135 1175 510 1880 2080 530 6730 7310
1135 1175 510 1880 2080 530 6730 7310
1135 1175 510 1880 2080 530 6730 7310
1135 1175 510 1880 2080 530 6730 7310
1135 1175 510 1880 2080 530 6730 7310
1135 1175 510 1880 2080 530 6730 7310
1135 1175 510 1880 2080 530 6730 7310
1135 1175 510 1880 2080 530 6730 7310
1135 1175 510 1880 2080 530 6730 7310
1135 1175 510 1880 2080 530 6730 7310
1135 1175 510 1880 2080 530 6730 7310
1135 1175 510 1880 2080 530 6730 7310
1135 1175 510 1880 2080 530 6730 7310
1135 1175 510 1880 2080 530 6730 7310
1135 1175 510 1880 2080 530 6730 7310
1135 1175 510 1880 2080 530 6730 7310
1135 1175 510 1880 2080 530 6730 7310
1135 1175 510 1880 2080 530 6730 7310
1135 1175 510 1880 2080 530 6730 7310
1135 1175 510 1880 2080 530 6730 7310
1135 1175 510 1880 2080 530 6730 7310
1135 1175 510 1880 2080 530 6730 7310
1135 1175 510 1880 2080 530 6730 7310
1135 1175 510 1880 2080 530 6730 7310
1135 1175 510 1880 2080 530 6730 7310
1135 1175 510 1880 2080 530 6730 7310
1135 1175 510 1880 2080 530 6730 7310
1135 1175 510 1880 2080 520 6730 7300
1135 1175 510 1880 2080 520 6730 7300
1135 1175 510 1880 2080 520 6730 7300
1135 1175 510 1880 2080 520 6730 7300
1135 1175 510 1880 2080 520 6730 7300
1135 1175 510 1880 2080 520 6730 7300
1135 1175 510 1880 2080 520 6730 7300
1135 1175 510 1880 2080 520 6730 7300
1135 1175 510 1880 2080 520 6730 7300
1135 1175 510 1880 2080 520 6730 7300
1135 1175 510 1880 2080 520 6730 7300
1135 1175 510 1880 2080 520 6730 7300
1135 1175 510 1880 2080 520 6730 7300
1135 1175 510 1880 2080 520 6730 7300
1135 1175 510 1880 2080 520 6730 7300
1135 1175 510 1880 2080 520 6730 7300
1135 1175 510 1880 2080 520 6730 7300
1135 1175 510 1880 2080 520 6730 7300
1135 1175 510 1880 2080 520 6730 7300
1135 1175 510 1880 2080 520 6730 7300
1135 1175 510 1880 2080 520 6730 7300
1135 1175 510 1880 2080 520 6730 7300
1135 1175 510 1880 2080 520 6730 7300
1135 1175 510 1880 2080 520 6730 7300
1135 1175 510 1880 2080 520 6730 7300
1135 1175 510 1880 2080 520 6730 7300
1135 1175 510 1880 2080 520 6730 7300
1135 1175 510 1880 2080 520 6730 7300
1135 1175 510 1880 2080 520 6730 7300
1135 1175 510 1880 2080 515 6730 7295
1135 1175 510 1880 2080 515 6730 7295
1135 1175 510 1880 2080 510 6730 7290
1135 1175 510 1880 2080 510 6730 7290
1135 1175 510 1880 2080 510 6730 7290
1135 1175 510 1880 2080 510 6730 7290
1135 1175 510 1880 2080 510 6730 7290
1135 1175 510 1880 2080 510 6730 7290
1135 1175 510 1880 2080 510 6730 7290
1135 1175 510 1890 2080 510 6730 7300
1135 1175 510 1890 2080 510 6730 7300
1135 1175 510 1890 2080 510 6730 7300
1135 1175 510 1890 2080 510 6730 7300
1135 1175 510 1890 2080 510 6730 7300
1135 1175 510 1890 2080 510 6730 7300
1135 1175 510 1890 2080 510 6730 7300
1135 1175 510 1890 2080 510 6730 7300
1135 1175 510 1890 2080 510 6730 7300
1135 1175 510 1890 2080 510 6730 7300
1135 1175 510 1890 2080 510 6730 7300
1135 1175 510 1890 2080 510 6730 7300
1135 1175 510 1890 2080 510 6730 7300
1135 1175 510 1890 2080 510 6730 7300
1135 1175 510 1890 2080 510 6730 7300
1135 1175 510 1890 2080 510 6730 7300
1135 1175 510 1890 2080 510 6730 7300
1135 1175 510 1890 2080 510 6730 7300
1135 1175 510 1890 2080 510 6730 7300
1135 1175 510 1890 2080 510 6730 7300
1135 1175 510 1890 2080 510 6730 7300
1135 1175 510 1890 2080 510 6730 7300
1135 1175 510 1890 2080 510 6730 7300
1135 1175 510 1890 2080 510 6730 7300
1135 1175 510 1890 2080 510 6730 7300
1135 1175 510 1890 2080 510 6730 7300
1135 1175 510 1890 2080 510 6730 7300
1135 1175 510 1890 2080 510 6730 7300
1135 1175 510 1890 2080 510 6730 7300
1135 1175 510 1890 2080 510 6730 7300
1135 1175 510 1890 2080 510 6730 7300
1135 1175 510 1890 2080 510 6730 7300
1135 1175 510 1890 2080 510 6730 7300
1135 1175 510 1890 2080 510 6730 7300
1135 1175 510 1890 2080 510 6730 7300
1135 1175 510 1890 2080 510 6730 7300
1135 1175 510 1890 2080 510 6730 7300
1135 1175 510 1890 2080 510 6730 7300
1135 1175 510 1890 2080 510 6730 7300
1135 1175 510 1890 2080 510 6730 7300
1135 1175 510 1890 2080 510 6730 7300
1135 1175 510 1890 2080 510 6735 7300
1135 1175 510 1890 2080 510 6735 7300
1135 1175 510 1890 2080 510 6735 7300
1135 1175 510 1890 2080 510 6735 7300
1135 1175 510 1890 2080 510 6735 7300
1135 1175 510 1890 2080 510 6735 7300
1135 1175 510 1890 2080 510 6735 7300
1135 1175 510 1890 2080 510 6735 7300
1135 1175 510 1890 2080 510 6735 7300
1135 1175 510 1890 2080 510 6735 7300
1135 1175 510 1890 2080 510 6735 7300
1135 1175 510 1890 2080 510 6735 7300
1135 1175 510 1890 2080 510 6735 7300
1135 1175 510 1890 2080 510 6735 7300
1135 1175 510 1890 2080 510 6735 7300
1135 1175 510 1890 2080 510 6735 7300
1135 1175 510 1890 2080 510 6735 7300
1135 1175 510 1890 2080 510 6735 7300
1135 1175 510 1890 2080 510 6740 7300
1135 1175 510 1890 2080 510 6740 7300
1135 1175 510 1890 2080 510 6740 7300
1135 1175 510 1890 2080 510 6740 7300
1135 1175 510 1890 2080 510 6740 7300
1135 1175 510 1890 2080 510 6740 7300
1135 1175 510 1890 2080 510 6740 7300
1135 1175 510 1890 2080 510 6740 7300
1135 1175 510 1890 2080 510 6740 7300
1135 1175 510 1890 2080 510 6740 7300
1135 1175 510 1890 2080 510 6740 7300
1135 1175 510 1890 2080 510 6740 7300
1135 1175 510 1890 2080 510 6740 7300
1135 1175 510 1890 2080 510 6740 7300
1135 1175 510 1890 2080 510 6740 7300
1135 1175 510 1890 2080 510 6740 7300
1135 1175 510 1890 2080 510 6740 7300
1135 1175 510 1890 2080 510 6740 7300
1135 1175 510 1890 2080 510 6740 7300
1135 1175 510 1890 2080 510 6740 7300
1135 1175 510 1890 2080 510 6740 7300
1135 1175 510 1890 2080 510 6740 7300
1135 1175 510 1890 2080 510 6740 7300
1135 1175 510 1890 2080 510 6740 7300
1135 1175 510 1890 2080 510 6740 7300
1135 1175 510 1890 2080 510 6740 7300
1135 1175 510 1890 2080 510 6740 7300
1135 1175 510 1890 2080 510 6740 7300
1135 1175 510 1890 2070 510 6740 7290
1135 1175 510 1890 2070 510 6740 7290
1135 1175 510 1890 2070 510 6745 7290
1135 1175 510 1890 2070 510 6745 7290
1135 1175 510 1890 2070 510 6745 7290
1135 1175 510 1890 2070 510 6745 7290
1135 1175 510 1890 2070 510 6745 7290
1135 1175 510 1890 2070 510 6745 7290
1135 1175 510 1890 2070 510 6745 7290
1135 1175 510 1890 2070 510 6745 7290
1135 1175 510 1890 2070 510 6745 7290
1135 1175 510 1890 2070 510 6745 7290
1135 1175 510 1890 2070 510 6745 7290
1135 1175 510 1890 2070 510 6745 7290
1135 1175 510 1890 2070 510 6745 7290
1135 1175 510 1890 2070 510 6745 7290
1135 1170 510 1890 2070 510 6745 7285
1135 1170 510 1890 2070 510 6745 7285
1135 1170 510 1890 2070 510 6745 7285
1135 1170 510 1890 2070 510 6745 7285
1135 1170 510 1890 2070 510 6745 7285
1135 1170 510 1890 2070 510 6745 7285
1135 1170 510 1890 2070 510 6745 7285
1135 1170 510 1890 2070 510 6745 7285
1135 1170 510 1890 2070 510 6745 7285
1135 1170 510 1890 2070 510 6745 7285
1135 1170 510 1890 2070 510 6745 7285
1135 1170 510 1890 2070 510 6745 7285
1135 1170 510 1890 2070 510 6745 7285
1135 1170 510 1890 2070 510 6745 7285
1135 1170 510 1890 2070 510 6745 7285
1135 1170 510 1890 2070 510 6745 7285
1135 1170 510 1890 2070 510 6745 7285
1135 1170 510 1890 2070 510 6745 7285
1135 1170 510 1890 2070 510 6745 7285
1135 1170 510 1890 2070 510 6745 7285
1135 1170 510 1890 2070 510 6745 7285
1135 1170 510 1890 2070 510 6745 7285
1135 1170 510 1890 2070 510 6745 7285
1135 1170 510 1890 2070 510 6745 7285
1135 1170 510 1890 2070 510 6745 7285
1135 1170 510 1890 2070 510 6745 7285
1135 1170 510 1890 2070 510 6745 7285
1135 1170 510 1890 2070 510 6745 7285
1135 1170 510 1890 2070 510 6745 7285
1135 1170 510 1890 2070 510 6750 7285
1135 1170 510 1890 2070 510 6750 7285
1135 1170 510 1890 2070 510 6750 7285
1135 1170 510 1890 2070 510 6750 7285
1135 1170 510 1890 2070 510 6750 7285
1135 1170 510 1890 2070 510 6750 7285
1135 1170 510 1890 2070 510 6750 7285
1135 1170 510 1890 2070 510 6750 7285
1135 1170 510 1890 2070 510 6750 7285
1135 1170 510 1890 2070 510 6750 7285
1135 1170 510 1890 2070 510 6750 7285
1135 1170 510 1890 2070 510 6750 7285
1135 1170 510 1890 2070 510 6750 7285
1135 1170 510 1890 2070 510 6750 7285
1135 1170 510 1890 2070 510 6750 7285
1135 1170 510 1890 2070 510 6750 7285
1135 1170 510 1890 2070 510 6750 7285
1135 1170 510 1890 2070 510 6750 7285
1135 1170 510 1890 2070 510 6750 7285
1135 1170 505 1890 2070 505 6750 7275
1135 1170 505 1890 2070 505 6750 7275
1135 1170 505 1890 2070 505 6750 7275
1135 1170 505 1890 2070 505 6750 7275
1135 1170 505 1890 2070 505 6750 7275
1135 1170 505 1890 2070 505 6750 7275
1135 1170 505 1890 2070 505 6750 7275
1135 1170 505 1890 2070 505 6750 7275
1135 1170 505 1890 2070 505 6750 7275
1135 1170 505 1890 2070 505 6750 7275
1135 1170 505 1890 2070 505 6750 7275
1135 1170 505 1890 2070 505 6750 7275
1135 1170 505 1890 2070 505 6750 7275
1135 1170 505 1890 2070 505 6750 7275
1135 1170 505 1890 2070 505 6750 7275
1135 1170 505 1890 2070 505 6750 7275
1135 1170 505 1890 2070 505 6750 7275
1135 1170 505 1890 2070 505 6750 7275
1135 1170 505 1890 2070 505 6750 7275
1135 1170 505 1890 2070 505 6750 7275
1135 1170 505 1890 2070 505 6750 7275
1135 1170 505 1890 2070 505 6750 7275
1135 1170 505 1890 2070 505 6750 7275
1135 1170 505 1890 2070 505 6750 7275
1135 1170 505 1890 2070 505 6750 7275
1135 1170 505 1890 2070 505 6750 7275
1135 1170 500 1890 2070 500 6750 7265
1135 1170 500 1890 2070 500 6745 7265
1135 1170 500 1890 2070 500 6745 7265
1135 1170 500 1890 2070 500 6740 7265
1135 1170 500 1890 2070 500 6740 7265
1135 1170 500 1890 2070 500 6740 7265
1135 1170 500 1890 2070 500 6740 7265
1135 1170 500 1890 2070 500 6740 7265
1135 1170 500 1890 2070 500 6740 7265
1135 1170 500 1890 2070 500 6740 7265
1135 1170 500 1890 2070 500 6740 7265
1135 1170 500 1890 2070 500 6740 7265
1135 1170 500 1890 2070 500 6740 7265
1135 1170 500 1890 2070 500 6740 7265
1135 1170 500 1890 2070 500 6740 7265
1135 1170 500 1890 2070 500 6740 7265
1135 1170 500 1890 2070 500 6740 7265
1135 1170 500 1890 2070 500 6740 7265
1135 1170 500 1890 2070 500 6740 7265
1135 1170 500 1890 2070 500 6740 7265
1135 1170 500 1890 2070 500 6740 7265
1135 1170 500 1890 2070 500 6740 7265
1135 1170 500 1890 2070 500 6740 7265
1135 1170 500 1890 2070 500 6740 7265
1135 1170 500 1890 2070 500 6740 7265
1135 1170 500 1890 2070 500 6745 7265
1135 1170 500 1890 2070 500 6745 7265
1135 1170 500 1890 2070 500 6745 7265
1135 1170 500 1890 2070 500 6745 7265
1135 1170 500 1890 2070 500 6745 7265
1135 1170 500 1890 2070 500 6745 7265
1135 1170 500 1890 2070 500 6745 7265
1135 1170 500 1890 2070 500 6745 7265
1135 1170 500 1890 2070 500 6745 7265
1135 1170 500 1890 2070 500 6745 7265
1135 1170 500 1890 2070 500 6745 7265
1135 1170 500 1890 2070 500 6750 7265
1135 1170 500 1890 2070 500 6750 7265
1135 1170 500 1890 2070 500 6750 7265
1135 1170 500 1890 2070 500 6750 7265
1135 1170 500 1890 2070 500 6750 7265
1135 1170 500 1890 2070 500 6750 7265
1135 1170 500 1890 2070 500 6750 7265
1135 1170 500 1890 2070 500 6750 7265
1135 1170 500 1890 2070 500 6750 7265
1135 1170 500 1890 2070 500 6750 7265
1135 1170 500 1890 2070 500 6750 7265
1135 1170 500 1890 2070 500 6750 7265
1135 1170 500 1890 2070 500 6750 7265
1135 1170 500 1890 2070 500 6750 7265
1135 1170 500 1890 2070 500 6750 7265
1135 1170 500 1890 2070 500 6750 7265
1135 1170 500 1895 2070 500 6755 7270
1135 1170 500 1895 2070 500 6755 7270
1135 1170 500 1900 2070 500 6760 7275
1135 1170 500 1900 2070 500 6760 7275
1135 1170 500 1900 2070 500 6760 7275
1135 1170 500 1900 2070 500 6760 7275
1135 1170 500 1900 2070 500 6760 7275
1135 1170 500 1900 2070 500 6760 7275
1135 1170 500 1900 2070 500 6760 7275
1135 1170 500 1900 2070 500 6760 7275
1135 1170 500 1900 2070 500 6760 7275
1135 1170 500 1900 2070 500 6760 7275
1135 1170 500 1900 2070 500 6760 7275
1135 1170 500 1900 2070 500 6760 7275
1135 1170 500 1900 2070 500 6760 7275
1135 1170 500 1900 2070 500 6760 7275
1135 1170 500 1900 2070 500 6760 7275
1135 1170 500 1900 2070 500 6760 7275
1135 1170 500 1900 2070 500 6760 7275
1135 1170 500 1900 2070 500 6760 7275
1135 1170 500 1900 2070 500 6760 7275
1135 1170 500 1900 2070 500 6760 7275
