# Step gr0 gr1 gr2 gr3 
500 46175 111325 48175 30075
600 46225 111400 48175 30075
700 46125 111425 48275 30075
800 45925 111500 48275 30075
900 45875 111525 48450 30075
1000 45900 111525 48450 30075
1100 45775 111575 48500 30075
1200 45775 111650 48500 30075
1300 45625 111650 48500 30075
1400 45525 111700 48500 30025
1500 45325 111725 48500 30025
1600 45300 111750 48550 30025
1700 45150 111750 48600 29975
1800 44950 111775 48650 29975
1900 44675 111450 48400 29975
2000 44450 111500 48350 29675
2100 44400 111575 48400 29625
2200 44350 111600 48425 29625
2300 44300 111650 48500 29575
2400 44225 111675 48500 29575
2500 44075 111700 48600 29525
2600 44050 111725 48725 29475
2700 44025 111425 48475 29475
2800 43950 111450 48475 29475
2900 43900 111500 48475 29475
3000 43775 111575 48475 29475
3100 43675 111575 48425 29475
3200 43550 111575 48375 29475
3300 43325 111275 48175 29350
3400 43200 108800 47725 27150
3500 43025 108675 47475 26950
3600 42825 108700 47575 26875
3700 42800 108750 47675 26825
3800 42700 108775 47725 26775
3900 42700 108800 47800 26750
4000 42600 108800 47875 26750
4100 42575 108875 47975 26750
4200 42500 108900 48100 26675
4300 42475 108975 48100 26675
4400 42350 109000 48050 26675
4500 42300 109025 48050 26675
4600 42150 109125 48000 26675
4700 42125 109150 47950 26675
4800 42050 108925 47800 26675
4900 42000 109000 47850 26675
5000 41900 109100 47900 26650
5100 41800 109150 47900 26575
5200 41675 109175 47900 26525
5300 41400 109175 48000 26525
5400 41350 109225 48100 26525
5500 41325 109200 48150 26500
5600 41300 109200 48150 26500
5700 41275 109250 48200 26500
5800 41175 109300 48300 26475
5900 41150 109400 48450 26475
6000 41150 109400 48475 26475
6100 41000 109400 48525 26475
6200 40950 109425 48525 26475
6300 40900 109425 48525 26475
6400 40875 109450 48525 26475
6500 40850 109475 48525 26475
6600 40775 109550 48575 26425
6700 40725 109600 48575 26425
6800 40650 109625 48575 26425
6900 40550 109675 48575 26425
7000 40375 109700 48575 26425
7100 40125 109700 48525 26425
7200 39950 109725 48525 26425
7300 39950 109750 48625 26425
7400 39875 109800 48725 26425
7500 39825 109800 48775 26425
7600 39825 109825 48825 26425
7700 39775 109850 48900 26425
7800 39750 109925 49025 26425
7900 39725 110000 49150 26425
8000 39675 110050 49150 26425
8100 39625 110125 49100 26425
8200 39600 110175 49100 26425
8300 39525 110225 49100 26425
8400 39475 110275 49100 26425
8500 39425 110275 49100 26425
8600 39350 110275 49100 26425
8700 39225 110325 49100 26425
8800 39125 110350 49150 26425
8900 39000 110375 49150 26425
9000 38950 110425 49150 26425
9100 38850 110425 49150 26425
9200 38600 110475 49150 26375
9300 38525 110500 49150 26375
9400 38500 110550 49150 26375
9500 38500 110625 49175 26375
9600 38475 110650 49300 26325
9700 38475 110700 49300 26325
9800 38425 110725 49275 26300
9900 38350 110750 49400 26250
10000 38325 110825 49550 26200
10100 38300 110625 49425 26175
10200 38225 110650 49375 26100
10300 38225 110675 49375 26100
10400 38175 110700 49375 26025
10500 38100 110725 49375 26025
10600 38025 110750 49375 26025
10700 38025 110775 49375 26025
10800 38000 110800 49375 26025
10900 37950 110800 49375 26025
11000 37850 110825 49375 26025
11100 37825 110825 49375 26025
11200 37725 110875 49375 26025
11300 37650 110925 49375 26025
11400 37600 110950 49375 26025
11500 37475 110975 49325 26025
11600 37225 110975 49325 26025
11700 37200 111000 49375 26025
11800 37050 111025 49375 26025
11900 37050 111050 49375 26025
12000 37025 111100 49375 26025
12100 37000 111100 49475 26025
12200 37000 111100 49550 26025
12300 37000 111150 49650 26025
12400 36975 111200 49725 26025
12500 36950 111275 49900 26025
12600 36925 111325 49900 26025
12700 36900 111375 49900 26025
12800 36850 111400 49900 26025
12900 36850 111400 49850 25975
13000 36800 111425 49850 25975
13100 36750 111400 49850 25975
13200 36700 111400 49850 25975
13300 36675 111475 49850 25975
13400 36625 111450 49850 25975
13500 36625 111500 49900 25975
13600 36525 111500 49900 25925
13700 36500 111525 49900 25925
13800 36500 111525 49900 25925
13900 36425 111550 49900 25925
14000 36400 111550 49900 25925
14100 36300 111575 49900 25925
14200 36200 111600 49900 25925
14300 35950 111625 49900 25925
14400 35900 111625 49900 25925
14500 35900 111700 49925 25925
14600 35825 111725 49925 25925
14700 35800 111775 49925 25925
14800 35750 111800 49925 25925
14900 35725 111800 49925 25925
15000 35725 111825 49925 25925
15100 35725 111850 50025 25925
15200 35700 111850 50100 25925
15300 35700 111850 50250 25925
15400 35650 111900 50350 25925
15500 35575 111925 50425 25925
15600 35550 112025 50425 25925
15700 35525 112025 50425 25925
15800 35500 112050 50425 25925
15900 35475 112100 50425 25925
16000 35425 112100 50425 25925
16100 35400 112125 50425 25925
16200 35375 112175 50425 25925
16300 35350 112175 50425 25925
16400 35325 112200 50425 25925
16500 35300 112200 50375 25925
16600 35300 112200 50375 25925
16700 35200 112150 50375 25925
16800 35175 112025 50225 25925
16900 35150 112050 50225 25925
17000 35125 112075 50225 25925
17100 35050 112125 50225 25925
17200 35000 112150 50225 25925
17300 34950 112150 50225 25925
17400 34900 112200 50225 25925
17500 34825 112200 50225 25925
17600 34575 112250 50225 25925
17700 34575 112275 50175 25925
17800 34550 112250 50175 25925
17900 34550 112250 50175 25925
18000 34500 112325 50175 25925
18100 34500 112325 50175 25925
18200 34475 112350 50175 25875
18300 34375 112350 50175 25875
18400 34325 112400 50175 25875
18500 34325 112425 50175 25875
18600 34300 112450 50175 25875
18700 34275 112450 50275 25875
18800 34250 112475 50350 25875
18900 34200 112475 50475 25875
19000 34200 112500 50600 25875
19100 34175 112500 50600 25875
19200 34150 112550 50600 25875
19300 34150 112550 50600 25875
19400 34150 112575 50625 25875
19500 34150 112600 50600 25875
19600 34125 112575 50600 25875
19700 34125 112600 50600 25875
19800 34075 112600 50600 25875
19900 34075 112650 50600 25875
20000 34075 112650 50600 25875
20100 34050 112675 50600 25875
20200 33975 112675 50600 25875
20300 33950 112675 50600 25875
20400 33925 112700 50600 25875
20500 33875 112700 50600 25875
20600 33875 112700 50600 25875
20700 33850 112725 50600 25875
20800 33825 112750 50600 25875
20900 33800 112750 50625 25875
21000 33725 112800 50625 25875
21100 33700 112800 50650 25875
21200 33650 112825 50650 25875
21300 33650 112825 50650 25875
21400 33600 112850 50650 25875
21500 33525 112875 50700 25875
21600 33425 112875 50650 25875
21700 33200 112925 50600 25875
21800 33200 112875 50600 25875
21900 33175 112750 50450 25875
22000 33150 112775 50450 25875
22100 33150 112775 50450 25875
22200 33125 112825 50450 25875
22300 33125 112850 50450 25875
22400 33100 112850 50450 25875
22500 33075 112875 50450 25875
22600 33050 112900 50450 25875
22700 33050 112900 50450 25850
22800 32975 112925 50425 25850
22900 32975 112925 50350 25850
23000 32950 112975 50350 25850
23100 32950 113000 50350 25850
23200 32925 113000 50350 25850
23300 32875 113000 50450 25850
23400 32850 113025 50550 25850
23500 32800 113025 50650 25825
23600 32775 113025 50725 25825
23700 32700 113050 50725 25825
23800 32700 113075 50725 25825
23900 32700 113100 50775 25825
24000 32700 113100 50750 25825
24100 32700 113100 50725 25775
24200 32700 113100 50700 25775
24300 32675 113075 50675 25775
24400 32650 113100 50675 25775
24500 32625 113100 50675 25775
24600 32625 113125 50675 25775
24700 32600 113125 50675 25775
24800 32600 113150 50675 25775
24900 32600 113150 50675 25775
25000 32600 113150 50675 25775
25100 32575 113150 50675 25775
25200 32575 113175 50675 25775
25300 32575 113175 50675 25775
25400 32575 113175 50675 25775
25500 32525 113225 50675 25775
25600 32500 113225 50675 25725
25700 32500 113250 50725 25725
25800 32500 113275 50725 25725
25900 32475 113300 50725 25725
26000 32475 113300 50725 25725
26100 32450 113325 50725 25725
26200 32400 113350 50725 25725
26300 32400 113325 50725 25725
26400 32375 113350 50725 25725
26500 32375 113325 50725 25725
26600 32375 113325 50725 25700
26700 32300 113325 50725 25700
26800 32275 113275 50725 25700
26900 32200 113300 50675 25700
27000 32125 113250 50675 25700
27100 31950 113150 50525 25625
27200 31775 113100 50525 25625
27300 31775 113125 50525 25625
27400 31750 113125 50525 25625
27500 31750 113125 50525 25625
27600 31750 113100 50525 25625
27700 31750 113100 50525 25625
27800 31750 113100 50525 25625
27900 31750 113075 50525 25625
28000 31750 113075 50525 25625
28100 31750 113050 50525 25575
28200 31725 113025 50525 25525
28300 31725 113000 50525 25525
28400 31725 112825 50475 25475
28500 31725 111375 50475 23775
28600 31725 111425 50475 23725
28700 31725 111450 50475 23725
28800 31700 111500 50475 23700
28900 31700 111525 50475 23675
29000 31700 111575 50425 23675
29100 31700 111625 50425 23675
29200 31700 111675 50425 23675
29300 31700 111675 50400 23675
29400 31625 111700 50400 23675
29500 31600 111700 50375 23650
29600 31550 111700 50375 23650
29700 31550 111700 50375 23625
29800 31550 111700 50475 23625
29900 31550 111700 50625 23625
30000 31550 111700 50700 23625
30100 31525 111700 50700 23625
30200 31500 111700 50700 23625
30300 31500 111700 50700 23625
30400 31500 111700 50750 23625
30500 31500 111700 50750 23625
30600 31500 111700 50750 23625
30700 31450 111700 50750 23625
30800 31450 111700 50750 23625
30900 31450 111700 50750 23625
31000 31425 111700 50750 23625
31100 31400 111725 50750 23625
31200 31375 111725 50750 23625
31300 31325 111725 50750 23625
31400 31300 111725 50750 23625
31500 31200 111750 50750 23625
31600 31200 111750 50750 23600
31700 31175 111750 50750 23600
31800 31150 111750 50750 23600
31900 31100 111750 50750 23600
32000 31100 111750 50750 23600
32100 31100 111750 50750 23600
32200 31100 111750 50750 23600
32300 31100 111750 50800 23575
32400 31100 111750 50800 23575
32500 31100 111750 50800 23575
32600 31075 111750 50800 23575
32700 31075 111750 50800 23575
32800 31075 111750 50800 23575
32900 31075 111750 50800 23575
33000 31075 111775 50800 23575
33100 31075 111775 50800 23575
33200 31075 111775 50800 23575
33300 31075 111775 50800 23575
33400 31075 111775 50800 23575
33500 31075 111775 50800 23575
33600 31075 111775 50800 23575
33700 31050 111775 50800 23575
33800 31025 111775 50800 23575
33900 31025 111775 50800 23575
34000 31025 111775 50800 23575
34100 31025 111775 50800 23575
34200 31025 111775 50800 23575
34300 31025 111800 50800 23575
34400 31025 111800 50800 23575
34500 31025 111800 50800 23575
34600 31025 111800 50800 23575
34700 31025 111800 50800 23575
34800 31000 111825 50800 23575
34900 30975 111850 50800 23575
35000 30975 111900 50800 23575
35100 30975 111950 50800 23525
35200 30975 111975 50800 23525
35300 30925 112025 50800 23525
35400 30900 112125 50800 23525
35500 30800 112175 50800 23500
35600 30600 112225 50800 23500
35700 30600 112250 50800 23500
35800 30600 112275 50800 23500
35900 30600 112350 50800 23500
36000 30600 112375 50800 23500
36100 30600 112400 50800 23500
36200 30600 112400 50800 23500
36300 30600 112400 50800 23500
36400 30550 112400 50825 23500
36500 30525 112400 50850 23475
36600 30525 112400 50850 23475
36700 30500 112400 50850 23475
36800 30500 112400 50850 23425
36900 30475 112400 50850 23425
37000 30475 112400 50850 23425
37100 30475 112400 50850 23425
37200 30450 112400 50850 23425
37300 30450 112400 50850 23425
37400 30450 112400 50850 23425
37500 30425 112400 50850 23425
37600 30425 112400 50850 23425
37700 30400 112400 50850 23425
37800 30400 112400 50850 23425
37900 30375 112400 50850 23425
38000 30375 112400 50850 23425
38100 30350 112400 50850 23425
38200 30325 112400 50850 23425
38300 30325 112400 50850 23425
38400 30325 112400 50850 23425
38500 30325 112400 50850 23425
38600 30275 112400 50850 23425
38700 30275 112400 50850 23425
38800 30275 112400 50850 23425
38900 30275 112400 50850 23425
39000 30275 112400 50850 23425
39100 30225 112400 50850 23425
39200 30225 112400 50850 23425
39300 30225 112400 50850 23425
39400 30225 112400 50850 23425
39500 30225 112400 50850 23425
39600 30175 112400 50850 23425
39700 30175 112400 50850 23425
39800 30175 112400 50850 23425
39900 30175 112400 50850 23425
40000 30175 112400 50850 23425
40100 30175 112400 50800 23425
40200 30125 112400 50800 23425
40300 30125 112350 50800 23400
40400 30125 112350 50800 23400
40500 30125 112350 50800 23400
40600 30125 112350 50800 23400
40700 30125 112250 50700 23400
40800 30100 112250 50700 23400
40900 30075 112250 50700 23400
41000 30075 112250 50700 23400
41100 30075 112250 50700 23400
41200 30075 112250 50700 23400
41300 30075 112250 50775 23400
41400 30050 112250 50825 23400
41500 30025 112250 50950 23400
41600 30025 112250 50975 23400
41700 30025 112250 50975 23400
41800 30000 112250 50975 23400
41900 30000 112250 50925 23400
42000 30000 112275 50925 23400
42100 30000 112275 50925 23400
42200 30000 112275 50925 23400
42300 30000 112275 50925 23400
42400 30000 112275 50925 23400
42500 30000 112300 50975 23400
42600 30000 112250 50975 23400
42700 30000 112275 50975 23400
42800 29975 112275 50975 23400
42900 29950 112300 50975 23400
43000 29950 112300 50975 23400
43100 29950 112325 50975 23400
43200 29950 112350 50975 23400
43300 29950 112350 50975 23400
43400 29950 112350 50975 23400
43500 29950 112350 50975 23400
43600 29950 112350 50975 23400
43700 29950 112350 51000 23400
43800 29950 112350 51000 23400
43900 29950 112350 51000 23400
44000 29950 112375 50975 23400
44100 29950 112375 50975 23400
44200 29950 112375 50975 23400
44300 29950 112375 50975 23400
44400 29950 112375 50975 23400
44500 29950 112375 50975 23400
44600 29950 112400 50975 23400
44700 29950 112400 50975 23400
44800 29950 112400 50975 23400
44900 29950 112400 50975 23400
45000 29950 112425 50975 23375
45100 29950 112425 50975 23375
45200 29950 112425 50975 23375
45300 29950 112425 50975 23375
45400 29950 112425 50975 23375
45500 29950 112425 50975 23375
45600 29950 112450 50975 23375
45700 29950 112450 50975 23375
45800 29950 112450 50975 23375
45900 29950 112450 50975 23375
46000 29950 112450 50950 23375
46100 29950 112450 50950 23375
46200 29950 112450 51000 23375
46300 29950 112450 51000 23375
46400 29950 112475 51000 23375
46500 29950 112475 51000 23325
46600 29950 112475 51000 23325
46700 29950 112475 51000 23325
46800 29950 112475 51000 23325
46900 29950 112475 51000 23325
47000 29950 112475 51000 23325
47100 29950 112475 51000 23325
47200 29925 112475 51000 23325
47300 29925 112475 51000 23325
47400 29925 112475 51000 23325
47500 29925 112475 51000 23325
47600 29925 112500 51000 23325
47700 29925 112500 51000 23325
47800 29925 112500 51000 23300
47900 29925 112500 51000 23300
48000 29925 112500 51000 23300
48100 29900 112500 51000 23300
48200 29900 112500 51000 23300
48300 29900 112500 51000 23300
48400 29900 112500 51000 23300
48500 29900 112500 51000 23300
48600 29900 112525 51000 23300
48700 29900 112525 51000 23300
48800 29900 112525 51000 23300
48900 29900 112525 51000 23300
49000 29900 112525 51000 23300
49100 29900 112525 51025 23300
49200 29900 112525 51025 23300
49300 29900 112525 51025 23300
49400 29900 112525 51025 23300
49500 29900 112525 51025 23300
49600 29875 112525 51025 23300
49700 29875 112525 51025 23275
49800 29850 112525 51025 23275
49900 29850 112550 51025 23250
50000 29850 112550 51025 23250
50100 29850 112550 51025 23250
50200 29850 112550 51025 23250
50300 29850 112550 51025 23250
50400 29850 112550 51025 23225
50500 29850 112550 51025 23225
50600 29850 112550 51025 23225
50700 29850 112550 51025 23225
50800 29850 112550 51025 23225
50900 29850 112575 51025 23225
51000 29850 112575 51025 23225
51100 29850 112575 51025 23225
51200 29850 112575 51025 23225
51300 29825 112575 51025 23225
51400 29825 112575 51025 23225
51500 29825 112575 51025 23225
51600 29825 112575 51025 23225
51700 29825 112575 51025 23225
51800 29825 112575 51025 23225
51900 29800 112575 51025 23225
52000 29800 112575 51025 23225
52100 29800 112600 51025 23225
52200 29800 112600 51025 23225
52300 29800 112600 51025 23225
52400 29825 112600 51025 23225
52500 29825 112600 51025 23225
52600 29825 112600 51025 23225
52700 29825 112600 51025 23225
52800 29825 112600 51050 23225
52900 29800 112600 51075 23225
53000 29800 112600 51075 23225
53100 29800 112625 51075 23225
53200 29800 112625 51075 23225
53300 29775 112625 51075 23225
53400 29775 112625 51075 23225
53500 29775 112625 51075 23225
53600 29725 112625 51075 23225
53700 29675 112625 51075 23225
53800 29675 112650 51075 23225
53900 29675 112650 51075 23225
54000 29675 112675 51075 23225
54100 29650 112675 51075 23225
54200 29650 112675 51075 23225
54300 29650 112675 51075 23225
54400 29650 112675 51075 23225
54500 29625 112675 51075 23225
54600 29600 112675 51075 23225
54700 29600 112675 51075 23225
54800 29600 112675 51075 23225
54900 29600 112700 51075 23225
55000 29550 112700 51075 23225
55100 29550 112700 51075 23225
55200 29425 112700 51075 23225
55300 29300 112700 51075 23225
55400 29300 112700 51075 23225
55500 29300 112700 51075 23225
55600 29275 112725 51075 23225
55700 29275 112725 51075 23225
55800 29275 112725 51075 23225
55900 29275 112750 51075 23225
56000 29275 112775 51075 23225
56100 29275 112775 51075 23225
56200 29275 112800 51075 23225
56300 29275 112800 51075 23225
56400 29275 112800 51075 23225
56500 29275 112800 51075 23225
56600 29250 112800 51075 23225
56700 29250 112850 51075 23225
56800 29250 112850 51075 23225
56900 29250 112850 51075 23225
57000 29250 112850 51075 23225
57100 29225 112875 51075 23225
57200 29225 112875 51075 23225
57300 29225 112875 51075 23225
57400 29225 112875 51075 23225
57500 29225 112900 51075 23225
57600 29225 112900 51075 23200
57700 29225 112850 51075 23200
57800 29225 112850 51075 23200
57900 29225 112850 51075 23200
58000 29225 112850 51075 23200
58100 29225 112850 51075 23200
58200 29225 112850 51075 23200
58300 29225 112850 51075 23200
58400 29200 112850 51075 23200
58500 29200 112875 51075 23200
58600 29200 112875 51075 23200
58700 29200 112850 51075 23200
58800 29200 112850 51075 23200
58900 29200 112850 51075 23200
59000 29200 112850 51075 23200
59100 29175 112875 51075 23200
59200 29175 112875 51075 23200
59300 29175 112875 51075 23200
59400 29175 112875 51075 23200
59500 29175 112900 51075 23200
59600 29175 112900 51075 23200
59700 29175 112900 51075 23175
59800 29175 112900 51075 23175
59900 29175 112900 51075 23175
60000 29175 112900 51075 23175
60100 29150 112900 51075 23175
60200 29150 112900 51075 23175
60300 29150 112900 51075 23175
60400 29150 112900 51075 23175
60500 29150 112900 51075 23175
60600 29150 112900 51075 23175
60700 29150 112900 51075 23175
60800 29150 112900 51075 23175
60900 29125 112925 51075 23175
61000 29125 112925 51075 23175
61100 29125 112925 51075 23175
61200 29125 112925 51075 23175
61300 29125 112925 51075 23175
61400 29100 112925 51075 23175
61500 29100 112950 51075 23175
61600 29100 112950 51075 23175
61700 29100 112950 51075 23175
61800 29100 112950 51075 23175
61900 29100 112950 51075 23175
62000 29100 112950 51075 23175
62100 29100 112950 51050 23175
62200 29100 112950 51050 23175
62300 29100 112950 51050 23175
62400 29100 112950 51050 23175
62500 29100 112950 51025 23175
62600 29100 112950 51025 23175
62700 29100 112950 51025 23175
62800 29075 112975 51025 23175
62900 29075 112975 51025 23175
63000 29075 112975 51025 23175
63100 29075 112975 51025 23175
63200 29075 112975 51025 23175
63300 29075 112975 51025 23175
63400 29075 112975 51025 23175
63500 29075 112975 51025 23175
63600 29075 112975 51025 23175
63700 29075 112975 51025 23175
63800 29075 112975 51025 23175
63900 29075 112975 51025 23175
64000 29075 112975 51025 23175
64100 29075 112975 51025 23175
64200 29075 112975 51025 23175
64300 29075 112975 51025 23175
64400 29075 112975 51025 23175
64500 29075 112975 51025 23175
64600 29075 112975 51025 23175
64700 29075 112975 51025 23175
64800 29075 112975 51025 23175
64900 29075 112975 51025 23175
65000 29075 112975 51025 23175
65100 29075 112975 51025 23175
65200 29075 112975 51025 23175
65300 29075 112975 51025 23175
65400 29075 112975 51025 23175
65500 29075 112975 51025 23175
65600 29075 112975 51025 23175
65700 29075 112975 51025 23175
65800 29075 112975 51025 23175
65900 29075 112975 51025 23175
66000 29075 112975 51025 23175
66100 29075 112975 51025 23175
66200 29075 112975 51025 23175
66300 29075 112975 51025 23175
66400 29075 112975 51025 23175
66500 29075 112975 51025 23175
66600 29075 112975 51025 23175
66700 29075 112975 51025 23175
66800 29075 112975 51025 23175
66900 29075 112975 51025 23175
67000 29075 112975 51025 23175
67100 29075 112975 51025 23175
67200 29075 112975 51025 23175
67300 29075 112975 51025 23175
67400 29075 112975 51025 23175
67500 29075 112975 51025 23175
67600 29075 112975 51025 23175
67700 29075 112975 51025 23175
67800 29075 112975 51025 23175
67900 29075 112975 51025 23175
68000 29075 112975 51025 23175
68100 29075 112975 51025 23175
68200 29075 112975 51025 23175
68300 29075 112975 51025 23175
68400 29075 112975 51025 23175
68500 29075 112975 51025 23175
68600 29075 112975 51025 23175
68700 29075 112975 51025 23175
68800 29075 112975 51025 23175
68900 29075 112975 51025 23175
69000 29075 112975 51025 23175
69100 29075 112975 51025 23175
69200 29075 112975 51025 23175
69300 29075 112975 51025 23175
69400 29075 112975 51025 23175
69500 29075 112975 51025 23175
69600 29050 113000 51025 23175
69700 29050 113000 51025 23175
69800 29050 113000 51025 23175
69900 29050 113000 51025 23175
70000 29050 113000 51025 23175
70100 29050 113000 51025 23175
70200 29050 113000 51025 23175
70300 29050 113000 51025 23175
70400 29050 113000 51025 23175
70500 29050 113000 51025 23175
70600 29050 113000 51025 23175
70700 29050 113000 51025 23175
70800 29050 113000 51025 23175
70900 29050 113000 51025 23175
71000 29050 113000 51025 23175
71100 29050 113000 51025 23175
71200 29050 113000 51025 23175
71300 29050 113000 51025 23175
71400 29050 113000 51025 23175
71500 29050 113000 51025 23175
71600 29050 113000 51025 23175
71700 29050 113000 51025 23175
71800 29050 113000 51025 23175
71900 29050 113000 51025 23175
72000 29050 113000 51025 23175
72100 29050 113000 51025 23175
72200 29050 113000 51025 23175
72300 29050 113000 51025 23175
72400 29050 113000 51025 23175
72500 29050 113000 51025 23175
72600 29050 113000 51025 23175
72700 29050 113000 51025 23175
72800 29050 113000 51025 23175
72900 29050 113000 51025 23175
73000 29050 113000 51025 23175
73100 29050 113000 51025 23175
73200 29050 113000 51025 23175
73300 29050 113000 51025 23175
73400 29050 113000 51025 23175
73500 29050 113000 51025 23175
73600 29050 113000 51025 23175
73700 29050 113000 51025 23175
73800 29050 113000 51025 23175
73900 29050 113000 51025 23175
74000 29050 112950 51025 23175
74100 29050 112950 51025 23175
74200 29050 112950 51025 23175
74300 29050 112950 51025 23175
74400 29050 112950 51025 23175
74500 29050 112950 51025 23175
74600 29050 112950 51025 23175
74700 29050 112950 51025 23175
74800 29025 112950 51025 23150
74900 29025 112950 51025 23150
75000 29025 112950 51025 23150
75100 29025 112950 51025 23150
75200 29025 112950 51025 23150
75300 29025 112950 51025 23150
75400 29025 112950 51025 23150
75500 29025 112950 51025 23150
75600 29000 112950 51025 23150
75700 29000 112950 51025 23150
75800 29000 112975 51025 23150
75900 29000 112975 51025 23150
76000 29000 112975 51025 23150
76100 29000 112975 51025 23150
76200 29000 112975 51025 23150
76300 29000 112975 51025 23150
76400 29000 112975 51025 23150
76500 29000 112975 51025 23150
76600 29000 112975 51025 23150
76700 29000 112975 51025 23150
76800 29000 112975 51025 23150
76900 29000 112975 51025 23150
77000 29000 112975 51025 23150
77100 29000 112975 51025 23150
77200 29000 112975 51025 23150
77300 29000 112975 51000 23150
77400 29000 112975 50975 23150
77500 29000 112975 50975 23150
77600 29000 112975 50975 23150
77700 29000 112975 50975 23150
77800 29000 112975 50975 23150
77900 29000 112975 50975 23150
78000 29000 112975 50975 23150
78100 29000 112975 50975 23150
78200 29000 112975 50975 23150
78300 29000 112975 50975 23150
78400 29000 112975 50975 23125
78500 29000 112975 50975 23125
78600 29000 112975 50975 23125
78700 29000 112975 50975 23125
78800 29000 112975 50975 23125
78900 29000 112975 50975 23125
79000 29000 112975 50975 23125
79100 29000 112975 50975 23125
79200 29000 112975 50975 23125
79300 29000 112975 50975 23125
79400 29000 112975 50975 23125
79500 29000 112975 50975 23125
79600 29000 112975 50975 23125
79700 29025 112975 50975 23125
79800 29025 112975 50975 23125
79900 29025 112975 50975 23125
80000 29025 113000 50975 23125
80100 29025 113000 50975 23125
80200 29025 113000 50975 23125
80300 29025 113000 50975 23125
80400 29025 113000 50975 23125
80500 29025 113000 50975 23100
80600 29025 113000 50975 23100
80700 29025 113000 50975 23100
80800 29025 113000 50975 23100
80900 29025 113000 50975 23100
81000 29025 113000 50975 23100
81100 29025 113000 50975 23100
81200 29025 113000 50975 23100
81300 29025 113000 50975 23100
81400 29025 113000 50975 23100
81500 29025 113000 50975 23100
81600 29025 113000 50975 23100
81700 29025 113000 50975 23100
81800 29025 113000 50975 23100
81900 29025 113000 50975 23100
82000 29025 113000 50975 23100
82100 29025 113000 50975 23100
82200 29025 113000 50975 23100
82300 29025 113000 50975 23100
82400 29025 113000 50975 23100
82500 29025 113000 50975 23100
82600 29025 113000 50975 23100
82700 29025 113000 50975 23100
82800 29025 113000 50975 23100
82900 29025 113000 50975 23100
83000 29025 113000 50975 23100
83100 29025 113000 50975 23100
83200 29025 113000 50975 23100
83300 29025 113000 50975 23100
83400 29025 113000 50975 23100
83500 29025 113000 50975 23100
83600 29025 113000 50975 23100
83700 29025 113000 50975 23100
83800 29025 113000 50975 23100
83900 29025 113000 50975 23100
84000 29025 113000 50975 23100
84100 29025 113000 50975 23100
84200 29025 113000 50975 23100
84300 29025 113025 50975 23100
84400 29025 113050 50975 23100
84500 29050 113050 50975 23100
84600 29050 113050 50975 23100
84700 29050 113050 50975 23100
84800 29050 113050 50975 23100
84900 29050 113050 50975 23100
85000 29050 113050 50975 23100
85100 29050 113050 50975 23100
85200 29050 113050 50975 23100
85300 29050 113050 50975 23100
85400 29050 113050 50975 23100
85500 29050 113050 50975 23100
85600 29050 113050 50975 23100
85700 29050 113050 50975 23100
85800 29050 113050 50975 23100
85900 29050 113050 50975 23100
86000 29050 113050 50975 23100
86100 29050 113050 50975 23100
86200 29050 113050 50975 23100
86300 29050 113050 50975 23100
86400 29050 113050 50975 23100
86500 29050 113050 50975 23100
86600 29050 113050 50975 23100
86700 29050 113050 50975 23100
86800 29050 113050 50975 23100
86900 29050 113050 50975 23100
87000 29050 113050 50975 23100
87100 29050 113050 50975 23100
87200 29050 113050 50975 23100
87300 29050 113050 50975 23100
87400 29050 113050 50975 23100
87500 29050 113050 50975 23100
87600 29050 113050 50975 23100
87700 29050 113050 50975 23100
87800 29050 113050 50975 23100
87900 29050 113050 50975 23100
88000 29050 113050 50975 23100
88100 29050 113050 50975 23100
88200 29050 113050 50975 23100
88300 29050 113050 50975 23100
88400 29050 113050 50975 23100
88500 29050 113050 50975 23075
88600 29050 113050 50975 23075
88700 29050 113050 50975 23075
88800 29050 113050 50975 23075
88900 29050 113050 50975 23075
89000 29050 113050 50975 23075
89100 29050 113050 50975 23075
89200 29050 113050 50975 23075
89300 29050 113050 50975 23075
89400 29050 113050 50975 23075
89500 29050 113050 50975 23075
89600 29050 113050 50975 23075
89700 29050 113050 50975 23075
89800 29050 113050 50975 23075
89900 29050 113050 50975 23075
90000 29050 113050 50975 23075
90100 29050 113050 50975 23050
90200 29050 113050 50975 23050
90300 29050 113050 50975 23050
90400 29050 113050 50975 23050
90500 29050 113050 50975 23050
90600 29050 113050 50975 23050
90700 29050 113050 50975 23050
90800 29050 113050 50975 23050
90900 29050 113050 50975 23050
91000 29050 113050 50975 23050
91100 29050 113050 50975 23050
91200 29050 113050 50975 23050
91300 29050 113050 50975 23050
91400 29050 113050 50975 23050
91500 29050 113050 50975 23050
91600 29050 113050 50975 23050
91700 29050 113050 50975 23050
91800 29050 113050 50975 23050
91900 29050 113050 50975 23050
92000 29050 113050 50975 23050
92100 29050 113050 50975 23050
92200 29050 113050 50975 23050
92300 29050 113050 50975 23050
92400 29050 113050 50975 23050
92500 29050 113050 50975 23050
92600 29050 113050 50975 23050
92700 29050 113050 50975 23050
92800 29050 113050 50975 23050
92900 29050 113050 50975 23050
93000 29050 113050 50975 23050
93100 29050 113050 50975 23050
93200 29050 113050 50975 23050
93300 29050 113050 50975 23050
93400 29050 113050 50975 23050
93500 29050 113050 50975 23050
93600 29050 113050 50975 23050
93700 29050 113050 51025 23050
93800 29050 113050 51025 23050
93900 29050 113050 51025 23050
94000 29050 113050 51025 23050
94100 29050 113050 51025 23050
94200 29050 113050 51025 23050
94300 29050 113050 51025 23050
94400 29050 113050 51025 23050
94500 29050 113050 51025 23050
94600 29050 113050 51025 23050
94700 29050 113050 51025 23050
94800 29050 113050 51025 23050
94900 29050 113050 51025 23050
95000 29050 113050 51025 23050
95100 29050 113050 51025 23050
95200 29050 113050 51025 23050
95300 29050 113050 51025 23050
95400 29050 113050 51025 23050
95500 29050 113050 51025 23050
95600 29050 113050 51075 23050
95700 29050 113050 51075 23050
95800 29050 113050 51075 23050
95900 29050 113050 51075 23050
96000 29050 113050 51075 23050
96100 29050 113075 51075 23050
96200 29050 113075 51075 23050
96300 29050 113075 51075 23050
96400 29050 113075 51075 23050
96500 29050 113075 51075 23050
96600 29050 113075 51075 23050
96700 29050 113075 51075 23050
96800 29050 113075 51075 23050
96900 29050 113075 51075 23050
97000 29050 113075 51075 23050
97100 29050 113075 51075 23050
97200 29050 113075 51075 23050
97300 29050 113075 51075 23050
97400 29050 113075 51075 23050
97500 29050 113075 51075 23025
97600 29050 113075 51075 23025
97700 29050 113075 51075 23025
97800 29050 113075 51075 23025
97900 29050 113075 51075 23025
98000 29050 113075 51075 23025
98100 29050 113075 51075 23025
98200 29050 113075 51075 23025
98300 29050 113075 51075 23025
98400 29050 113075 51075 23025
98500 29050 113075 51075 23025
98600 29050 113075 51075 23025
98700 29050 113075 51075 23025
98800 29050 113075 51075 23025
98900 29050 113075 51075 23025
99000 29050 113075 51075 23025
99100 29050 113075 51075 23025
99200 29050 113075 51075 23025
99300 29050 113075 51075 23025
99400 29050 113075 51075 23025
99500 29050 113075 51075 23025
99600 29050 113075 51075 23025
99700 29050 113075 51075 23025
99800 29050 113075 51075 23025
99900 29050 113075 51075 23025
100000 29050 113075 51075 23025
100100 29050 113075 51075 23025
100200 29050 113075 51075 23025
100300 29050 113075 51075 23025
100400 29050 113075 51075 23025
100500 29050 113075 51075 23025
100600 29050 113075 51075 23025
100700 29050 113075 51075 23025
100800 29050 113075 51075 23025
100900 29050 113075 51075 23025
101000 29050 113075 51075 23025
101100 29050 113075 51075 23025
101200 29050 113075 51075 23025
101300 29050 113075 51075 23025
101400 29050 113075 51075 23025
101500 29050 113075 51075 23025
101600 29050 113075 51075 23025
101700 29050 113075 51075 23025
101800 29050 113075 51075 23025
101900 29050 113075 51075 23025
102000 29050 113075 51075 23025
102100 29050 113075 51075 23025
102200 29050 113075 51075 23025
102300 29050 113075 51075 23025
102400 29050 113075 51075 23025
102500 29050 113075 51075 23025
102600 29050 113075 51075 23025
102700 29050 113075 51075 23025
102800 29050 113075 51075 23025
102900 29050 113075 51075 23025
103000 29050 113075 51075 23025
103100 29050 113075 51075 23025
103200 29050 113075 51075 23025
103300 29050 113075 51075 23025
103400 29050 113075 51075 23025
103500 29050 113075 51075 23025
103600 29050 113075 51075 23025
103700 29050 113075 51075 23025
103800 29050 113075 51075 23025
103900 29050 113075 51075 23025
104000 29050 113075 51075 23025
104100 29050 113075 51075 23025
104200 29050 113075 51075 23025
104300 29050 113075 51075 23025
104400 29050 113075 51075 23025
104500 29050 113075 51075 23025
104600 29050 113075 51075 23025
104700 29050 113075 51075 23025
104800 29050 113075 51075 23025
104900 29050 113075 51075 23025
105000 29050 113075 51075 23025
105100 29050 113075 51075 23025
105200 29050 113075 51075 23025
105300 29050 113075 51075 23025
105400 29050 113075 51075 23025
105500 29050 113075 51075 23025
105600 29050 113075 51075 23025
105700 29050 113075 51075 23025
105800 29050 113075 51075 23025
105900 29050 113075 51075 23025
106000 29050 113075 51075 23025
106100 29050 113075 51075 23025
106200 29050 113075 51075 23025
106300 29050 113075 51075 23025
106400 29050 113075 51075 23025
106500 29050 113075 51075 23025
106600 29050 113075 51075 23025
106700 29050 113075 51075 23025
106800 29050 113075 51075 23025
106900 29050 113075 51075 23025
107000 29050 113075 51075 23025
107100 29050 113075 51075 23025
107200 29050 113075 51075 23025
107300 29050 113075 51075 23025
107400 29050 113075 51075 23025
107500 29050 113075 51075 23025
107600 29050 113075 51075 23025
107700 29050 113075 51075 23025
107800 29050 113075 51075 23025
107900 29050 113075 51075 23025
108000 29050 113075 51075 23025
108100 29050 113075 51075 23025
108200 29050 113075 51075 23025
108300 29050 113075 51075 23025
108400 29050 113075 51075 23025
108500 29050 113075 51075 23025
108600 29050 113075 51075 23025
108700 29050 113075 51075 23025
108800 29050 113075 51075 23025
108900 29050 113075 51075 23025
109000 29050 113075 51075 23025
109100 29050 113075 51075 23025
109200 29050 113075 51075 23025
109300 29050 113075 51075 23025
109400 29050 113075 51075 23025
109500 29050 113075 51075 23025
109600 29050 113075 51075 23025
109700 29050 113075 51075 23025
109800 29050 113075 51075 23025
109900 29050 113075 51075 23025
110000 29050 113075 51075 23025
110100 29050 113075 51075 23025
110200 29050 113075 51075 23025
110300 29050 113075 51075 23025
110400 29050 113075 51075 23025
110500 29050 113075 51075 23025
110600 29050 113075 51075 23025
110700 29050 113075 51075 23025
110800 29050 113075 51075 23025
110900 29050 113075 51075 23025
111000 29050 113075 51075 23025
111100 29050 113075 51075 23025
111200 29050 113075 51075 23025
111300 29050 113075 51075 23025
111400 29050 113075 51075 23025
111500 29050 113075 51075 23025
111600 29050 113075 51075 23025
111700 29050 113075 51075 23025
111800 29050 113075 51075 23025
111900 29050 113075 51075 23025
112000 29050 113075 51075 23025
112100 29050 113075 51075 23025
112200 29050 113075 51075 23025
112300 29050 113075 51075 23025
112400 29050 113075 51075 23025
112500 29050 113075 51075 23025
112600 29050 113075 51075 23025
112700 29050 113075 51075 23025
112800 29050 113075 51075 23025
112900 29050 113075 51075 23025
113000 29050 113075 51075 23025
113100 29050 113075 51075 23025
113200 29050 113075 51075 23025
113300 29050 113075 51075 23025
113400 29050 113075 51075 23025
113500 29050 113075 51075 23025
113600 29050 113075 51075 23025
113700 29050 113075 51075 23025
113800 29050 113075 51075 23025
113900 29050 113075 51075 23025
114000 29050 113075 51075 23025
114100 29050 113075 51075 23025
114200 29050 113075 51075 23025
114300 29050 113075 51075 23025
114400 29050 113075 51075 23025
114500 29050 113075 51075 23025
114600 29050 113075 51075 23025
114700 29050 113075 51075 23025
114800 29050 113075 51075 23025
114900 29050 113075 51075 23025
115000 29050 113075 51075 23025
115100 29050 113075 51075 23025
115200 29050 113075 51075 23025
115300 29050 113075 51075 23025
115400 29050 113075 51075 23025
115500 29050 113075 51075 23025
115600 29050 113075 51075 23025
115700 29050 113075 51075 23025
115800 29050 113075 51075 23025
115900 29050 113075 51075 23025
116000 29050 113075 51075 23025
116100 29050 113075 51075 23025
116200 29050 113075 51075 23025
116300 29050 113075 51075 23025
116400 29050 113075 51075 23025
116500 29050 113075 51075 23025
116600 29050 113075 51075 23025
116700 29050 113075 51075 23025
116800 29050 113075 51075 23025
116900 29050 113075 51075 23025
117000 29050 113075 51075 23025
117100 29050 113075 51075 23025
117200 29050 113075 51075 23025
117300 29050 113075 51075 23025
117400 29050 113075 51075 23025
117500 29050 113075 51075 23025
117600 29050 113075 51075 23025
117700 29050 113075 51075 23025
117800 29050 113075 51075 23025
117900 29050 113075 51075 23025
118000 29050 113075 51075 23025
118100 29050 113075 51075 23025
118200 29050 113075 51075 23025
118300 29050 113075 51075 23025
118400 29050 113075 51075 23025
118500 29050 113075 51075 23025
118600 29050 113075 51075 23025
118700 29050 113075 51075 23025
118800 29050 113075 51075 23025
118900 29050 113075 51075 23025
119000 29050 113075 51075 23025
119100 29050 113075 51075 23025
119200 29050 113075 51075 23025
119300 29050 113075 51075 23025
119400 29050 113075 51075 23025
119500 29050 113075 51075 23025
119600 29050 113075 51075 23025
119700 29050 113075 51075 23025
119800 29050 113075 51075 23025
119900 29050 113075 51075 23025
120000 29050 113075 51075 23025
120100 29050 113075 51075 23025
120200 29050 113075 51075 23025
120300 29050 113075 51075 23025
120400 29050 113075 51075 23025
120500 29050 113075 51075 23025
120600 29050 113075 51075 23025
120700 29050 113075 51075 23025
120800 29050 113075 51075 23025
120900 29050 113075 51075 23025
121000 29050 113075 51075 23025
121100 29050 113075 51075 23025
121200 29050 113075 51075 23025
121300 29050 113075 51075 23025
121400 29050 113075 51075 23025
121500 29050 113075 51075 23025
121600 29050 113075 51075 23025
121700 29050 113075 51075 23025
121800 29050 113075 51075 23025
121900 29050 113075 51075 23025
122000 29050 113075 51075 23025
122100 29050 113075 51075 23025
122200 29050 113075 51075 23025
122300 29050 113075 51075 23025
122400 29050 113075 51075 23025
122500 29050 113075 51075 23025
122600 29050 113075 51075 23025
122700 29050 113075 51075 23025
122800 29050 113075 51075 23025
122900 29050 113075 51075 23025
123000 29050 113075 51075 23025
123100 29050 113075 51075 23025
123200 29050 113075 51075 23025
123300 29050 113075 51075 23025
123400 29050 113075 51075 23025
123500 29050 113075 51075 23025
123600 29050 113075 51075 23025
123700 29050 113075 51075 23025
123800 29050 113075 51075 23025
123900 29050 113075 51075 23025
124000 29050 113075 51075 23025
124100 29050 113075 51075 23025
124200 29050 113075 51075 23025
124300 29050 113075 51075 23025
124400 29050 113075 51075 23025
124500 29050 113075 51075 23025
124600 29050 113075 51075 23025
124700 29050 113075 51075 23025
124800 29050 113075 51075 23025
124900 29050 113075 51075 23025
125000 29050 113075 51075 23025
125100 29050 113075 51075 23025
125200 29050 113075 51075 23025
125300 29050 113075 51075 23025
125400 29050 113075 51075 23025
125500 29050 113075 51075 23025
125600 29050 113075 51075 23025
125700 29050 113075 51075 23025
125800 29050 113075 51075 23025
125900 29050 113075 51075 23025
126000 29050 113075 51075 23025
126100 29050 113075 51075 23025
126200 29050 113075 51075 23025
126300 29050 113075 51075 23025
126400 29050 113075 51075 23025
126500 29050 113075 51075 23025
126600 29050 113075 51075 23025
126700 29050 113075 51075 23025
126800 29050 113075 51075 23025
126900 29050 113075 51075 23025
127000 29050 113075 51075 23025
127100 29050 113075 51075 23025
127200 29050 113075 51075 23025
127300 29050 113075 51075 23025
127400 29050 113075 51075 23025
127500 29050 113075 51075 23025
127600 29050 113075 51075 23025
127700 29050 113075 51075 23025
127800 29050 113075 51075 23025
127900 29050 113075 51075 23025
128000 29050 113075 51075 23025
128100 29050 113075 51075 23025
128200 29050 113075 51075 23025
128300 29050 113075 51075 23025
128400 29050 113075 51075 23025
128500 29050 113075 51075 23025
128600 29050 113075 51075 23025
128700 29050 113075 51075 23025
128800 29050 113075 51075 23025
128900 29050 113075 51075 23025
129000 29050 113075 51075 23025
129100 29050 113075 51075 23025
129200 29050 113075 51075 23025
129300 29050 113075 51075 23025
129400 29050 113075 51075 23025
129500 29050 113075 51075 23025
129600 29050 113075 51075 23025
129700 29050 113075 51075 23025
129800 29050 113075 51075 23025
129900 29050 113100 51075 23025
130000 29050 113100 51075 23025
130100 29050 113100 51075 23025
130200 29050 113100 51075 23025
130300 29050 113100 51075 23025
130400 29050 113100 51075 23025
130500 29050 113100 51075 23025
130600 29050 113100 51075 23025
130700 29050 113125 51075 23025
130800 29050 113125 51075 23025
130900 29050 113125 51075 23025
131000 29050 113125 51075 23025
131100 29050 113125 51075 23025
131200 29050 113125 51075 23025
131300 29050 113125 51075 23025
131400 29050 113125 51075 23025
131500 29050 113125 51075 23025
131600 29050 113125 51075 23025
131700 29050 113125 51075 23025
131800 29050 113125 51075 23025
131900 29050 113125 51075 23025
132000 29050 113125 51075 23025
132100 29050 113125 51075 23025
132200 29050 113125 51075 23025
132300 29050 113125 51075 23025
132400 29050 113125 51075 23025
132500 29050 113125 51075 23025
132600 29050 113150 51075 23025
132700 29050 113150 51075 23025
132800 29050 113150 51075 23025
132900 29050 113150 51075 23025
133000 29050 113150 51075 23025
133100 29050 113150 51075 23025
133200 29050 113150 51075 23025
133300 29050 113150 51075 23025
133400 29050 113150 51075 23025
133500 29050 113150 51075 23025
133600 29050 113150 51075 23025
133700 29050 113150 51075 23025
133800 29050 113150 51075 23025
133900 29050 113150 51075 23025
134000 29050 113150 51075 23025
134100 29050 113150 51075 23025
134200 29050 113150 51075 23025
134300 29050 113150 51075 23025
134400 29050 113150 51075 23025
134500 29050 113150 51075 23025
134600 29050 113150 51075 23025
134700 29050 113150 51075 23025
134800 29050 113150 51075 23025
134900 29050 113150 51075 23025
135000 29050 113150 51075 23025
135100 29050 113150 51075 23025
135200 29050 113150 51075 23025
135300 29050 113150 51075 23025
135400 29050 113150 51075 23025
135500 29050 113150 51075 23025
135600 29050 113150 51075 23025
135700 29050 113150 51075 23025
135800 29050 113150 51075 23025
135900 29050 113150 51075 23025
136000 29050 113150 51075 23025
136100 29050 113150 51075 23025
136200 29050 113150 51075 23025
136300 29050 113150 51075 23025
136400 29050 113150 51075 23025
136500 29050 113150 51075 23025
136600 29050 113150 51075 23025
136700 29050 113150 51075 23025
136800 29050 113150 51075 23025
136900 29050 113150 51075 23025
137000 29050 113150 51075 23025
137100 29050 113150 51075 23025
137200 29050 113150 51075 23025
137300 29050 113150 51075 23025
137400 29050 113150 51075 23025
137500 29050 113150 51075 23025
137600 29050 113150 51075 23025
137700 29050 113150 51075 23025
137800 29050 113150 51075 23025
137900 29050 113150 51075 23025
138000 29050 113150 51075 23025
138100 29050 113150 51075 23025
138200 29050 113150 51075 23025
138300 29050 113175 51075 23025
138400 29050 113175 51075 23025
138500 29050 113175 51075 23025
138600 29050 113175 51075 23025
138700 29050 113175 51075 23025
138800 29050 113175 51075 23025
138900 29050 113175 51075 23025
139000 29050 113175 51075 23025
139100 29050 113175 51075 23025
139200 29050 113175 51075 23025
139300 29050 113175 51075 23025
139400 29050 113175 51075 23025
139500 29050 113175 51075 23025
139600 29050 113175 51075 23025
139700 29050 113175 51075 23025
139800 29050 113175 51075 23025
139900 29050 113175 51075 23025
140000 29050 113175 51075 23025
140100 29050 113175 51075 23025
140200 29050 113175 51075 23025
140300 29050 113175 51075 23025
140400 29050 113175 51075 23025
140500 29050 113175 51075 23025
140600 29050 113175 51075 23025
140700 29050 113175 51075 23025
140800 29050 113175 51075 23025
140900 29050 113175 51075 23025
141000 29050 113175 51075 23025
141100 29050 113175 51075 23025
141200 29050 113175 51075 23025
141300 29050 113175 51075 23025
141400 29050 113175 51075 23025
141500 29050 113175 51075 23025
141600 29050 113175 51075 23025
141700 29050 113175 51075 23025
141800 29050 113175 51075 23025
141900 29050 113175 51075 23025
142000 29050 113175 51075 23025
142100 29050 113175 51075 23025
142200 29050 113175 51075 23025
142300 29050 113175 51075 23025
142400 29050 113175 51075 23025
142500 29050 113175 51075 23025
142600 29050 113175 51075 23025
142700 29050 113175 51075 23025
142800 29050 113175 51075 23025
142900 29050 113175 51075 23025
143000 29050 113175 51075 23025
143100 29050 113175 51075 23025
143200 29050 113175 51075 23025
143300 29050 113175 51075 23025
143400 29050 113175 51075 23025
143500 29050 113175 51075 23025
143600 29050 113175 51075 23025
143700 29050 113175 51075 23025
143800 29050 113175 51075 23025
143900 29050 113175 51075 23025
144000 29050 113175 51075 23025
144100 29050 113175 51075 23025
144200 29050 113175 51075 23025
144300 29050 113175 51075 23025
144400 29050 113175 51075 23025
144500 29050 113175 51075 23025
144600 29050 113175 51075 23025
144700 29050 113175 51075 23025
144800 29050 113175 51075 23025
144900 29050 113175 51075 23025
145000 29050 113175 51075 23025
145100 29050 113175 51075 23025
145200 29050 113175 51075 23025
145300 29050 113175 51075 23025
145400 29050 113175 51075 23025
145500 29050 113175 51075 23025
145600 29050 113175 51075 23025
145700 29050 113175 51075 23025
145800 29050 113175 51075 23025
145900 29050 113175 51075 23025
146000 29050 113175 51075 23025
146100 29050 113175 51075 23025
146200 29050 113175 51075 23025
146300 29050 113175 51075 23025
146400 29050 113175 51075 23025
146500 29050 113175 51075 23025
146600 29050 113175 51075 23025
146700 29050 113175 51075 23025
146800 29050 113200 51075 23025
146900 29050 113200 51075 23025
147000 29050 113200 51075 23025
147100 29050 113225 51075 23025
147200 29050 113225 51075 23025
147300 29050 113225 51075 23025
147400 29050 113225 51075 23025
147500 29050 113225 51075 23025
147600 29050 113225 51075 23025
147700 29050 113225 51075 23025
147800 29050 113225 51075 23025
147900 29050 113225 51075 23025
148000 29050 113225 51075 23025
148100 29050 113225 51075 23025
148200 29050 113225 51075 23025
148300 29050 113225 51075 23025
148400 29050 113225 51075 23025
148500 29050 113225 51075 23025
148600 29050 113225 51075 23025
148700 29050 113225 51075 23025
148800 29050 113225 51075 23025
148900 29050 113225 51075 23025
149000 29050 113225 51075 23025
149100 29050 113225 51075 23025
149200 29050 113225 51075 23025
149300 29050 113225 51075 23025
149400 29050 113225 51075 23025
149500 29050 113225 51075 23025
149600 29050 113225 51075 23025
149700 29050 113225 51075 23025
149800 29050 113225 51075 23025
149900 29050 113225 51075 23025
150000 29050 113225 51075 23025
150100 29050 113225 51075 23025
150200 29050 113225 51075 23025
150300 29050 113225 51075 23025
150400 29050 113225 51075 23025
150500 29050 113225 51075 23025
150600 29050 113225 51075 23025
150700 29050 113225 51075 23025
150800 29050 113225 51075 23025
150900 29050 113225 51075 23025
151000 29050 113225 51075 23025
151100 29050 113225 51075 23025
151200 29050 113225 51075 23025
151300 29050 113225 51075 23025
151400 29050 113225 51075 23025
151500 29050 113225 51075 23025
151600 29050 113225 51075 23025
151700 29050 113225 51075 23025
151800 29050 113225 51075 23025
151900 29050 113225 51075 23025
152000 29050 113225 51075 23025
152100 29050 113225 51075 23025
152200 29050 113225 51075 23025
152300 29050 113225 51075 23025
152400 29050 113225 51075 23025
152500 29050 113225 51075 23025
152600 29050 113225 51075 23025
152700 29050 113225 51075 23025
152800 29050 113225 51075 23025
152900 29050 113225 51075 23025
153000 29050 113225 51075 23025
153100 29050 113225 51075 23025
153200 29050 113225 51075 23025
153300 29050 113225 51075 23025
153400 29050 113225 51075 23025
153500 29050 113225 51075 23025
153600 29050 113225 51075 23025
153700 29050 113225 51075 23025
153800 29050 113225 51075 23025
153900 29050 113225 51075 23025
154000 29050 113225 51075 23025
154100 29050 113225 51075 23025
154200 29050 113225 51075 23025
154300 29050 113225 51075 23025
154400 29050 113225 51075 23025
154500 29050 113225 51075 23025
154600 29050 113225 51075 23025
154700 29050 113225 51075 23025
154800 29050 113225 51075 23025
154900 29050 113225 51075 23025
155000 29050 113225 51075 23025
155100 29050 113225 51075 23025
155200 29050 113225 51075 23025
155300 29050 113225 51075 23025
155400 29050 113225 51075 23025
155500 29050 113225 51075 23025
155600 29050 113225 51075 23025
155700 29050 113225 51075 23025
155800 29050 113225 51075 23025
155900 29050 113225 51075 23025
156000 29050 113225 51075 23025
156100 29050 113225 51075 23025
156200 29050 113225 51075 23025
156300 29050 113225 51075 23025
156400 29050 113225 51075 23025
156500 29050 113225 51075 23025
156600 29050 113225 51075 23025
156700 29050 113225 51075 23025
156800 29050 113225 51075 23025
156900 29050 113225 51075 23025
157000 29050 113225 51075 23025
157100 29050 113225 51075 23025
157200 29050 113225 51075 23025
157300 29050 113225 51075 23025
157400 29050 113225 51075 23025
157500 29050 113225 51075 23025
157600 29050 113225 51075 23025
157700 29050 113225 51075 23025
157800 29050 113225 51075 23025
157900 29050 113225 51075 23025
158000 29050 113225 51075 23025
158100 29050 113225 51075 23025
158200 29050 113225 51075 23025
158300 29050 113225 51075 23025
158400 29050 113225 51075 23025
158500 29050 113225 51075 23025
158600 29050 113225 51075 23025
158700 29050 113225 51075 23025
158800 29050 113225 51075 23025
158900 29050 113225 51075 23025
159000 29050 113225 51075 23025
159100 29050 113225 51075 23025
159200 29050 113225 51075 23025
159300 29050 113225 51075 23025
159400 29050 113225 51075 23025
159500 29050 113225 51075 23025
159600 29050 113225 51075 23025
159700 29050 113225 51075 23025
159800 29050 113225 51075 23025
159900 29050 113225 51075 23025
160000 29050 113225 51075 23025
160100 29050 113225 51075 23025
160200 29050 113225 51075 23025
160300 29050 113225 51075 23025
160400 29050 113225 51075 23025
160500 29075 113225 51075 23025
160600 29075 113225 51075 23025
160700 29075 113225 51075 23025
160800 29075 113225 51075 23025
160900 29075 113225 51075 23025
161000 29075 113225 51075 23025
161100 29075 113225 51075 23025
161200 29075 113225 51075 23025
161300 29075 113225 51075 23025
161400 29075 113225 51075 23025
161500 29075 113225 51075 23025
161600 29075 113225 51075 23025
161700 29075 113225 51075 23025
161800 29075 113225 51075 23025
161900 29075 113225 51075 23025
162000 29075 113225 51075 23025
162100 29075 113225 51075 23025
162200 29075 113225 51075 23025
162300 29075 113225 51075 23025
162400 29075 113225 51075 23025
162500 29075 113225 51075 23025
162600 29075 113225 51075 23025
162700 29075 113225 51075 23025
162800 29075 113225 51075 23025
162900 29075 113225 51075 23025
163000 29075 113225 51075 23025
163100 29075 113225 51075 23025
163200 29075 113225 51125 23025
163300 29075 113225 51125 23025
163400 29075 113225 51125 23025
163500 29075 113225 51125 23025
163600 29075 113225 51125 23025
163700 29075 113225 51125 23025
163800 29075 113225 51125 23025
163900 29075 113225 51125 23025
164000 29075 113225 51125 23025
164100 29075 113225 51125 23025
164200 29075 113225 51125 23025
164300 29075 113225 51125 23025
164400 29075 113225 51125 23025
164500 29075 113225 51125 23025
164600 29075 113225 51125 23025
164700 29075 113225 51125 23025
164800 29075 113225 51125 23025
164900 29075 113225 51125 23025
165000 29075 113225 51125 23025
165100 29075 113225 51125 23025
165200 29075 113225 51125 23025
165300 29075 113225 51125 23025
165400 29075 113225 51125 23025
165500 29075 113250 51125 23025
165600 29075 113250 51125 23025
165700 29075 113250 51125 23025
165800 29075 113250 51125 23025
165900 29075 113250 51125 23025
166000 29075 113250 51125 23025
166100 29075 113250 51125 23025
166200 29075 113250 51125 23025
166300 29075 113250 51125 23025
166400 29075 113250 51125 23025
166500 29075 113250 51125 23025
166600 29075 113250 51125 23025
166700 29075 113250 51125 23025
166800 29075 113250 51125 23025
166900 29075 113250 51125 23025
167000 29075 113250 51125 23025
167100 29075 113250 51125 23025
167200 29075 113250 51125 23025
167300 29075 113250 51125 23025
167400 29075 113250 51125 23025
167500 29075 113250 51125 23025
167600 29075 113250 51125 23025
167700 29075 113250 51125 23025
167800 29075 113275 51125 23025
167900 29075 113275 51125 23025
168000 29075 113275 51125 23025
168100 29075 113275 51125 23025
168200 29075 113275 51125 23025
168300 29075 113275 51125 23025
168400 29075 113275 51125 23025
168500 29075 113275 51125 23025
168600 29075 113275 51125 23025
168700 29075 113275 51125 23025
168800 29075 113275 51125 23025
168900 29075 113275 51125 23025
169000 29075 113275 51125 23025
169100 29075 113275 51125 23025
169200 29075 113275 51125 23025
169300 29075 113275 51125 23025
169400 29075 113275 51125 23025
169500 29075 113275 51125 23025
169600 29075 113275 51125 23025
169700 29075 113275 51125 23025
169800 29075 113275 51125 23025
169900 29075 113275 51125 23025
170000 29075 113275 51125 23025
170100 29075 113275 51125 23025
170200 29075 113275 51125 23025
170300 29075 113275 51125 23025
170400 29075 113275 51125 23025
170500 29075 113275 51125 23025
170600 29075 113275 51125 23025
170700 29075 113275 51125 23025
170800 29075 113275 51125 23025
170900 29075 113275 51125 23025
171000 29075 113275 51125 23025
171100 29075 113275 51125 23025
171200 29075 113275 51125 23025
171300 29075 113275 51125 23025
171400 29075 113275 51125 23025
171500 29075 113275 51125 23025
171600 29075 113275 51125 23025
171700 29075 113275 51125 23025
171800 29075 113275 51125 23025
171900 29075 113275 51125 23025
172000 29075 113275 51125 23025
172100 29075 113275 51125 23025
172200 29075 113275 51125 23025
172300 29075 113275 51125 23025
172400 29075 113275 51125 23025
172500 29075 113275 51125 23025
172600 29075 113275 51125 23025
172700 29075 113275 51125 23025
172800 29075 113275 51125 23025
172900 29075 113275 51125 23025
173000 29075 113275 51125 23025
173100 29075 113275 51125 23025
173200 29075 113275 51125 23025
173300 29075 113275 51125 23025
173400 29075 113275 51125 23025
173500 29075 113275 51125 23025
173600 29075 113275 51125 23025
173700 29075 113275 51125 23025
173800 29075 113275 51125 23025
173900 29075 113275 51125 23025
174000 29075 113275 51125 23025
174100 29075 113275 51125 23025
174200 29075 113275 51125 23025
174300 29075 113275 51125 23025
174400 29075 113275 51125 23025
174500 29075 113275 51125 23025
174600 29075 113275 51125 23025
174700 29075 113275 51125 23025
174800 29075 113275 51125 23025
174900 29075 113275 51125 23025
175000 29075 113275 51125 23025
175100 29075 113275 51125 23025
175200 29075 113275 51125 23025
175300 29075 113275 51125 23025
175400 29075 113275 51125 23025
175500 29075 113275 51125 23025
175600 29075 113275 51125 23025
175700 29075 113275 51125 23025
175800 29075 113275 51125 23025
175900 29075 113275 51125 23025
176000 29075 113275 51125 23025
176100 29075 113275 51125 23025
176200 29075 113275 51125 23025
176300 29075 113275 51125 23025
176400 29075 113275 51125 23025
176500 29075 113275 51125 23025
176600 29075 113275 51125 23025
176700 29075 113275 51125 23025
176800 29075 113275 51125 23025
176900 29075 113275 51125 23025
177000 29075 113275 51125 23025
177100 29075 113275 51125 23025
177200 29075 113275 51125 23025
177300 29075 113275 51125 23025
177400 29075 113275 51125 23025
177500 29075 113275 51125 23025
177600 29075 113275 51125 23025
177700 29075 113275 51125 23025
177800 29075 113275 51125 23025
177900 29075 113275 51125 23025
178000 29075 113275 51125 23025
178100 29075 113275 51125 23025
178200 29075 113275 51125 23025
178300 29075 113275 51125 23025
178400 29075 113275 51125 23025
178500 29075 113275 51125 23025
178600 29075 113275 51125 23025
178700 29075 113275 51125 23025
178800 29075 113275 51125 23025
178900 29075 113275 51125 23025
179000 29075 113275 51125 23025
179100 29075 113275 51125 23025
179200 29075 113275 51125 23025
179300 29075 113275 51125 23025
179400 29075 113275 51125 23025
179500 29075 113275 51125 23025
179600 29075 113275 51125 23025
179700 29075 113275 51125 23025
179800 29075 113275 51125 23025
179900 29075 113275 51125 23025
180000 29075 113275 51125 23025
180100 29075 113275 51125 23025
180200 29075 113275 51125 23025
180300 29075 113275 51125 23025
180400 29075 113275 51125 23025
180500 29075 113275 51125 23025
180600 29075 113275 51125 23025
180700 29075 113275 51125 23025
180800 29075 113275 51125 23025
180900 29075 113275 51125 23025
181000 29075 113275 51125 23025
181100 29075 113275 51125 23025
181200 29075 113275 51125 23025
181300 29075 113275 51125 23025
181400 29075 113275 51125 23025
181500 29075 113275 51125 23025
181600 29075 113275 51125 23025
181700 29075 113275 51125 23025
181800 29075 113275 51125 23025
181900 29075 113275 51125 23025
182000 29075 113275 51125 23025
182100 29075 113275 51125 23025
182200 29075 113275 51125 23025
182300 29075 113275 51125 23025
182400 29075 113275 51125 23025
182500 29075 113275 51125 23025
182600 29075 113275 51125 23025
182700 29075 113275 51125 23025
182800 29075 113275 51125 23025
182900 29075 113275 51125 23025
183000 29075 113275 51125 23025
183100 29075 113275 51125 23025
183200 29075 113275 51125 23025
183300 29075 113275 51125 23025
183400 29075 113275 51125 23025
183500 29075 113275 51125 23025
183600 29075 113275 51125 23025
183700 29075 113275 51125 23025
183800 29075 113275 51125 23025
183900 29075 113275 51125 23025
184000 29075 113275 51125 23025
184100 29075 113275 51125 23025
184200 29075 113275 51125 23025
184300 29075 113275 51125 23025
184400 29075 113275 51125 23025
184500 29075 113275 51125 23025
184600 29075 113275 51125 23025
184700 29075 113275 51125 23025
184800 29075 113275 51125 23025
184900 29075 113275 51125 23025
185000 29075 113275 51125 23025
185100 29075 113275 51125 23025
185200 29075 113275 51125 23025
185300 29075 113275 51125 23025
185400 29075 113275 51125 23025
185500 29075 113275 51125 23025
185600 29075 113275 51125 23025
185700 29075 113275 51125 23025
185800 29075 113275 51125 23025
185900 29075 113275 51125 23025
186000 29075 113275 51100 23025
186100 29075 113275 51100 23025
186200 29075 113275 51100 23025
186300 29075 113275 51100 23025
186400 29075 113275 51075 23025
186500 29075 113275 51075 23025
186600 29075 113275 51075 23025
186700 29075 113275 51125 23025
186800 29075 113275 51125 23025
186900 29075 113275 51125 23025
187000 29075 113275 51125 23025
187100 29075 113275 51125 23025
187200 29075 113275 51125 23025
187300 29075 113275 51125 23025
187400 29075 113275 51125 23025
187500 29075 113275 51125 23025
187600 29075 113275 51125 23025
187700 29075 113275 51125 23025
187800 29075 113275 51125 23025
187900 29075 113275 51125 23025
188000 29075 113275 51125 23025
188100 29075 113275 51125 23025
188200 29075 113275 51125 23025
188300 29075 113275 51125 23025
188400 29075 113275 51125 23025
188500 29075 113275 51125 23025
188600 29075 113275 51125 23025
188700 29075 113275 51125 23025
188800 29075 113275 51125 23025
188900 29075 113275 51125 23025
189000 29075 113275 51125 23025
189100 29075 113275 51125 23025
189200 29075 113275 51125 23025
189300 29075 113275 51125 23025
189400 29075 113275 51125 23025
189500 29075 113275 51125 23025
189600 29075 113275 51125 23025
189700 29075 113275 51125 23025
189800 29075 113275 51125 23025
189900 29075 113275 51125 23025
190000 29075 113275 51125 23025
190100 29075 113275 51125 23025
190200 29075 113275 51125 23025
190300 29075 113275 51125 23025
190400 29075 113275 51125 23025
190500 29075 113275 51125 23025
190600 29075 113275 51125 23025
190700 29075 113275 51125 23025
190800 29075 113275 51125 23025
190900 29075 113275 51125 23025
191000 29075 113275 51125 23025
191100 29075 113275 51125 23025
191200 29075 113275 51125 23025
191300 29075 113275 51125 23025
191400 29075 113275 51125 23025
191500 29075 113275 51125 23025
191600 29075 113250 51125 23025
191700 29075 113250 51125 23025
191800 29075 113250 51125 23025
191900 29075 113250 51125 23025
192000 29075 113250 51125 23025
192100 29075 113250 51125 23025
192200 29075 113250 51125 23025
192300 29075 113250 51125 23025
192400 29075 113250 51125 23025
192500 29075 113250 51125 23025
192600 29075 113250 51125 23025
192700 29075 113250 51125 23025
192800 29075 113250 51125 23025
192900 29075 113250 51125 23025
193000 29075 113250 51125 23025
193100 29075 113250 51125 23025
193200 29075 113250 51125 23025
193300 29075 113250 51125 23025
193400 29075 113250 51125 23025
193500 29075 113250 51125 23025
193600 29075 113250 51125 23025
193700 29075 113250 51125 23025
193800 29075 113250 51125 23025
193900 29075 113250 51125 23025
194000 29075 113250 51125 23025
194100 29075 113250 51125 23025
194200 29075 113250 51125 23025
194300 29075 113250 51125 23025
194400 29075 113250 51125 23025
194500 29075 113250 51125 23025
194600 29075 113250 51125 23025
194700 29075 113250 51125 23025
194800 29075 113250 51125 23025
194900 29075 113250 51125 23025
195000 29075 113250 51125 23025
195100 29075 113250 51125 23025
195200 29075 113250 51125 23025
195300 29075 113250 51125 23025
195400 29075 113250 51125 23025
195500 29075 113250 51125 23025
195600 29075 113250 51125 23025
195700 29075 113250 51125 23025
195800 29075 113250 51125 23025
195900 29075 113250 51125 23025
196000 29075 113250 51125 23025
196100 29075 113250 51125 23025
196200 29075 113250 51125 23025
196300 29075 113250 51125 23025
196400 29075 113250 51125 23025
196500 29075 113250 51125 23025
196600 29075 113250 51125 23025
196700 29075 113250 51125 23025
196800 29075 113250 51125 23025
196900 29075 113250 51125 23025
197000 29075 113200 51125 23025
197100 29075 113200 51125 23025
197200 29075 113200 51125 23025
197300 29075 113200 51125 23025
197400 29075 113200 51100 23025
197500 29075 113200 51100 23025
197600 29075 113200 51100 23025
197700 29075 113200 51100 23025
197800 29075 113200 51100 23025
197900 29075 113200 51100 23025
198000 29075 113200 51100 23025
198100 29075 113200 51100 23025
198200 29075 113200 51100 23025
198300 29075 113200 51100 23025
198400 29075 113200 51100 23025
198500 29075 113200 51075 23025
198600 29075 113200 51075 23025
198700 29075 113200 51075 23025
198800 29075 113200 51075 23025
198900 29075 113200 51075 23025
199000 29075 113200 51075 23025
199100 29075 113200 51075 23025
199200 29075 113200 51075 23025
199300 29075 113200 51075 23025
199400 29075 113200 51075 23025
199500 29075 113200 51075 23025
199600 29075 113200 51075 23025
199700 29075 113200 51075 23025
199800 29075 113200 51075 23025
199900 29075 113200 51075 23025
200000 29075 113200 51075 23025
200100 29075 113200 51075 23025
200200 29075 113200 51075 23025
200300 29075 113200 51075 23025
200400 29075 113200 51075 23025
200500 29075 113200 51075 23025
200600 29075 113200 51075 23025
200700 29075 113200 51075 23025
200800 29075 113200 51075 23025
200900 29075 113200 51075 23025
201000 29075 113200 51075 23025
201100 29075 113200 51075 23025
201200 29075 113200 51075 23025
201300 29075 113200 51075 23025
201400 29075 113200 51075 23025
201500 29075 113200 51075 23025
201600 29075 113200 51075 23025
201700 29075 113200 51075 23025
201800 29075 113200 51075 23025
201900 29075 113200 51075 23025
202000 29075 113200 51075 23025
202100 29075 113200 51075 23025
202200 29075 113200 51075 23025
202300 29075 113200 51075 23025
202400 29075 113200 51075 23025
202500 29075 113200 51075 23025
202600 29075 113200 51075 23025
202700 29075 113200 51075 23025
202800 29075 113200 51075 23025
202900 29075 113200 51075 23025
203000 29075 113200 51075 23025
203100 29075 113200 51075 23025
203200 29075 113200 51075 23025
203300 29075 113200 51075 23025
203400 29075 113200 51075 23025
203500 29075 113200 51075 23025
203600 29075 113200 51075 23025
203700 29075 113200 51075 23025
203800 29075 113200 51075 23025
203900 29075 113200 51075 23025
204000 29075 113200 51075 23025
204100 29075 113200 51075 23025
204200 29075 113200 51075 23025
204300 29075 113200 51075 23025
204400 29075 113200 51075 23025
204500 29075 113200 51075 23025
204600 29075 113200 51075 23025
204700 29075 113200 51075 23025
204800 29075 113200 51075 23025
204900 29075 113200 51075 23025
205000 29075 113200 51075 23025
205100 29075 113200 51075 23025
205200 29075 113200 51075 23025
205300 29075 113200 51075 23025
205400 29075 113200 51075 23025
205500 29075 113200 51075 23025
205600 29075 113200 51075 23025
205700 29075 113200 51075 23025
205800 29075 113200 51075 23025
205900 29075 113200 51075 23025
206000 29075 113200 51075 23025
206100 29075 113200 51075 23025
206200 29075 113200 51075 23025
206300 29075 113200 51075 23025
206400 29075 113200 51075 23025
206500 29075 113200 51075 23025
206600 29075 113200 51075 23025
206700 29075 113200 51075 23025
206800 29075 113200 51075 23025
206900 29075 113200 51075 23025
207000 29075 113200 51075 23025
207100 29075 113200 51075 23025
207200 29075 113200 51075 23025
207300 29075 113200 51075 23025
207400 29075 113200 51075 23025
207500 29075 113200 51075 23025
207600 29075 113200 51075 23025
207700 29075 113200 51075 23025
207800 29075 113200 51075 23025
207900 29075 113200 51075 23025
208000 29075 113200 51075 23025
208100 29075 113200 51075 23025
208200 29075 113200 51075 23025
208300 29075 113200 51075 23025
208400 29075 113200 51075 23025
208500 29075 113200 51075 23025
208600 29075 113200 51075 23025
208700 29075 113200 51075 23025
208800 29075 113200 51075 23025
208900 29075 113200 51075 23025
209000 29075 113200 51075 23025
209100 29075 113200 51075 23025
209200 29075 113200 51075 23025
209300 29075 113200 51075 23025
209400 29075 113200 51075 23025
209500 29075 113200 51075 23025
209600 29075 113200 51075 23025
209700 29075 113200 51075 23025
209800 29075 113200 51075 23025
209900 29075 113200 51075 23025
210000 29075 113200 51075 23025
210100 29075 113200 51075 23025
210200 29075 113200 51075 23025
210300 29075 113200 51075 23025
210400 29075 113200 51075 23025
210500 29075 113200 51075 23025
210600 29075 113200 51075 23025
210700 29075 113200 51075 23025
210800 29075 113200 51075 23025
210900 29075 113200 51075 23025
211000 29075 113200 51075 23025
211100 29075 113200 51075 23025
211200 29075 113200 51075 23025
211300 29075 113200 51075 23025
211400 29075 113200 51075 23025
211500 29075 113200 51075 23025
211600 29075 113200 51075 23025
211700 29075 113200 51075 23025
211800 29075 113200 51075 23025
211900 29075 113200 51075 23025
212000 29075 113200 51075 23025
212100 29075 113200 51075 23025
212200 29075 113200 51075 23025
212300 29075 113200 51075 23025
212400 29075 113200 51075 23025
212500 29075 113200 51075 23025
212600 29075 113200 51075 23025
212700 29075 113200 51075 23025
212800 29075 113200 51075 23025
212900 29075 113200 51075 23025
213000 29075 113200 51075 23025
213100 29075 113200 51075 23025
213200 29075 113200 51075 23025
213300 29075 113200 51075 23025
213400 29075 113200 51075 23025
213500 29075 113200 51075 23025
213600 29075 113175 51075 23025
213700 29075 113175 51075 23025
213800 29075 113175 51075 23025
213900 29075 113175 51075 23025
214000 29075 113175 51075 23025
214100 29075 113175 51075 23025
214200 29075 113175 51075 23025
214300 29075 113175 51075 23025
214400 29075 113175 51075 23025
214500 29075 113175 51075 23025
214600 29075 113175 51075 23025
214700 29075 113175 51075 23025
214800 29075 113175 51075 23025
214900 29075 113175 51075 23025
215000 29075 113175 51075 23025
215100 29075 113175 51075 23025
215200 29075 113175 51075 23025
215300 29075 113175 51075 23025
215400 29075 113175 51075 23025
215500 29075 113175 51075 23025
215600 29075 113175 51075 23025
215700 29075 113175 51075 23025
215800 29075 113175 51075 23025
215900 29075 113175 51075 23025
216000 29075 113175 51075 23025
216100 29075 113175 51075 23025
216200 29075 113175 51075 23025
216300 29075 113175 51075 23025
216400 29075 113175 51075 23025
216500 29075 113175 51075 23025
216600 29075 113175 51075 23025
216700 29075 113175 51075 23025
216800 29075 113175 51075 23025
216900 29075 113175 51075 23025
217000 29075 113175 51075 23025
217100 29075 113175 51075 23025
217200 29075 113175 51075 23025
217300 29075 113175 51075 23025
217400 29075 113175 51075 23025
217500 29075 113175 51075 23025
217600 29075 113175 51075 23025
217700 29075 113175 51075 23025
217800 29075 113175 51075 23025
217900 29075 113175 51075 23025
218000 29075 113175 51075 23025
218100 29075 113175 51075 23025
218200 29075 113175 51075 23025
218300 29075 113175 51075 23025
218400 29075 113175 51075 23025
218500 29075 113175 51075 23025
218600 29075 113175 51075 23025
218700 29075 113175 51075 23025
218800 29075 113175 51075 23025
218900 29075 113175 51075 23025
219000 29075 113175 51075 23025
219100 29075 113175 51075 23025
219200 29075 113175 51075 23025
219300 29075 113175 51075 23025
219400 29075 113175 51075 23025
219500 29075 113175 51075 23025
219600 29075 113175 51075 23025
219700 29075 113175 51075 23025
219800 29075 113175 51075 23025
219900 29075 113175 51075 23025
220000 29075 113175 51075 23025
220100 29075 113175 51075 23025
220200 29075 113175 51075 23025
220300 29075 113175 51075 23025
220400 29075 113175 51075 23025
220500 29075 113175 51075 23025
220600 29075 113175 51075 23025
220700 29075 113175 51075 23025
220800 29075 113175 51075 23025
220900 29075 113175 51075 23025
221000 29075 113175 51075 23025
221100 29075 113175 51075 23025
221200 29075 113175 51075 23025
221300 29075 113175 51075 23025
221400 29075 113175 51075 23025
221500 29075 113175 51075 23025
221600 29075 113175 51075 23025
221700 29075 113175 51075 23025
221800 29075 113175 51075 23025
221900 29075 113175 51075 23025
222000 29075 113175 51075 23025
222100 29075 113175 51075 23025
222200 29075 113175 51075 23025
222300 29075 113175 51075 23025
222400 29075 113175 51075 23025
222500 29075 113175 51075 23025
222600 29075 113175 51075 23025
222700 29075 113175 51075 23025
222800 29075 113175 51075 23025
222900 29075 113175 51075 23025
223000 29075 113175 51075 23025
223100 29075 113175 51075 23025
223200 29075 113175 51075 23025
223300 29075 113175 51075 23025
223400 29075 113175 51075 23025
223500 29075 113175 51075 23025
223600 29075 113175 51075 23025
223700 29075 113175 51075 23025
223800 29075 113175 51075 23025
223900 29075 113175 51075 23025
224000 29075 113175 51075 23025
224100 29075 113175 51075 23025
224200 29075 113175 51075 23025
224300 29075 113175 51075 23025
224400 29075 113175 51075 23025
224500 29075 113175 51075 23025
224600 29075 113175 51075 23025
224700 29075 113175 51075 23025
224800 29075 113175 51075 23025
224900 29075 113175 51075 23025
225000 29075 113175 51075 23025
225100 29075 113175 51075 23025
225200 29075 113175 51075 23025
225300 29075 113175 51075 23025
225400 29075 113175 51075 23025
225500 29075 113175 51075 23025
225600 29075 113175 51075 23025
225700 29075 113175 51075 23025
225800 29075 113175 51075 23025
225900 29075 113175 51075 23025
226000 29075 113175 51075 23025
226100 29075 113175 51075 23025
226200 29075 113175 51075 23025
226300 29075 113175 51075 23025
226400 29075 113175 51075 23025
226500 29075 113175 51075 23025
226600 29075 113175 51075 23025
226700 29075 113175 51075 23025
226800 29075 113175 51075 23025
226900 29075 113175 51075 23025
227000 29075 113175 51075 23025
227100 29075 113175 51075 23025
227200 29075 113175 51075 23025
227300 29075 113175 51075 23025
227400 29075 113175 51075 23025
227500 29075 113175 51075 23025
227600 29075 113175 51075 23025
227700 29075 113175 51075 23025
227800 29075 113175 51075 23025
227900 29075 113175 51075 23025
228000 29075 113175 51075 23025
228100 29075 113175 51075 23025
228200 29075 113175 51075 23025
228300 29075 113175 51075 23025
228400 29075 113175 51075 23025
228500 29075 113175 51075 23025
228600 29075 113175 51075 23025
228700 29075 113175 51075 23025
228800 29075 113175 51075 23025
228900 29075 113175 51075 23025
229000 29075 113175 51075 23025
229100 29075 113150 51075 23025
229200 29075 113150 51075 23025
229300 29075 113150 51075 23025
229400 29075 113150 51075 23025
229500 29075 113150 51075 23025
229600 29075 113150 51075 23025
229700 29075 113150 51075 23025
229800 29075 113150 51075 23025
229900 29075 113150 51075 23025
230000 29075 113150 51075 23025
230100 29075 113150 51075 23025
230200 29075 113150 51075 23025
230300 29075 113150 51075 23025
230400 29075 113150 51075 23025
230500 29075 113150 51075 23025
230600 29075 113150 51075 23025
230700 29075 113150 51075 23025
230800 29075 113150 51075 23025
230900 29075 113125 51075 23025
231000 29075 113125 51075 23025
231100 29075 113125 51075 23025
231200 29075 113125 51075 23025
231300 29075 113125 51075 23025
231400 29075 113125 51075 23025
231500 29075 113125 51075 23025
231600 29075 113125 51075 23025
231700 29075 113125 51075 23025
231800 29075 113125 51075 23025
231900 29075 113125 51075 23025
232000 29075 113125 51075 23025
232100 29075 113125 51075 23025
232200 29075 113125 51075 23025
232300 29075 113125 51075 23025
232400 29075 113125 51075 23025
232500 29075 113125 51075 23025
232600 29075 113125 51075 23025
232700 29075 113125 51075 23025
232800 29075 113125 51075 23025
232900 29075 113125 51075 23025
233000 29075 113125 51075 23025
233100 29075 113125 51075 23025
233200 29075 113125 51075 23025
233300 29075 113125 51075 23025
233400 29075 113125 51075 23025
233500 29075 113125 51075 23025
233600 29075 113125 51075 23025
233700 29075 113125 51075 23025
233800 29075 113125 51075 23025
233900 29075 113125 51075 23000
234000 29075 113125 51075 23000
234100 29075 113125 51075 23000
234200 29075 113125 51075 23000
234300 29075 113125 51075 23000
234400 29075 113125 51075 23000
234500 29075 113125 51075 23000
234600 29075 113125 51075 23000
234700 29075 113125 51075 23000
234800 29075 113125 51075 23000
234900 29075 113125 51075 23000
235000 29075 113125 51075 23000
235100 29075 113125 51075 23000
235200 29075 113125 51075 23000
235300 29075 113125 51075 23000
235400 29075 113125 51075 23000
235500 29075 113125 51075 23000
235600 29075 113125 51075 23000
235700 29075 113125 51075 23000
235800 29075 113125 51075 23000
235900 29075 113125 51075 23000
236000 29075 113125 51075 23000
236100 29075 113125 51075 23000
236200 29075 113125 51075 23000
236300 29075 113125 51075 23000
236400 29075 113125 51075 23000
236500 29075 113125 51075 23000
236600 29075 113125 51075 23000
236700 29075 113125 51075 23000
236800 29075 113125 51075 23000
236900 29075 113125 51075 23000
237000 29075 113125 51075 23000
237100 29075 113125 51075 23000
237200 29075 113125 51075 23000
237300 29075 113125 51075 23000
237400 29075 113125 51075 23000
237500 29075 113125 51075 23000
237600 29075 113125 51075 23000
237700 29075 113125 51075 23000
237800 29075 113125 51075 23000
237900 29075 113125 51075 23000
238000 29075 113125 51075 23000
238100 29075 113125 51075 23000
238200 29075 113125 51075 22975
238300 29075 113125 51075 22975
238400 29075 113125 51075 22975
238500 29075 113125 51075 22975
238600 29075 113125 51075 22975
238700 29075 113125 51075 22975
238800 29075 113125 51075 22975
238900 29075 113125 51075 22975
239000 29075 113125 51075 22975
239100 29075 113125 51075 22975
239200 29075 113125 51075 22975
239300 29075 113125 51075 22975
239400 29075 113125 51075 22975
239500 29075 113125 51075 22975
239600 29075 113125 51075 22975
239700 29075 113125 51075 22975
239800 29075 113125 51075 22975
239900 29075 113125 51075 22975
240000 29075 113125 51075 22975
240100 29075 113125 51075 22975
240200 29075 113125 51075 22975
240300 29075 113125 51075 22975
240400 29075 113125 51075 22975
240500 29075 113125 51075 22975
240600 29075 113125 51075 22975
240700 29075 113125 51075 22975
240800 29075 113125 51075 22975
240900 29075 113125 51075 22975
241000 29075 113125 51075 22975
241100 29075 113125 51075 22975
241200 29075 113125 51075 22975
241300 29075 113125 51075 22975
241400 29075 113125 51075 22975
241500 29075 113125 51075 22975
241600 29075 113125 51075 22975
241700 29075 113125 51075 22975
241800 29075 113125 51075 22975
241900 29075 113125 51075 22975
242000 29075 113125 51075 22975
242100 29075 113125 51075 22975
242200 29075 113125 51075 22975
242300 29075 113125 51075 22975
242400 29075 113125 51075 22975
242500 29075 113125 51075 22975
242600 29075 113125 51075 22975
242700 29075 113125 51075 22975
242800 29075 113125 51100 22975
242900 29075 113125 51100 22975
243000 29075 113125 51125 22975
243100 29075 113125 51125 22975
243200 29075 113125 51125 22975
243300 29075 113125 51125 22975
243400 29075 113125 51125 22975
243500 29075 113125 51125 22975
243600 29075 113125 51125 22975
243700 29075 113125 51125 22975
243800 29075 113125 51125 22975
243900 29075 113125 51125 22975
244000 29075 113125 51125 22975
244100 29075 113125 51125 22975
244200 29075 113125 51125 22975
244300 29075 113125 51125 22975
244400 29075 113125 51125 22975
244500 29075 113125 51125 22975
244600 29075 113125 51125 22975
244700 29075 113125 51125 22975
244800 29075 113125 51125 22975
244900 29075 113125 51125 22975
245000 29075 113125 51125 22975
245100 29075 113125 51125 22975
245200 29075 113125 51125 22950
245300 29075 113125 51125 22950
245400 29075 113125 51125 22950
245500 29075 113125 51125 22950
245600 29075 113125 51125 22950
245700 29075 113125 51125 22950
245800 29075 113125 51125 22950
245900 29075 113125 51125 22950
246000 29075 113125 51125 22950
246100 29075 113125 51125 22950
246200 29075 113125 51125 22950
246300 29075 113125 51125 22925
246400 29075 113125 51125 22925
246500 29075 113125 51125 22925
246600 29075 113125 51125 22925
246700 29075 113125 51125 22925
246800 29075 113125 51125 22925
246900 29075 113125 51125 22925
247000 29075 113125 51125 22925
247100 29075 113125 51125 22925
247200 29075 113125 51125 22925
247300 29075 113125 51125 22925
247400 29075 113125 51125 22925
247500 29075 113125 51125 22925
247600 29075 113125 51125 22925
247700 29075 113125 51125 22925
247800 29075 113125 51125 22925
247900 29075 113125 51100 22925
248000 29075 113125 51100 22925
248100 29075 113125 51075 22925
248200 29075 113125 51075 22925
248300 29075 113125 51075 22925
248400 29075 113125 51075 22925
248500 29075 113125 51075 22925
248600 29075 113125 51075 22925
248700 29075 113125 51075 22925
248800 29075 113125 51075 22925
248900 29075 113125 51075 22925
249000 29075 113125 51075 22925
249100 29075 113125 51075 22925
249200 29075 113125 51075 22925
249300 29075 113125 51075 22925
249400 29075 113125 51075 22925
249500 29075 113125 51075 22925
249600 29075 113125 51075 22925
249700 29075 113125 51075 22925
249800 29075 113125 51075 22925
249900 29075 113125 51075 22925
250000 29075 113125 51075 22925
