0 68600 59575 55850 65975
100 68550 59575 55875 66000
200 68550 59600 55875 65975
300 68525 59675 55850 65950
400 68550 59700 55825 65925
500 68525 59700 55775 66000
600 68475 59725 55800 66000
700 68525 59725 55825 65925
800 68525 59725 55825 65925
900 68525 59725 55875 65875
1000 68450 59750 55950 65850
1100 68375 59775 56000 65850
1200 68400 59775 56000 65825
1300 68375 59775 56050 65800
1400 68450 59750 55975 65825
1500 68400 59750 56000 65850
1600 68375 59775 56000 65850
1700 68375 59750 56000 65875
1800 68425 59700 56000 65875
1900 68425 59725 55975 65875
2000 68425 59750 55950 65875
2100 68375 59775 56000 65850
2200 68400 59775 56025 65800
2300 68375 59800 56050 65775
2400 68325 59800 56100 65775
2500 68325 59825 56075 65775
2600 68300 59800 56150 65750
2700 68250 59850 56150 65750
2800 68300 59825 56175 65700
2900 68350 59850 56125 65675
3000 68300 59875 56150 65675
3100 68275 59875 56175 65675
3200 68275 59875 56175 65675
3300 68300 59850 56175 65675
3400 68275 59825 56200 65700
3500 68250 59825 56175 65750
3600 68225 59825 56250 65700
3700 68225 59850 56225 65700
3800 68225 59850 56250 65675
3900 68150 59900 56275 65675
4000 68175 59900 56250 65675
4100 68175 59825 56275 65725
4200 68175 59850 56250 65725
4300 68175 59875 56250 65700
4400 68075 59925 56300 65700
4500 68025 59925 56325 65725
4600 68025 59900 56350 65725
4700 68025 59900 56375 65700
4800 68000 59925 56400 65675
4900 68000 59900 56425 65675
5000 67975 59875 56450 65700
5100 68025 59850 56400 65725
5200 68025 59850 56425 65700
5300 68025 59850 56475 65650
5400 68050 59850 56475 65625
5500 68050 59850 56525 65575
5600 68000 59875 56525 65600
5700 67950 59900 56525 65625
5800 67950 59900 56500 65650
5900 67950 59900 56500 65650
6000 67950 59900 56500 65650
6100 67950 59875 56525 65650
6200 67950 59875 56500 65675
6300 67975 59825 56550 65650
6400 68000 59825 56500 65675
6500 68025 59825 56500 65650
6600 68025 59825 56525 65625
6700 67925 59875 56550 65650
6800 67900 59850 56575 65675
6900 67825 59875 56600 65700
7000 67850 59875 56550 65725
7100 67850 59900 56575 65675
7200 67825 59900 56550 65725
7300 67850 59900 56475 65775
7400 67850 59900 56500 65750
7500 67850 59950 56450 65750
7600 67850 59950 56475 65725
7700 67825 59950 56500 65725
7800 67850 59950 56550 65650
7900 67825 59975 56550 65650
8000 67800 60000 56525 65675
8100 67775 59975 56575 65675
8200 67775 60000 56575 65650
8300 67775 60000 56575 65650
8400 67725 60025 56625 65625
8500 67725 60025 56625 65625
8600 67725 60050 56650 65575
8700 67700 60050 56675 65575
8800 67725 59975 56700 65600
8900 67700 59975 56700 65625
9000 67650 60000 56775 65575
9100 67625 60025 56800 65550
9200 67575 60050 56875 65500
9300 67600 60025 56875 65500
9400 67575 60050 56875 65500
9500 67575 60050 56875 65500
9600 67600 60075 56850 65475
9700 67600 60075 56825 65500
9800 67625 60075 56800 65500
9900 67575 60075 56825 65525
10000 67525 60100 56875 65500
10100 67425 60125 56925 65525
10200 67425 60100 56950 65525
10300 67450 60075 56950 65525
10400 67450 60075 56950 65525
10500 67425 60075 57000 65500
10600 67425 60075 57000 65500
10700 67425 60075 57000 65500
10800 67425 60075 57025 65475
10900 67400 60100 57025 65475
11000 67425 60100 57025 65450
11100 67350 60075 57050 65525
11200 67350 60050 57075 65525
11300 67400 60025 57100 65475
11400 67425 60050 57075 65450
11500 67375 60075 57075 65475
11600 67400 60025 57025 65550
11700 67400 60025 57025 65550
11800 67425 60075 56975 65525
11900 67425 60075 56975 65525
12000 67425 60075 56975 65525
12100 67375 60075 57025 65525
12200 67375 60075 57050 65500
12300 67375 60075 57050 65500
12400 67400 60075 57075 65450
12500 67375 60075 57100 65450
12600 67350 60100 57100 65450
12700 67350 60100 57100 65450
12800 67300 60100 57125 65475
12900 67300 60100 57125 65475
13000 67300 60100 57125 65475
13100 67225 60100 57200 65475
13200 67250 60100 57225 65425
13300 67250 60100 57250 65400
13400 67250 60100 57225 65425
13500 67250 60150 57200 65400
13600 67250 60125 57200 65425
13700 67200 60150 57225 65425
13800 67200 60125 57250 65425
13900 67225 60150 57250 65375
14000 67200 60175 57225 65400
14100 67150 60150 57275 65425
14200 67150 60150 57325 65375
14300 67100 60175 57350 65375
14400 67100 60175 57350 65375
14500 67100 60200 57375 65325
14600 67100 60200 57375 65325
14700 67125 60175 57375 65325
14800 67125 60175 57400 65300
14900 67150 60150 57400 65300
15000 67150 60150 57400 65300
15100 67125 60150 57400 65325
15200 67100 60150 57450 65300
15300 67075 60150 57475 65300
15400 67050 60150 57500 65300
15500 67050 60150 57500 65300
15600 67050 60150 57500 65300
15700 67050 60100 57525 65325
15800 67000 60100 57550 65350
15900 67000 60125 57525 65350
16000 67025 60100 57575 65300
16100 67025 60125 57500 65350
16200 67000 60125 57550 65325
16300 67000 60100 57550 65350
16400 66975 60075 57575 65375
16500 66975 60075 57600 65350
16600 67000 60075 57600 65325
16700 67000 60050 57625 65325
16800 67000 60050 57625 65325
16900 67050 60050 57625 65275
17000 67025 60050 57650 65275
17100 67050 60075 57600 65275
17200 67100 60050 57600 65250
17300 67075 60050 57625 65250
17400 67050 60050 57650 65250
17500 67025 60075 57675 65225
17600 67000 60150 57625 65225
17700 67025 60125 57625 65225
17800 66975 60125 57650 65250
17900 66950 60100 57675 65275
18000 66900 60100 57650 65350
18100 66900 60100 57650 65350
18200 66900 60100 57650 65350
18300 66900 60100 57650 65350
18400 66900 60100 57650 65350
18500 66900 60100 57675 65325
18600 66900 60100 57700 65300
18700 66850 60125 57700 65325
18800 66850 60125 57700 65325
18900 66825 60150 57725 65300
19000 66825 60150 57700 65325
19100 66800 60150 57750 65300
19200 66775 60150 57775 65300
19300 66750 60150 57800 65300
19400 66750 60150 57800 65300
19500 66750 60175 57750 65325
19600 66775 60175 57750 65300
19700 66775 60175 57750 65300
19800 66775 60150 57750 65325
19900 66775 60150 57750 65325
20000 66800 60150 57750 65300
20100 66800 60150 57725 65325
20200 66750 60125 57750 65375
20300 66750 60125 57775 65350
20400 66725 60125 57825 65325
20500 66725 60150 57800 65325
20600 66700 60175 57800 65325
20700 66700 60175 57800 65325
20800 66750 60175 57800 65275
20900 66700 60150 57900 65250
21000 66675 60175 57900 65250
21100 66700 60175 57900 65225
21200 66650 60250 57875 65225
21300 66650 60250 57850 65250
21400 66625 60250 57850 65275
21500 66625 60250 57850 65275
21600 66625 60250 57825 65300
21700 66625 60225 57825 65325
21800 66600 60225 57850 65325
21900 66625 60225 57875 65275
22000 66600 60250 57875 65275
22100 66600 60250 57875 65275
22200 66600 60250 57875 65275
22300 66600 60250 57875 65275
22400 66600 60225 57875 65300
22500 66600 60225 57875 65300
22600 66600 60225 57900 65275
22700 66550 60250 57950 65250
22800 66550 60225 57975 65250
22900 66550 60225 57975 65250
23000 66550 60225 57975 65250
23100 66550 60225 57975 65250
23200 66525 60225 58000 65250
23300 66500 60225 58000 65275
23400 66500 60225 58000 65275
23500 66500 60200 58000 65300
23600 66500 60225 57975 65300
23700 66500 60225 57975 65300
23800 66500 60200 57975 65325
23900 66500 60225 58025 65250
24000 66500 60225 58025 65250
24100 66500 60250 58025 65225
24200 66500 60250 58025 65225
24300 66475 60250 58050 65225
24400 66500 60250 58050 65200
24500 66500 60250 58025 65225
24600 66475 60250 58050 65225
24700 66450 60250 58075 65225
24800 66450 60250 58075 65225
24900 66450 60250 58075 65225
25000 66450 60250 58100 65200
25100 66450 60250 58100 65200
25200 66475 60225 58100 65200
25300 66475 60200 58125 65200
25400 66450 60200 58150 65200
25500 66450 60250 58100 65200
25600 66450 60250 58100 65200
25700 66450 60275 58075 65200
25800 66450 60275 58100 65175
25900 66425 60275 58125 65175
26000 66425 60300 58125 65150
26100 66425 60275 58150 65150
26200 66425 60275 58175 65125
26300 66425 60275 58175 65125
26400 66425 60275 58175 65125
26500 66425 60275 58175 65125
26600 66400 60300 58175 65125
26700 66400 60225 58175 65200
26800 66425 60225 58175 65175
26900 66425 60225 58200 65150
27000 66425 60225 58200 65150
27100 66450 60200 58200 65150
27200 66425 60200 58225 65150
27300 66400 60200 58250 65150
27400 66400 60225 58225 65150
27500 66375 60225 58250 65150
27600 66375 60225 58225 65175
27700 66375 60225 58225 65175
27800 66375 60225 58225 65175
27900 66350 60225 58275 65150
28000 66350 60225 58275 65150
28100 66350 60175 58300 65175
28200 66350 60175 58300 65175
28300 66325 60175 58325 65175
28400 66325 60175 58325 65175
28500 66350 60175 58325 65150
28600 66325 60150 58375 65150
28700 66325 60125 58400 65150
28800 66325 60125 58375 65175
28900 66325 60100 58375 65200
29000 66325 60075 58400 65200
29100 66300 60100 58425 65175
29200 66300 60075 58450 65175
29300 66300 60075 58450 65175
29400 66275 60050 58475 65200
29500 66250 60050 58500 65200
29600 66225 60075 58475 65225
29700 66225 60075 58475 65225
29800 66200 60125 58450 65225
29900 66200 60125 58450 65225
30000 66200 60125 58450 65225
30100 66175 60125 58475 65225
30200 66175 60125 58475 65225
30300 66175 60125 58475 65225
30400 66175 60100 58475 65250
30500 66150 60100 58500 65250
30600 66125 60050 58550 65275
30700 66125 60050 58550 65275
30800 66125 60050 58550 65275
30900 66100 60125 58500 65275
31000 66125 60125 58500 65250
31100 66125 60125 58500 65250
31200 66100 60150 58475 65275
31300 66125 60175 58450 65250
31400 66125 60150 58425 65300
31500 66100 60200 58425 65275
31600 66075 60200 58425 65300
31700 66075 60200 58425 65300
31800 66050 60175 58425 65350
31900 66025 60175 58475 65325
32000 66025 60175 58475 65325
32100 66025 60175 58475 65325
32200 66050 60150 58475 65325
32300 66025 60175 58475 65325
32400 66025 60150 58475 65350
32500 66025 60150 58475 65350
32600 66025 60150 58475 65350
32700 66025 60125 58475 65375
32800 66025 60100 58500 65375
32900 66025 60100 58500 65375
33000 66025 60100 58525 65350
33100 66025 60100 58550 65325
33200 66000 60100 58575 65325
33300 65975 60075 58600 65350
33400 65975 60050 58625 65350
33500 65975 60050 58625 65350
33600 66000 60075 58600 65325
33700 65975 60100 58575 65350
33800 65975 60050 58575 65400
33900 65950 60075 58575 65400
34000 65950 60050 58575 65425
34100 65925 60000 58600 65475
34200 65925 59950 58600 65525
34300 65925 59950 58625 65500
34400 65925 59950 58625 65500
34500 65925 59950 58625 65500
34600 65925 59950 58625 65500
34700 65900 59950 58650 65500
34800 65900 59950 58650 65500
34900 65900 59950 58650 65500
35000 65900 59950 58650 65500
35100 65900 59950 58650 65500
35200 65900 59950 58650 65500
35300 65875 59950 58675 65500
35400 65875 59950 58675 65500
35500 65875 59950 58675 65500
35600 65875 59925 58675 65525
35700 65875 59925 58675 65525
35800 65875 59925 58675 65525
35900 65900 59900 58675 65525
36000 65900 59900 58675 65525
36100 65875 59925 58625 65575
36200 65875 59925 58625 65575
36300 65875 59925 58625 65575
36400 65850 59950 58625 65575
36500 65850 59950 58625 65575
36600 65825 59950 58650 65575
36700 65800 59950 58675 65575
36800 65775 59975 58650 65600
36900 65775 59950 58650 65625
37000 65775 59950 58650 65625
37100 65775 59950 58650 65625
37200 65775 59950 58650 65625
37300 65775 59950 58675 65600
37400 65775 59975 58650 65600
37500 65800 59975 58650 65575
37600 65800 59975 58650 65575
37700 65800 60000 58625 65575
37800 65775 60000 58650 65575
37900 65775 60025 58650 65550
38000 65775 60025 58650 65550
38100 65775 60000 58650 65575
38200 65775 60000 58675 65550
38300 65775 60000 58700 65525
38400 65775 60000 58700 65525
38500 65775 60000 58700 65525
38600 65775 60025 58675 65525
38700 65775 60050 58650 65525
38800 65775 60075 58625 65525
38900 65775 60075 58650 65500
39000 65775 60075 58650 65500
39100 65775 60050 58650 65525
39200 65775 60050 58650 65525
39300 65775 60050 58650 65525
39400 65775 60050 58650 65525
39500 65775 60050 58650 65525
39600 65775 60050 58700 65475
39700 65775 60050 58700 65475
39800 65775 60050 58700 65475
39900 65775 60050 58700 65475
40000 65800 60075 58700 65425
40100 65800 60050 58700 65450
40200 65775 60050 58725 65450
40300 65775 60050 58725 65450
40400 65775 60050 58750 65425
40500 65750 60050 58775 65425
40600 65750 60050 58775 65425
40700 65750 60025 58800 65425
40800 65775 60000 58800 65425
40900 65775 60000 58800 65425
41000 65775 60000 58800 65425
41100 65775 60025 58800 65400
41200 65775 60025 58800 65400
41300 65775 60025 58800 65400
41400 65775 60025 58800 65400
41500 65775 60025 58775 65425
41600 65775 60025 58775 65425
41700 65800 60000 58800 65400
41800 65800 60000 58800 65400
41900 65800 60000 58800 65400
42000 65825 59975 58825 65375
42100 65825 59975 58825 65375
42200 65825 59950 58875 65350
42300 65825 59950 58875 65350
42400 65825 59925 58875 65375
42500 65850 59925 58875 65350
42600 65850 59925 58875 65350
42700 65825 59925 58875 65375
42800 65825 59875 58850 65450
42900 65825 59850 58850 65475
43000 65850 59825 58850 65475
43100 65825 59825 58875 65475
43200 65825 59825 58875 65475
43300 65825 59825 58875 65475
43400 65800 59825 58900 65475
43500 65775 59825 58900 65500
43600 65775 59825 58875 65525
43700 65775 59825 58875 65525
43800 65775 59825 58875 65525
43900 65750 59850 58875 65525
44000 65750 59850 58850 65550
44100 65750 59850 58850 65550
44200 65750 59850 58850 65550
44300 65750 59850 58850 65550
44400 65750 59850 58850 65550
44500 65750 59900 58800 65550
44600 65750 59900 58800 65550
44700 65750 59850 58850 65550
44800 65750 59850 58850 65550
44900 65750 59850 58850 65550
45000 65750 59850 58850 65550
45100 65750 59850 58850 65550
45200 65750 59850 58850 65550
45300 65775 59850 58850 65525
45400 65775 59850 58850 65525
45500 65775 59850 58850 65525
45600 65775 59850 58850 65525
45700 65775 59850 58850 65525
45800 65775 59850 58850 65525
45900 65775 59850 58850 65525
46000 65775 59850 58850 65525
46100 65775 59850 58850 65525
46200 65750 59825 58900 65525
46300 65750 59825 58900 65525
46400 65750 59825 58900 65525
46500 65750 59825 58900 65525
46600 65750 59850 58875 65525
46700 65725 59875 58875 65525
46800 65700 59850 58925 65525
46900 65700 59850 58925 65525
47000 65700 59875 58900 65525
47100 65700 59875 58900 65525
47200 65700 59875 58900 65525
47300 65700 59850 58925 65525
47400 65700 59825 58925 65550
47500 65700 59825 58925 65550
47600 65700 59850 58900 65550
47700 65725 59825 58925 65525
47800 65725 59800 58950 65525
47900 65725 59800 58950 65525
48000 65700 59850 58925 65525
48100 65700 59850 58925 65525
48200 65700 59850 58950 65500
48300 65700 59850 58950 65500
48400 65700 59850 58950 65500
48500 65700 59850 58950 65500
48600 65700 59850 58950 65500
48700 65675 59850 58975 65500
48800 65675 59875 58950 65500
48900 65650 59900 58950 65500
49000 65650 59925 58925 65500
49100 65675 59925 58925 65475
49200 65675 59925 58900 65500
49300 65675 59925 58900 65500
49400 65675 59925 58900 65500
49500 65675 59925 58900 65500
49600 65675 59925 58900 65500
49700 65675 59925 58900 65500
49800 65650 59950 58900 65500
49900 65650 59950 58900 65500
50000 65675 59925 58900 65500
50100 65675 59925 58900 65500
50200 65675 59925 58900 65500
50300 65675 59925 58900 65500
50400 65700 59900 58900 65500
50500 65700 59900 58925 65475
50600 65700 59900 58925 65475
50700 65700 59900 58925 65475
50800 65700 59900 58925 65475
50900 65675 59900 58925 65500
51000 65650 59900 58950 65500
51100 65625 59900 58950 65525
51200 65625 59900 58950 65525
51300 65600 59900 58975 65525
51400 65600 59900 58975 65525
51500 65600 59925 58975 65500
51600 65600 59925 58975 65500
51700 65600 59925 58975 65500
51800 65600 59925 58975 65500
51900 65625 59925 58975 65475
52000 65625 59925 58975 65475
52100 65625 59925 58975 65475
52200 65625 59925 58975 65475
52300 65625 59925 58975 65475
52400 65625 59925 58975 65475
52500 65625 59950 58950 65475
52600 65625 59950 58950 65475
52700 65625 59950 58950 65475
52800 65625 59950 58950 65475
52900 65600 59950 58975 65475
53000 65600 59950 58975 65475
53100 65600 59950 58975 65475
53200 65600 59950 58975 65475
53300 65600 59950 58975 65475
53400 65600 59950 58975 65475
53500 65600 59950 58950 65500
53600 65600 59950 58950 65500
53700 65600 59950 58950 65500
53800 65600 59950 58950 65500
53900 65625 59950 58950 65475
54000 65625 59950 58950 65475
54100 65625 59950 58950 65475
54200 65625 59950 58950 65475
54300 65625 59975 58950 65450
54400 65650 59975 58950 65425
54500 65650 59975 58950 65425
54600 65650 59975 58950 65425
54700 65625 59975 58975 65425
54800 65650 59975 58975 65400
54900 65650 59975 58975 65400
55000 65600 60000 58975 65425
55100 65600 60025 58950 65425
55200 65625 60025 58950 65400
55300 65625 60025 58950 65400
55400 65625 60025 58950 65400
55500 65625 60025 58950 65400
55600 65625 60025 58950 65400
55700 65650 60025 58950 65375
55800 65675 60025 58950 65350
55900 65675 60025 58950 65350
56000 65675 60025 58975 65325
56100 65650 60050 58975 65325
56200 65650 60050 58975 65325
56300 65650 60050 58975 65325
56400 65625 60050 59000 65325
56500 65625 60050 59000 65325
56600 65650 60050 59000 65300
56700 65650 60050 59000 65300
56800 65650 60050 59000 65300
56900 65650 60050 59025 65275
57000 65650 60050 59025 65275
57100 65625 60050 59050 65275
57200 65625 60050 59050 65275
57300 65625 60050 59050 65275
57400 65625 60050 59050 65275
57500 65625 60050 59050 65275
57600 65625 60050 59050 65275
57700 65600 60075 59050 65275
57800 65600 60075 59050 65275
57900 65600 60075 59050 65275
58000 65600 60075 59050 65275
58100 65575 60100 59050 65275
58200 65575 60100 59050 65275
58300 65575 60125 59025 65275
58400 65575 60125 59025 65275
58500 65575 60125 59025 65275
58600 65575 60125 59025 65275
58700 65575 60125 59025 65275
58800 65575 60125 59025 65275
58900 65575 60150 59000 65275
59000 65575 60150 59000 65275
59100 65575 60150 59000 65275
59200 65575 60125 59025 65275
59300 65575 60125 59025 65275
59400 65575 60125 59025 65275
59500 65575 60125 59000 65300
59600 65575 60125 59000 65300
59700 65600 60125 59000 65275
59800 65575 60125 59025 65275
59900 65575 60125 59025 65275
60000 65575 60125 59025 65275
60100 65575 60125 59025 65275
60200 65575 60125 59025 65275
60300 65550 60150 59025 65275
60400 65550 60150 59050 65250
60500 65550 60175 59025 65250
60600 65550 60175 59025 65250
60700 65550 60175 59025 65250
60800 65550 60175 59025 65250
60900 65550 60175 59025 65250
61000 65525 60200 59025 65250
61100 65525 60200 59025 65250
61200 65525 60200 59025 65250
61300 65525 60200 59025 65250
61400 65500 60225 59025 65250
61500 65500 60225 59025 65250
61600 65500 60225 59025 65250
61700 65500 60225 59025 65250
61800 65475 60225 59050 65250
61900 65475 60225 59050 65250
62000 65475 60225 59050 65250
62100 65450 60225 59075 65250
62200 65450 60250 59050 65250
62300 65450 60250 59050 65250
62400 65425 60250 59050 65275
62500 65425 60250 59050 65275
62600 65400 60250 59025 65325
62700 65400 60250 59025 65325
62800 65400 60225 59050 65325
62900 65400 60225 59050 65325
63000 65400 60225 59050 65325
63100 65400 60225 59050 65325
63200 65400 60225 59050 65325
63300 65400 60225 59050 65325
63400 65400 60250 59025 65325
63500 65400 60250 59025 65325
63600 65400 60250 59025 65325
63700 65400 60250 59025 65325
63800 65400 60250 59025 65325
63900 65400 60250 59025 65325
64000 65425 60250 59025 65300
64100 65425 60250 59050 65275
64200 65425 60250 59050 65275
64300 65400 60250 59075 65275
64400 65400 60275 59050 65275
64500 65400 60275 59050 65275
64600 65400 60275 59050 65275
64700 65400 60275 59050 65275
64800 65400 60275 59050 65275
64900 65400 60275 59050 65275
65000 65425 60275 59050 65250
65100 65425 60300 59025 65250
65200 65425 60300 59025 65250
65300 65425 60300 59025 65250
65400 65425 60325 59000 65250
65500 65425 60325 59000 65250
65600 65425 60325 59000 65250
65700 65425 60325 59000 65250
65800 65425 60300 59025 65250
65900 65425 60300 59025 65250
66000 65425 60300 59025 65250
66100 65425 60300 59025 65250
66200 65425 60300 59025 65250
66300 65425 60300 59025 65250
66400 65400 60325 59025 65250
66500 65375 60350 59025 65250
66600 65375 60350 59025 65250
66700 65375 60350 59025 65250
66800 65375 60350 59025 65250
66900 65375 60350 59025 65250
67000 65375 60350 59025 65250
67100 65375 60350 59050 65225
67200 65375 60350 59050 65225
67300 65375 60375 59025 65225
67400 65375 60375 59025 65225
67500 65375 60400 59025 65200
67600 65375 60400 59025 65200
67700 65375 60400 59025 65200
67800 65375 60400 59025 65200
67900 65375 60400 59025 65200
68000 65375 60400 59025 65200
68100 65375 60400 59025 65200
68200 65375 60400 59025 65200
68300 65375 60400 59025 65200
68400 65375 60375 59050 65200
68500 65375 60375 59050 65200
68600 65375 60375 59050 65200
68700 65350 60375 59075 65200
68800 65325 60400 59075 65200
68900 65300 60400 59075 65225
69000 65300 60400 59075 65225
69100 65300 60400 59075 65225
69200 65300 60425 59050 65225
69300 65300 60425 59050 65225
69400 65300 60425 59050 65225
69500 65300 60425 59050 65225
69600 65300 60425 59075 65200
69700 65300 60425 59075 65200
69800 65300 60425 59075 65200
69900 65300 60425 59075 65200
70000 65300 60425 59075 65200
70100 65300 60425 59075 65200
70200 65300 60425 59075 65200
70300 65325 60425 59075 65175
70400 65325 60425 59075 65175
70500 65325 60425 59075 65175
70600 65325 60400 59100 65175
70700 65325 60400 59100 65175
70800 65325 60400 59100 65175
70900 65325 60400 59100 65175
71000 65325 60375 59125 65175
71100 65325 60375 59150 65150
71200 65325 60375 59150 65150
71300 65325 60350 59175 65150
71400 65325 60350 59150 65175
71500 65325 60350 59150 65175
71600 65325 60350 59150 65175
71700 65325 60350 59175 65150
71800 65325 60350 59175 65150
71900 65325 60350 59175 65150
72000 65350 60350 59175 65125
72100 65350 60350 59175 65125
72200 65350 60350 59175 65125
72300 65350 60325 59200 65125
72400 65350 60325 59200 65125
72500 65375 60325 59200 65100
72600 65375 60325 59200 65100
72700 65375 60325 59200 65100
72800 65375 60325 59200 65100
72900 65375 60325 59200 65100
73000 65350 60325 59200 65125
73100 65350 60325 59200 65125
73200 65350 60325 59200 65125
73300 65350 60300 59250 65100
73400 65350 60275 59275 65100
73500 65350 60300 59250 65100
73600 65350 60300 59250 65100
73700 65350 60300 59250 65100
73800 65350 60300 59250 65100
73900 65350 60300 59225 65125
74000 65350 60300 59225 65125
74100 65375 60250 59275 65100
74200 65375 60250 59275 65100
74300 65375 60250 59275 65100
74400 65375 60250 59300 65075
74500 65350 60250 59300 65100
74600 65350 60250 59300 65100
74700 65350 60250 59300 65100
74800 65350 60250 59300 65100
74900 65350 60250 59300 65100
75000 65350 60250 59300 65100
75100 65350 60250 59325 65075
75200 65375 60275 59300 65050
75300 65375 60275 59325 65025
75400 65400 60275 59325 65000
75500 65425 60275 59325 64975
75600 65425 60275 59325 64975
75700 65425 60275 59325 64975
75800 65425 60275 59325 64975
75900 65425 60275 59325 64975
76000 65425 60275 59325 64975
76100 65425 60275 59325 64975
76200 65425 60275 59325 64975
76300 65400 60300 59325 64975
76400 65375 60325 59325 64975
76500 65375 60325 59325 64975
76600 65375 60325 59325 64975
76700 65375 60325 59325 64975
76800 65375 60325 59325 64975
76900 65375 60325 59325 64975
77000 65375 60325 59325 64975
77100 65375 60325 59325 64975
77200 65375 60325 59325 64975
77300 65400 60350 59300 64950
77400 65400 60350 59300 64950
77500 65400 60350 59300 64950
77600 65400 60350 59300 64950
77700 65400 60350 59300 64950
77800 65400 60350 59300 64950
77900 65400 60350 59300 64950
78000 65425 60350 59300 64925
78100 65425 60375 59275 64925
78200 65425 60375 59275 64925
78300 65425 60375 59275 64925
78400 65425 60375 59275 64925
78500 65425 60375 59275 64925
78600 65425 60375 59275 64925
78700 65425 60375 59275 64925
78800 65425 60375 59275 64925
78900 65425 60375 59275 64925
79000 65425 60375 59275 64925
79100 65425 60375 59275 64925
79200 65425 60375 59275 64925
79300 65425 60375 59275 64925
79400 65425 60375 59275 64925
79500 65425 60375 59275 64925
79600 65425 60375 59275 64925
79700 65425 60375 59275 64925
79800 65425 60375 59275 64925
79900 65425 60375 59275 64925
80000 65425 60375 59275 64925
80100 65425 60375 59275 64925
80200 65425 60375 59275 64925
80300 65425 60375 59275 64925
80400 65425 60375 59275 64925
80500 65425 60375 59275 64925
80600 65425 60400 59250 64925
80700 65425 60400 59250 64925
80800 65425 60400 59250 64925
80900 65400 60425 59250 64925
81000 65400 60425 59250 64925
81100 65400 60425 59250 64925
81200 65400 60425 59250 64925
81300 65400 60425 59250 64925
81400 65400 60425 59250 64925
81500 65400 60425 59250 64925
81600 65400 60425 59250 64925
81700 65400 60425 59250 64925
81800 65400 60425 59250 64925
81900 65400 60425 59250 64925
82000 65400 60425 59250 64925
82100 65400 60425 59250 64925
82200 65400 60425 59250 64925
82300 65425 60400 59250 64925
82400 65425 60425 59225 64925
82500 65425 60425 59225 64925
82600 65425 60425 59225 64925
82700 65400 60425 59225 64950
82800 65350 60450 59225 64975
82900 65350 60450 59225 64975
83000 65350 60450 59225 64975
83100 65350 60450 59225 64975
83200 65350 60450 59225 64975
83300 65350 60450 59225 64975
83400 65375 60475 59200 64950
83500 65375 60475 59200 64950
83600 65350 60475 59225 64950
83700 65350 60475 59225 64950
83800 65325 60500 59225 64950
83900 65325 60500 59225 64950
84000 65325 60500 59225 64950
84100 65325 60500 59225 64950
84200 65350 60475 59250 64925
84300 65350 60475 59250 64925
84400 65350 60475 59250 64925
84500 65350 60475 59250 64925
84600 65350 60475 59250 64925
84700 65350 60475 59250 64925
84800 65325 60475 59250 64950
84900 65325 60475 59250 64950
85000 65325 60475 59250 64950
85100 65325 60475 59250 64950
85200 65325 60475 59250 64950
85300 65325 60475 59250 64950
85400 65325 60475 59250 64950
85500 65350 60425 59275 64950
85600 65375 60400 59275 64950
85700 65375 60400 59275 64950
85800 65375 60400 59275 64950
85900 65375 60425 59250 64950
86000 65375 60425 59250 64950
86100 65375 60425 59250 64950
86200 65375 60425 59250 64950
86300 65375 60425 59250 64950
86400 65375 60425 59250 64950
86500 65375 60425 59250 64950
86600 65425 60400 59250 64925
86700 65425 60400 59250 64925
86800 65425 60400 59250 64925
86900 65425 60400 59250 64925
87000 65425 60400 59250 64925
87100 65425 60400 59250 64925
87200 65425 60400 59250 64925
87300 65425 60400 59250 64925
87400 65400 60425 59250 64925
87500 65425 60400 59250 64925
87600 65400 60425 59250 64925
87700 65400 60425 59250 64925
87800 65400 60425 59250 64925
87900 65400 60425 59225 64950
88000 65425 60400 59225 64950
88100 65450 60375 59225 64950
88200 65450 60375 59225 64950
88300 65475 60375 59225 64925
88400 65475 60375 59225 64925
88500 65475 60375 59225 64925
88600 65450 60400 59225 64925
88700 65450 60400 59225 64925
88800 65450 60400 59225 64925
88900 65450 60400 59225 64925
89000 65450 60450 59175 64925
89100 65450 60450 59175 64925
89200 65450 60450 59175 64925
89300 65425 60475 59175 64925
89400 65425 60475 59175 64925
89500 65425 60475 59175 64925
89600 65425 60475 59175 64925
89700 65425 60475 59175 64925
89800 65425 60475 59175 64925
89900 65425 60475 59175 64925
90000 65425 60475 59175 64925
90100 65425 60475 59175 64925
90200 65425 60475 59175 64925
90300 65425 60475 59175 64925
90400 65400 60500 59175 64925
90500 65400 60500 59175 64925
90600 65400 60500 59175 64925
90700 65400 60500 59200 64900
90800 65400 60500 59200 64900
90900 65400 60500 59200 64900
91000 65400 60500 59200 64900
91100 65400 60475 59225 64900
91200 65400 60475 59225 64900
91300 65375 60500 59225 64900
91400 65375 60500 59225 64900
91500 65375 60500 59225 64900
91600 65375 60500 59225 64900
91700 65375 60500 59225 64900
91800 65375 60500 59225 64900
91900 65375 60500 59225 64900
92000 65375 60500 59225 64900
92100 65375 60500 59225 64900
92200 65350 60500 59225 64925
92300 65350 60500 59225 64925
92400 65350 60500 59225 64925
92500 65350 60500 59225 64925
92600 65350 60500 59225 64925
92700 65350 60500 59225 64925
92800 65375 60500 59225 64900
92900 65350 60500 59250 64900
93000 65350 60500 59250 64900
93100 65350 60500 59250 64900
93200 65350 60500 59250 64900
93300 65350 60500 59250 64900
93400 65350 60500 59250 64900
93500 65350 60500 59250 64900
93600 65350 60500 59250 64900
93700 65350 60500 59250 64900
93800 65350 60500 59250 64900
93900 65350 60500 59250 64900
94000 65350 60500 59250 64900
94100 65350 60500 59250 64900
94200 65350 60500 59250 64900
94300 65350 60500 59250 64900
94400 65350 60500 59250 64900
94500 65350 60500 59250 64900
94600 65350 60500 59250 64900
94700 65350 60500 59250 64900
94800 65350 60500 59250 64900
94900 65350 60500 59250 64900
95000 65375 60500 59250 64875
95100 65375 60500 59250 64875
95200 65375 60525 59225 64875
95300 65375 60525 59225 64875
95400 65375 60525 59225 64875
95500 65375 60525 59225 64875
95600 65375 60525 59225 64875
95700 65375 60525 59225 64875
95800 65375 60525 59225 64875
95900 65375 60525 59225 64875
96000 65375 60525 59225 64875
96100 65375 60525 59225 64875
96200 65375 60525 59225 64875
96300 65375 60525 59225 64875
96400 65375 60525 59225 64875
96500 65375 60525 59225 64875
96600 65375 60525 59225 64875
96700 65375 60500 59250 64875
96800 65375 60500 59250 64875
96900 65375 60500 59250 64875
97000 65375 60500 59225 64900
97100 65400 60500 59225 64875
97200 65400 60500 59250 64850
97300 65400 60500 59250 64850
97400 65400 60500 59250 64850
97500 65400 60500 59250 64850
97600 65400 60500 59250 64850
97700 65400 60500 59250 64850
97800 65400 60500 59250 64850
97900 65400 60500 59250 64850
98000 65400 60500 59250 64850
98100 65400 60500 59250 64850
98200 65400 60500 59250 64850
98300 65400 60500 59250 64850
98400 65400 60500 59250 64850
98500 65400 60500 59250 64850
98600 65400 60500 59250 64850
98700 65400 60500 59250 64850
98800 65375 60525 59250 64850
98900 65375 60525 59250 64850
99000 65350 60550 59250 64850
99100 65325 60575 59250 64850
99200 65325 60575 59250 64850
99300 65325 60600 59225 64850
99400 65325 60600 59225 64850
99500 65325 60600 59225 64850
99600 65325 60600 59225 64850
99700 65300 60600 59250 64850
99800 65300 60600 59250 64850
99900 65275 60600 59250 64875
100000 65275 60600 59250 64875
