0 64175 63325 61650 60850
100 64150 63350 61650 60850
200 64125 63325 61675 60875
300 64100 63375 61675 60850
400 64100 63375 61625 60900
500 64075 63400 61625 60900
600 64125 63375 61625 60875
700 64100 63425 61625 60850
800 64125 63400 61650 60825
900 64075 63425 61650 60850
1000 64075 63400 61700 60825
1100 64025 63425 61700 60850
1200 64050 63375 61725 60850
1300 64000 63400 61750 60850
1400 63975 63400 61725 60900
1500 64000 63400 61700 60900
1600 64025 63400 61700 60875
1700 64025 63375 61725 60875
1800 64025 63400 61700 60875
1900 64075 63375 61675 60875
2000 63975 63475 61650 60900
2100 63950 63500 61650 60900
2200 63950 63525 61625 60900
2300 64025 63475 61625 60875
2400 64025 63450 61650 60875
2500 64000 63475 61650 60875
2600 63975 63500 61650 60875
2700 63925 63500 61675 60900
2800 63900 63525 61625 60950
2900 63925 63500 61625 60950
3000 63950 63475 61625 60950
3100 63975 63450 61625 60950
3200 63975 63425 61700 60900
3300 63975 63450 61675 60900
3400 63975 63425 61725 60875
3500 63925 63450 61725 60900
3600 64000 63425 61750 60825
3700 63975 63450 61700 60875
3800 63950 63475 61675 60900
3900 63975 63425 61700 60900
4000 64000 63400 61700 60900
4100 64000 63350 61725 60925
4200 64000 63375 61750 60875
4300 63950 63400 61750 60900
4400 63950 63400 61775 60875
4500 63900 63425 61825 60850
4600 63900 63450 61775 60875
4700 63925 63475 61700 60900
4800 63900 63550 61650 60900
4900 63900 63525 61675 60900
5000 63975 63500 61700 60825
5100 63925 63500 61700 60875
5200 63925 63525 61675 60875
5300 63900 63525 61650 60925
5400 63900 63525 61650 60925
5500 63900 63525 61650 60925
5600 63900 63550 61625 60925
5700 63875 63550 61625 60950
5800 63875 63550 61600 60975
5900 63900 63550 61625 60925
6000 63875 63525 61650 60950
6100 63875 63550 61600 60975
6200 63875 63550 61600 60975
6300 63900 63550 61600 60950
6400 63875 63575 61600 60950
6500 63900 63575 61600 60925
6600 63875 63525 61625 60975
6700 63850 63550 61650 60950
6800 63875 63550 61650 60925
6900 63875 63525 61700 60900
7000 63900 63500 61700 60900
7100 63900 63475 61750 60875
7200 63900 63475 61750 60875
7300 63900 63450 61775 60875
7400 63900 63450 61775 60875
7500 63875 63475 61725 60925
7600 63875 63450 61775 60900
7700 63850 63425 61825 60900
7800 63850 63425 61800 60925
7900 63850 63475 61775 60900
8000 63825 63500 61775 60900
8100 63825 63500 61775 60900
8200 63800 63500 61775 60925
8300 63800 63500 61775 60925
8400 63825 63500 61775 60900
8500 63825 63500 61775 60900
8600 63800 63525 61750 60925
8700 63825 63525 61750 60900
8800 63800 63500 61775 60925
8900 63800 63500 61775 60925
9000 63800 63500 61775 60925
9100 63800 63500 61775 60925
9200 63800 63475 61775 60950
9300 63800 63475 61800 60925
9400 63775 63500 61825 60900
9500 63825 63500 61825 60850
9600 63875 63425 61825 60875
9700 63875 63450 61775 60900
9800 63875 63450 61750 60925
9900 63875 63475 61725 60925
10000 63875 63500 61700 60925
10100 63875 63475 61725 60925
10200 63875 63500 61700 60925
10300 63925 63500 61700 60875
10400 63925 63500 61700 60875
10500 63925 63500 61700 60875
10600 63875 63575 61675 60875
10700 63875 63575 61650 60900
10800 63875 63550 61625 60950
10900 63900 63550 61600 60950
11000 63900 63550 61600 60950
11100 63925 63525 61600 60950
11200 63925 63525 61600 60950
11300 63925 63525 61600 60950
11400 63925 63525 61575 60975
11500 63925 63550 61525 61000
11600 63925 63550 61525 61000
11700 63925 63550 61525 61000
11800 63925 63550 61525 61000
11900 63925 63550 61575 60950
12000 63925 63550 61575 60950
12100 63925 63525 61600 60950
12200 63925 63525 61600 60950
12300 63900 63525 61550 61025
12400 63900 63525 61550 61025
12500 63900 63525 61550 61025
12600 63875 63575 61525 61025
12700 63875 63550 61550 61025
12800 63875 63550 61575 61000
12900 63875 63550 61575 61000
13000 63875 63550 61575 61000
13100 63875 63550 61575 61000
13200 63875 63550 61575 61000
13300 63875 63575 61550 61000
13400 63900 63575 61550 60975
13500 63900 63575 61550 60975
13600 63875 63575 61550 61000
13700 63875 63575 61575 60975
13800 63875 63575 61575 60975
13900 63875 63550 61550 61025
14000 63875 63550 61550 61025
14100 63875 63550 61550 61025
14200 63875 63575 61525 61025
14300 63875 63575 61525 61025
14400 63875 63575 61525 61025
14500 63875 63575 61525 61025
14600 63875 63575 61525 61025
14700 63900 63575 61525 61000
14800 63900 63575 61525 61000
14900 63900 63575 61525 61000
15000 63925 63550 61525 61000
15100 63925 63550 61525 61000
15200 63950 63550 61550 60950
15300 63950 63525 61575 60950
15400 63925 63550 61575 60950
15500 63950 63550 61575 60925
15600 63925 63575 61600 60900
15700 63925 63550 61625 60900
15800 63875 63550 61625 60950
15900 63875 63550 61625 60950
16000 63875 63550 61625 60950
16100 63875 63550 61625 60950
16200 63900 63550 61600 60950
16300 63900 63550 61600 60950
16400 63900 63550 61600 60950
16500 63900 63575 61575 60950
16600 63900 63550 61600 60950
16700 63875 63575 61600 60950
16800 63875 63600 61575 60950
16900 63875 63600 61575 60950
17000 63875 63600 61575 60950
17100 63875 63600 61575 60950
17200 63875 63600 61575 60950
17300 63875 63600 61575 60950
17400 63875 63600 61575 60950
17500 63900 63575 61575 60950
17600 63900 63575 61575 60950
17700 63900 63575 61575 60950
17800 63875 63575 61625 60925
17900 63875 63550 61650 60925
18000 63875 63550 61650 60925
18100 63875 63550 61650 60925
18200 63875 63550 61625 60950
18300 63900 63550 61625 60925
18400 63900 63550 61625 60925
18500 63900 63550 61625 60925
18600 63900 63550 61625 60925
18700 63900 63550 61625 60925
18800 63900 63550 61625 60925
18900 63900 63550 61625 60925
19000 63900 63550 61625 60925
19100 63900 63550 61625 60925
19200 63925 63575 61600 60900
19300 63925 63575 61600 60900
19400 63900 63575 61600 60925
19500 63900 63575 61600 60925
19600 63900 63575 61600 60925
19700 63900 63575 61600 60925
19800 63900 63550 61625 60925
19900 63900 63550 61625 60925
20000 63900 63575 61600 60925
20100 63875 63550 61625 60950
20200 63875 63550 61625 60950
20300 63875 63550 61625 60950
20400 63900 63525 61625 60950
20500 63900 63525 61625 60950
20600 63900 63525 61650 60925
20700 63900 63525 61650 60925
20800 63925 63525 61650 60900
20900 63925 63550 61625 60900
21000 63925 63525 61650 60900
21100 63925 63525 61625 60925
21200 63925 63550 61600 60925
21300 63925 63550 61600 60925
21400 63925 63550 61600 60925
21500 63925 63550 61600 60925
21600 63925 63550 61600 60925
21700 63925 63550 61600 60925
21800 63925 63550 61600 60925
21900 63925 63550 61600 60925
22000 63925 63550 61600 60925
22100 63925 63550 61600 60925
22200 63925 63550 61600 60925
22300 63925 63550 61600 60925
22400 63950 63550 61600 60900
22500 63950 63550 61600 60900
22600 63950 63550 61600 60900
22700 63950 63550 61600 60900
22800 63950 63550 61600 60900
22900 63950 63550 61600 60900
23000 63950 63550 61600 60900
23100 63950 63550 61600 60900
23200 63925 63550 61600 60925
23300 63925 63550 61600 60925
23400 63950 63550 61600 60900
23500 63950 63550 61575 60925
23600 63950 63550 61575 60925
23700 63950 63550 61575 60925
23800 63950 63550 61575 60925
23900 63950 63525 61600 60925
24000 63950 63525 61600 60925
24100 63950 63525 61625 60900
24200 63950 63525 61625 60900
24300 63975 63525 61625 60875
24400 63975 63525 61625 60875
24500 63975 63525 61625 60875
24600 63975 63525 61625 60875
24700 63975 63525 61625 60875
24800 63975 63525 61625 60875
24900 63975 63525 61625 60875
25000 63975 63525 61625 60875
25100 63975 63525 61650 60850
25200 63975 63525 61650 60850
25300 63975 63550 61575 60900
25400 63975 63550 61575 60900
25500 63975 63550 61575 60900
25600 63975 63550 61575 60900
25700 63975 63550 61575 60900
25800 63975 63550 61600 60875
25900 63975 63550 61600 60875
26000 63975 63550 61600 60875
26100 63975 63550 61600 60875
26200 63975 63550 61600 60875
26300 63950 63550 61600 60900
26400 63950 63550 61600 60900
26500 63950 63550 61600 60900
26600 63950 63550 61600 60900
26700 63950 63550 61600 60900
26800 63950 63550 61600 60900
26900 63950 63550 61600 60900
27000 63950 63550 61600 60900
27100 63950 63550 61600 60900
27200 63950 63575 61575 60900
27300 63950 63575 61575 60900
27400 63950 63575 61575 60900
27500 63950 63575 61575 60900
27600 63950 63575 61575 60900
27700 63950 63575 61575 60900
27800 63950 63575 61575 60900
27900 63950 63575 61575 60900
28000 63950 63575 61575 60900
28100 63950 63575 61575 60900
28200 63950 63575 61575 60900
28300 63950 63575 61575 60900
28400 63950 63575 61575 60900
28500 63950 63575 61575 60900
28600 63950 63575 61575 60900
28700 63925 63600 61575 60900
28800 63925 63600 61575 60900
28900 63925 63600 61575 60900
29000 63950 63575 61575 60900
29100 63950 63550 61600 60900
29200 63950 63550 61600 60900
29300 63950 63550 61600 60900
29400 63950 63550 61575 60925
29500 63950 63550 61575 60925
29600 63950 63575 61550 60925
29700 63975 63575 61550 60900
29800 63975 63575 61550 60900
29900 63975 63575 61550 60900
30000 63975 63575 61550 60900
30100 63975 63575 61550 60900
30200 63975 63575 61550 60900
30300 63975 63575 61575 60875
30400 63975 63550 61600 60875
30500 63975 63550 61600 60875
30600 63975 63550 61600 60875
30700 63975 63550 61600 60875
30800 63975 63550 61600 60875
30900 64000 63550 61600 60850
31000 64000 63550 61600 60850
31100 64000 63550 61600 60850
31200 64000 63550 61600 60850
31300 64000 63550 61600 60850
31400 64000 63550 61575 60875
31500 64000 63550 61575 60875
31600 64000 63550 61575 60875
31700 64000 63550 61575 60875
31800 64000 63550 61575 60875
31900 64000 63550 61575 60875
32000 64000 63550 61575 60875
32100 64000 63550 61575 60875
32200 64000 63550 61575 60875
32300 64000 63550 61575 60875
32400 64000 63525 61600 60875
32500 64000 63525 61600 60875
32600 64000 63525 61600 60875
32700 64000 63525 61600 60875
32800 64000 63525 61600 60875
32900 64000 63525 61600 60875
33000 63975 63525 61600 60900
33100 63975 63525 61600 60900
33200 63975 63550 61575 60900
33300 63975 63550 61575 60900
33400 63975 63550 61575 60900
33500 63975 63575 61550 60900
33600 63975 63575 61550 60900
33700 63975 63575 61550 60900
33800 63975 63575 61550 60900
33900 63975 63575 61550 60900
34000 63975 63575 61550 60900
34100 63975 63575 61550 60900
34200 64000 63575 61550 60875
34300 64000 63575 61550 60875
34400 64000 63575 61550 60875
34500 64000 63575 61550 60875
34600 64000 63575 61550 60875
34700 64000 63575 61550 60875
34800 64000 63575 61550 60875
34900 64000 63575 61550 60875
35000 64000 63575 61550 60875
35100 64000 63575 61550 60875
35200 64000 63575 61550 60875
35300 64000 63575 61550 60875
35400 64000 63575 61550 60875
35500 64000 63575 61525 60900
35600 64000 63575 61525 60900
35700 64000 63575 61525 60900
35800 64000 63575 61525 60900
35900 64000 63575 61525 60900
36000 64000 63575 61525 60900
36100 64000 63575 61525 60900
36200 64000 63575 61525 60900
36300 64000 63575 61525 60900
36400 64000 63575 61525 60900
36500 64000 63575 61525 60900
36600 64000 63575 61525 60900
36700 64000 63575 61525 60900
36800 64000 63575 61550 60875
36900 64000 63575 61550 60875
37000 64000 63575 61550 60875
37100 64000 63575 61550 60875
37200 64000 63575 61550 60875
37300 64000 63575 61550 60875
37400 64000 63575 61550 60875
37500 64000 63575 61550 60875
37600 64000 63575 61550 60875
37700 64025 63575 61550 60850
37800 64025 63575 61550 60850
37900 64025 63575 61550 60850
38000 64025 63575 61550 60850
38100 64025 63575 61550 60850
38200 64025 63575 61550 60850
38300 64025 63575 61550 60850
38400 64025 63575 61550 60850
38500 64025 63575 61550 60850
38600 64050 63575 61550 60825
38700 64050 63575 61550 60825
38800 64050 63575 61550 60825
38900 64050 63575 61550 60825
39000 64050 63575 61550 60825
39100 64050 63575 61550 60825
39200 64050 63575 61550 60825
39300 64050 63575 61550 60825
39400 64050 63575 61550 60825
39500 64050 63575 61550 60825
39600 64050 63575 61550 60825
39700 64050 63575 61550 60825
39800 64050 63575 61550 60825
39900 64050 63575 61550 60825
40000 64050 63575 61550 60825
40100 64050 63575 61550 60825
40200 64050 63575 61550 60825
40300 64050 63575 61550 60825
40400 64050 63575 61550 60825
40500 64050 63575 61550 60825
40600 64050 63575 61550 60825
40700 64050 63575 61550 60825
40800 64050 63575 61550 60825
40900 64050 63575 61550 60825
41000 64050 63575 61550 60825
41100 64050 63575 61550 60825
41200 64050 63575 61550 60825
41300 64050 63575 61550 60825
41400 64050 63575 61550 60825
41500 64050 63575 61550 60825
41600 64050 63575 61550 60825
41700 64050 63575 61550 60825
41800 64050 63575 61550 60825
41900 64050 63575 61550 60825
42000 64050 63575 61550 60825
42100 64050 63575 61550 60825
42200 64050 63575 61550 60825
42300 64050 63575 61550 60825
42400 64050 63575 61550 60825
42500 64050 63575 61550 60825
42600 64050 63575 61550 60825
42700 64050 63575 61550 60825
42800 64050 63575 61550 60825
42900 64050 63575 61550 60825
43000 64050 63575 61550 60825
43100 64050 63575 61550 60825
43200 64050 63575 61550 60825
43300 64050 63575 61550 60825
43400 64050 63575 61550 60825
43500 64050 63575 61550 60825
43600 64050 63575 61550 60825
43700 64050 63575 61550 60825
43800 64050 63575 61550 60825
43900 64050 63575 61550 60825
44000 64050 63575 61550 60825
44100 64050 63575 61550 60825
44200 64050 63575 61550 60825
44300 64050 63575 61550 60825
44400 64050 63575 61550 60825
44500 64050 63575 61550 60825
44600 64050 63575 61550 60825
44700 64050 63575 61550 60825
44800 64050 63575 61550 60825
44900 64050 63575 61550 60825
45000 64050 63575 61550 60825
45100 64050 63575 61550 60825
45200 64050 63575 61550 60825
45300 64075 63575 61550 60800
45400 64075 63575 61550 60800
45500 64075 63575 61550 60800
45600 64075 63575 61550 60800
45700 64075 63575 61550 60800
45800 64075 63575 61550 60800
45900 64075 63575 61550 60800
46000 64075 63575 61550 60800
46100 64075 63575 61550 60800
46200 64075 63575 61550 60800
46300 64075 63575 61550 60800
46400 64075 63575 61550 60800
46500 64075 63575 61550 60800
46600 64075 63575 61550 60800
46700 64075 63575 61550 60800
46800 64075 63600 61525 60800
46900 64075 63600 61525 60800
47000 64075 63600 61525 60800
47100 64075 63600 61525 60800
47200 64075 63600 61525 60800
47300 64075 63600 61525 60800
47400 64075 63625 61500 60800
47500 64075 63625 61500 60800
47600 64075 63625 61500 60800
47700 64075 63625 61500 60800
47800 64075 63625 61500 60800
47900 64075 63625 61500 60800
48000 64075 63625 61500 60800
48100 64075 63625 61500 60800
48200 64075 63625 61500 60800
48300 64075 63625 61500 60800
48400 64075 63625 61500 60800
48500 64075 63625 61500 60800
48600 64075 63625 61500 60800
48700 64075 63625 61500 60800
48800 64075 63625 61500 60800
48900 64075 63625 61500 60800
49000 64075 63625 61500 60800
49100 64075 63625 61500 60800
49200 64075 63625 61500 60800
49300 64075 63625 61500 60800
49400 64075 63625 61500 60800
49500 64075 63625 61500 60800
49600 64075 63625 61500 60800
49700 64075 63625 61475 60825
49800 64075 63625 61475 60825
49900 64075 63625 61475 60825
50000 64075 63625 61475 60825
50100 64075 63625 61475 60825
50200 64075 63625 61475 60825
50300 64075 63625 61475 60825
50400 64075 63625 61475 60825
50500 64075 63625 61475 60825
50600 64075 63625 61475 60825
50700 64075 63625 61475 60825
50800 64075 63625 61475 60825
50900 64075 63625 61475 60825
51000 64075 63625 61475 60825
51100 64075 63625 61475 60825
51200 64075 63625 61475 60825
51300 64075 63625 61475 60825
51400 64075 63625 61475 60825
51500 64075 63625 61475 60825
51600 64075 63625 61475 60825
51700 64075 63625 61475 60825
51800 64075 63625 61475 60825
51900 64100 63625 61475 60800
52000 64100 63625 61475 60800
52100 64100 63625 61475 60800
52200 64100 63625 61475 60800
52300 64100 63625 61475 60800
52400 64100 63625 61475 60800
52500 64100 63625 61475 60800
52600 64100 63625 61475 60800
52700 64100 63625 61475 60800
52800 64100 63625 61475 60800
52900 64100 63625 61475 60800
53000 64100 63625 61475 60800
53100 64100 63625 61475 60800
53200 64100 63625 61475 60800
53300 64100 63625 61475 60800
53400 64100 63625 61475 60800
53500 64100 63625 61475 60800
53600 64100 63625 61475 60800
53700 64100 63625 61475 60800
53800 64100 63625 61475 60800
53900 64100 63625 61475 60800
54000 64100 63625 61475 60800
54100 64100 63625 61475 60800
54200 64100 63625 61475 60800
54300 64100 63625 61475 60800
54400 64100 63625 61475 60800
54500 64100 63625 61475 60800
54600 64100 63625 61475 60800
54700 64100 63625 61475 60800
54800 64100 63625 61475 60800
54900 64100 63625 61475 60800
55000 64100 63625 61475 60800
55100 64100 63625 61475 60800
55200 64100 63625 61475 60800
55300 64100 63625 61475 60800
55400 64100 63625 61475 60800
55500 64100 63625 61475 60800
55600 64100 63625 61475 60800
55700 64100 63625 61475 60800
55800 64100 63625 61475 60800
55900 64100 63625 61475 60800
56000 64100 63625 61475 60800
56100 64100 63625 61475 60800
56200 64100 63625 61475 60800
56300 64100 63625 61475 60800
56400 64100 63625 61475 60800
56500 64100 63625 61475 60800
56600 64100 63625 61475 60800
56700 64100 63625 61475 60800
56800 64100 63625 61475 60800
56900 64100 63625 61475 60800
57000 64100 63625 61475 60800
57100 64100 63625 61475 60800
57200 64100 63625 61475 60800
57300 64100 63625 61475 60800
57400 64100 63625 61475 60800
57500 64100 63625 61475 60800
57600 64100 63625 61475 60800
57700 64100 63625 61475 60800
57800 64100 63625 61475 60800
57900 64100 63625 61475 60800
58000 64100 63625 61475 60800
58100 64100 63625 61475 60800
58200 64100 63625 61475 60800
58300 64100 63625 61475 60800
58400 64100 63625 61475 60800
58500 64100 63625 61475 60800
58600 64100 63625 61475 60800
58700 64100 63625 61475 60800
58800 64100 63625 61475 60800
58900 64100 63625 61475 60800
59000 64125 63625 61475 60775
59100 64125 63625 61475 60775
59200 64125 63625 61475 60775
59300 64125 63625 61475 60775
59400 64125 63625 61475 60775
59500 64125 63625 61475 60775
59600 64125 63625 61475 60775
59700 64125 63625 61475 60775
59800 64125 63625 61475 60775
59900 64125 63625 61475 60775
60000 64125 63625 61475 60775
60100 64125 63625 61475 60775
60200 64125 63625 61475 60775
60300 64125 63625 61475 60775
60400 64125 63625 61475 60775
60500 64125 63625 61475 60775
60600 64125 63625 61475 60775
60700 64125 63625 61475 60775
60800 64125 63625 61475 60775
60900 64125 63625 61475 60775
61000 64125 63625 61475 60775
61100 64125 63625 61475 60775
61200 64125 63625 61475 60775
61300 64125 63625 61475 60775
61400 64125 63650 61450 60775
61500 64125 63650 61450 60775
61600 64150 63625 61450 60775
61700 64150 63625 61450 60775
61800 64150 63625 61450 60775
61900 64150 63625 61450 60775
62000 64150 63625 61450 60775
62100 64150 63625 61450 60775
62200 64150 63625 61450 60775
62300 64150 63625 61450 60775
62400 64150 63625 61450 60775
62500 64150 63625 61450 60775
62600 64150 63625 61450 60775
62700 64150 63625 61450 60775
62800 64150 63625 61450 60775
62900 64150 63625 61450 60775
63000 64150 63625 61450 60775
63100 64150 63625 61450 60775
63200 64150 63625 61450 60775
63300 64150 63625 61450 60775
63400 64150 63625 61450 60775
63500 64150 63625 61450 60775
63600 64150 63625 61450 60775
63700 64150 63625 61450 60775
63800 64150 63625 61450 60775
63900 64150 63625 61450 60775
64000 64150 63625 61450 60775
64100 64150 63625 61450 60775
64200 64150 63625 61450 60775
64300 64150 63625 61450 60775
64400 64150 63625 61450 60775
64500 64150 63625 61450 60775
64600 64150 63625 61450 60775
64700 64150 63625 61450 60775
64800 64150 63625 61450 60775
64900 64150 63625 61450 60775
65000 64150 63625 61450 60775
65100 64150 63625 61450 60775
65200 64150 63625 61450 60775
65300 64150 63625 61450 60775
65400 64150 63625 61450 60775
65500 64150 63625 61450 60775
65600 64150 63625 61450 60775
65700 64150 63625 61450 60775
65800 64150 63625 61450 60775
65900 64150 63625 61450 60775
66000 64150 63625 61450 60775
66100 64150 63625 61450 60775
66200 64150 63625 61450 60775
66300 64175 63625 61450 60750
66400 64175 63625 61450 60750
66500 64175 63625 61450 60750
66600 64175 63625 61450 60750
66700 64175 63625 61450 60750
66800 64175 63625 61450 60750
66900 64175 63625 61450 60750
67000 64175 63625 61450 60750
67100 64175 63625 61450 60750
67200 64175 63625 61450 60750
67300 64175 63625 61450 60750
67400 64175 63625 61450 60750
67500 64175 63625 61450 60750
67600 64175 63625 61450 60750
67700 64175 63625 61450 60750
67800 64175 63625 61450 60750
67900 64175 63625 61450 60750
68000 64175 63625 61450 60750
68100 64175 63625 61450 60750
68200 64175 63625 61450 60750
68300 64175 63625 61450 60750
68400 64175 63625 61450 60750
68500 64175 63625 61450 60750
68600 64175 63625 61450 60750
68700 64175 63625 61450 60750
68800 64175 63625 61450 60750
68900 64175 63625 61450 60750
69000 64175 63625 61450 60750
69100 64175 63625 61450 60750
69200 64175 63625 61450 60750
69300 64175 63625 61450 60750
69400 64175 63625 61450 60750
69500 64175 63625 61450 60750
69600 64175 63625 61450 60750
69700 64175 63625 61450 60750
69800 64175 63625 61450 60750
69900 64175 63625 61450 60750
70000 64175 63625 61450 60750
70100 64175 63625 61450 60750
70200 64175 63625 61450 60750
70300 64175 63625 61450 60750
70400 64175 63625 61450 60750
70500 64175 63625 61450 60750
70600 64175 63625 61450 60750
70700 64175 63625 61450 60750
70800 64175 63625 61450 60750
70900 64175 63625 61450 60750
71000 64175 63625 61450 60750
71100 64175 63625 61450 60750
71200 64175 63625 61450 60750
71300 64175 63625 61450 60750
71400 64175 63625 61450 60750
71500 64175 63625 61450 60750
71600 64175 63625 61450 60750
71700 64175 63625 61450 60750
71800 64175 63625 61450 60750
71900 64175 63625 61450 60750
72000 64175 63625 61450 60750
72100 64175 63625 61450 60750
72200 64175 63625 61450 60750
72300 64175 63625 61450 60750
72400 64175 63625 61450 60750
72500 64175 63625 61450 60750
72600 64175 63625 61450 60750
72700 64175 63625 61450 60750
72800 64175 63625 61450 60750
72900 64175 63625 61450 60750
73000 64175 63625 61450 60750
73100 64175 63625 61450 60750
73200 64175 63625 61450 60750
73300 64175 63625 61450 60750
73400 64175 63625 61450 60750
73500 64175 63625 61450 60750
73600 64175 63625 61450 60750
73700 64175 63625 61450 60750
73800 64175 63625 61450 60750
73900 64175 63625 61450 60750
74000 64175 63625 61450 60750
74100 64175 63625 61450 60750
74200 64175 63625 61450 60750
74300 64175 63625 61450 60750
74400 64175 63625 61450 60750
74500 64175 63625 61450 60750
74600 64175 63625 61450 60750
74700 64175 63625 61450 60750
74800 64175 63625 61450 60750
74900 64175 63625 61450 60750
75000 64175 63625 61450 60750
75100 64175 63625 61450 60750
75200 64175 63625 61450 60750
75300 64175 63625 61450 60750
75400 64175 63625 61450 60750
75500 64175 63625 61450 60750
75600 64175 63625 61450 60750
75700 64175 63625 61450 60750
75800 64175 63625 61450 60750
75900 64175 63625 61450 60750
76000 64175 63625 61450 60750
76100 64175 63650 61425 60750
76200 64175 63650 61400 60775
76300 64175 63650 61400 60775
76400 64175 63650 61400 60775
76500 64175 63650 61400 60775
76600 64175 63650 61400 60775
76700 64175 63650 61400 60775
76800 64175 63650 61400 60775
76900 64175 63650 61400 60775
77000 64175 63650 61400 60775
77100 64175 63650 61400 60775
77200 64175 63650 61400 60775
77300 64175 63650 61400 60775
77400 64150 63675 61400 60775
77500 64150 63675 61400 60775
77600 64150 63675 61400 60775
77700 64150 63675 61400 60775
77800 64150 63675 61400 60775
77900 64150 63675 61400 60775
78000 64150 63675 61400 60775
78100 64150 63675 61400 60775
78200 64150 63675 61400 60775
78300 64150 63675 61400 60775
78400 64150 63700 61375 60775
78500 64150 63700 61375 60775
78600 64150 63700 61375 60775
78700 64150 63700 61375 60775
78800 64150 63700 61375 60775
78900 64150 63700 61375 60775
79000 64175 63675 61375 60775
79100 64175 63675 61375 60775
79200 64175 63675 61375 60775
79300 64175 63675 61375 60775
79400 64175 63675 61375 60775
79500 64175 63675 61375 60775
79600 64175 63675 61350 60800
79700 64175 63675 61350 60800
79800 64175 63675 61350 60800
79900 64175 63675 61350 60800
80000 64175 63675 61350 60800
80100 64175 63675 61350 60800
80200 64175 63675 61350 60800
80300 64175 63675 61350 60800
80400 64175 63675 61350 60800
80500 64175 63675 61350 60800
80600 64175 63675 61350 60800
80700 64175 63675 61350 60800
80800 64175 63675 61350 60800
80900 64175 63675 61350 60800
81000 64175 63675 61350 60800
81100 64175 63700 61325 60800
81200 64175 63700 61325 60800
81300 64175 63700 61325 60800
81400 64175 63700 61325 60800
81500 64175 63700 61325 60800
81600 64175 63700 61325 60800
81700 64175 63700 61325 60800
81800 64175 63700 61325 60800
81900 64175 63700 61325 60800
82000 64175 63700 61325 60800
82100 64175 63700 61325 60800
82200 64200 63700 61325 60775
82300 64200 63700 61325 60775
82400 64200 63700 61325 60775
82500 64200 63700 61325 60775
82600 64200 63700 61325 60775
82700 64200 63700 61325 60775
82800 64200 63700 61325 60775
82900 64200 63700 61325 60775
83000 64200 63700 61325 60775
83100 64200 63700 61325 60775
83200 64200 63700 61325 60775
83300 64200 63700 61325 60775
83400 64200 63700 61325 60775
83500 64200 63700 61325 60775
83600 64200 63700 61325 60775
83700 64200 63700 61325 60775
83800 64200 63700 61325 60775
83900 64200 63700 61325 60775
84000 64200 63700 61325 60775
84100 64200 63700 61325 60775
84200 64200 63700 61325 60775
84300 64200 63700 61325 60775
84400 64200 63700 61325 60775
84500 64200 63700 61325 60775
84600 64200 63700 61325 60775
84700 64200 63700 61325 60775
84800 64200 63700 61325 60775
84900 64200 63700 61325 60775
85000 64200 63700 61325 60775
85100 64200 63700 61325 60775
85200 64200 63700 61325 60775
85300 64200 63700 61325 60775
85400 64200 63700 61325 60775
85500 64225 63700 61325 60750
85600 64225 63700 61325 60750
85700 64225 63700 61325 60750
85800 64225 63700 61325 60750
85900 64225 63700 61325 60750
86000 64225 63700 61325 60750
86100 64225 63700 61325 60750
86200 64225 63700 61325 60750
86300 64225 63700 61325 60750
86400 64225 63700 61325 60750
86500 64225 63700 61325 60750
86600 64225 63700 61325 60750
86700 64225 63700 61325 60750
86800 64225 63700 61325 60750
86900 64225 63700 61325 60750
87000 64225 63700 61325 60750
87100 64225 63700 61325 60750
87200 64225 63700 61325 60750
87300 64225 63700 61325 60750
87400 64225 63700 61325 60750
87500 64225 63700 61325 60750
87600 64225 63700 61325 60750
87700 64225 63700 61325 60750
87800 64225 63700 61325 60750
87900 64225 63700 61325 60750
88000 64225 63700 61325 60750
88100 64225 63700 61325 60750
88200 64225 63700 61325 60750
88300 64225 63700 61325 60750
88400 64225 63700 61325 60750
88500 64225 63700 61325 60750
88600 64225 63700 61325 60750
88700 64225 63700 61325 60750
88800 64225 63700 61325 60750
88900 64225 63700 61325 60750
89000 64225 63700 61325 60750
89100 64225 63700 61325 60750
89200 64225 63700 61325 60750
89300 64225 63700 61325 60750
89400 64225 63700 61325 60750
89500 64225 63700 61325 60750
89600 64225 63700 61325 60750
89700 64225 63700 61325 60750
89800 64225 63700 61325 60750
89900 64225 63700 61325 60750
90000 64225 63700 61325 60750
90100 64225 63700 61325 60750
90200 64225 63700 61325 60750
90300 64225 63700 61325 60750
90400 64225 63700 61325 60750
90500 64225 63700 61325 60750
90600 64225 63700 61325 60750
90700 64225 63700 61325 60750
90800 64225 63700 61325 60750
90900 64225 63700 61325 60750
91000 64225 63700 61325 60750
91100 64225 63700 61325 60750
91200 64225 63700 61325 60750
91300 64225 63700 61325 60750
91400 64225 63700 61325 60750
91500 64225 63700 61325 60750
91600 64225 63700 61325 60750
91700 64225 63700 61325 60750
91800 64225 63700 61325 60750
91900 64225 63700 61325 60750
92000 64225 63700 61325 60750
92100 64225 63700 61325 60750
92200 64225 63700 61325 60750
92300 64225 63700 61325 60750
92400 64225 63700 61325 60750
92500 64225 63700 61325 60750
92600 64225 63700 61325 60750
92700 64225 63700 61325 60750
92800 64225 63700 61325 60750
92900 64225 63700 61325 60750
93000 64225 63700 61325 60750
93100 64225 63700 61325 60750
93200 64225 63700 61325 60750
93300 64225 63700 61325 60750
93400 64225 63700 61325 60750
93500 64225 63700 61325 60750
93600 64225 63700 61325 60750
93700 64225 63700 61325 60750
93800 64225 63700 61325 60750
93900 64225 63700 61325 60750
94000 64225 63700 61325 60750
94100 64225 63700 61325 60750
94200 64225 63700 61325 60750
94300 64225 63700 61325 60750
94400 64225 63700 61325 60750
94500 64225 63700 61325 60750
94600 64225 63700 61325 60750
94700 64225 63700 61325 60750
94800 64225 63700 61325 60750
94900 64225 63700 61325 60750
95000 64225 63700 61325 60750
95100 64225 63700 61325 60750
95200 64225 63700 61325 60750
95300 64225 63700 61325 60750
95400 64225 63700 61325 60750
95500 64225 63700 61325 60750
95600 64225 63700 61325 60750
95700 64225 63700 61325 60750
95800 64225 63700 61325 60750
95900 64225 63700 61325 60750
96000 64225 63700 61325 60750
96100 64225 63700 61325 60750
96200 64225 63700 61325 60750
96300 64225 63700 61325 60750
96400 64225 63700 61325 60750
96500 64225 63700 61325 60750
96600 64225 63700 61325 60750
96700 64225 63700 61325 60750
96800 64225 63700 61325 60750
96900 64225 63700 61325 60750
97000 64225 63700 61325 60750
97100 64225 63700 61325 60750
97200 64225 63700 61325 60750
97300 64225 63700 61325 60750
97400 64225 63700 61325 60750
97500 64225 63700 61325 60750
97600 64225 63700 61325 60750
97700 64225 63700 61325 60750
97800 64225 63700 61325 60750
97900 64225 63700 61325 60750
98000 64225 63700 61325 60750
98100 64225 63700 61325 60750
98200 64225 63700 61325 60750
98300 64225 63700 61325 60750
98400 64225 63700 61325 60750
98500 64225 63700 61325 60750
98600 64225 63700 61325 60750
98700 64225 63700 61325 60750
98800 64225 63700 61325 60750
98900 64225 63700 61325 60750
99000 64225 63700 61325 60750
99100 64225 63700 61325 60750
99200 64225 63700 61325 60750
99300 64225 63700 61325 60750
99400 64225 63700 61325 60750
99500 64225 63700 61325 60750
99600 64225 63700 61325 60750
99700 64225 63700 61325 60750
99800 64225 63700 61325 60750
99900 64225 63700 61325 60750
100000 64225 63700 61325 60750
