0 64175 63325 61650 60850
100 64200 63300 61650 60850
200 64225 63275 61700 60800
300 64225 63300 61700 60775
400 64275 63250 61700 60775
500 64275 63275 61700 60750
600 64250 63275 61700 60775
700 64275 63275 61650 60800
800 64275 63275 61675 60775
900 64250 63300 61675 60775
1000 64250 63325 61650 60775
1100 64200 63350 61650 60800
1200 64200 63375 61600 60825
1300 64175 63375 61625 60825
1400 64200 63350 61650 60800
1500 64225 63325 61675 60775
1600 64225 63325 61675 60775
1700 64225 63350 61625 60800
1800 64225 63375 61575 60825
1900 64225 63375 61550 60850
2000 64225 63400 61550 60825
2100 64250 63400 61550 60800
2200 64275 63350 61575 60800
2300 64275 63300 61675 60750
2400 64250 63300 61675 60775
2500 64250 63325 61625 60800
2600 64250 63325 61625 60800
2700 64250 63350 61600 60800
2800 64250 63325 61625 60800
2900 64250 63325 61625 60800
3000 64275 63325 61625 60775
3100 64250 63350 61600 60800
3200 64225 63375 61625 60775
3300 64250 63350 61625 60775
3400 64250 63375 61600 60775
3500 64250 63375 61600 60775
3600 64250 63375 61625 60750
3700 64250 63325 61650 60775
3800 64250 63325 61650 60775
3900 64250 63350 61600 60800
4000 64225 63350 61600 60825
4100 64200 63375 61600 60825
4200 64250 63375 61575 60800
4300 64225 63425 61525 60825
4400 64225 63425 61550 60800
4500 64225 63450 61525 60800
4600 64225 63425 61550 60800
4700 64250 63375 61575 60800
4800 64250 63375 61550 60825
4900 64225 63400 61550 60825
5000 64250 63400 61550 60800
5100 64250 63400 61525 60825
5200 64250 63375 61550 60825
5300 64250 63400 61500 60850
5400 64275 63400 61500 60825
5500 64300 63400 61500 60800
5600 64300 63375 61550 60775
5700 64275 63400 61550 60775
5800 64300 63350 61575 60775
5900 64300 63300 61650 60750
6000 64300 63300 61700 60700
6100 64325 63250 61725 60700
6200 64325 63250 61725 60700
6300 64325 63275 61675 60725
6400 64300 63275 61675 60750
6500 64300 63325 61625 60750
6600 64300 63350 61600 60750
6700 64275 63375 61600 60750
6800 64275 63400 61550 60775
6900 64275 63400 61550 60775
7000 64250 63425 61575 60750
7100 64275 63450 61550 60725
7200 64275 63425 61600 60700
7300 64250 63450 61600 60700
7400 64250 63450 61600 60700
7500 64225 63425 61650 60700
7600 64175 63475 61625 60725
7700 64200 63500 61600 60700
7800 64200 63450 61625 60725
7900 64225 63450 61625 60700
8000 64225 63450 61625 60700
8100 64275 63425 61600 60700
8200 64275 63425 61575 60725
8300 64250 63450 61525 60775
8400 64250 63450 61525 60775
8500 64275 63425 61525 60775
8600 64250 63450 61475 60825
8700 64250 63475 61475 60800
8800 64225 63500 61475 60800
8900 64200 63500 61475 60825
9000 64200 63475 61500 60825
9100 64175 63525 61475 60825
9200 64200 63500 61475 60825
9300 64200 63500 61500 60800
9400 64200 63500 61500 60800
9500 64175 63500 61550 60775
9600 64200 63475 61550 60775
9700 64225 63425 61550 60800
9800 64225 63400 61575 60800
9900 64225 63400 61575 60800
10000 64225 63400 61575 60800
10100 64250 63400 61575 60775
10200 64200 63400 61575 60825
10300 64250 63400 61550 60800
10400 64250 63400 61550 60800
10500 64250 63400 61550 60800
10600 64275 63425 61500 60800
10700 64275 63425 61500 60800
10800 64300 63400 61475 60825
10900 64300 63400 61475 60825
11000 64300 63400 61475 60825
11100 64300 63400 61450 60850
11200 64300 63450 61425 60825
11300 64300 63475 61425 60800
11400 64275 63475 61400 60850
11500 64275 63475 61400 60850
11600 64275 63450 61425 60850
11700 64325 63450 61425 60800
11800 64325 63475 61375 60825
11900 64325 63475 61400 60800
12000 64325 63475 61425 60775
12100 64300 63500 61425 60775
12200 64325 63475 61425 60775
12300 64325 63450 61425 60800
12400 64325 63425 61450 60800
12500 64325 63425 61425 60825
12600 64325 63425 61425 60825
12700 64325 63400 61450 60825
12800 64325 63375 61475 60825
12900 64325 63375 61475 60825
13000 64300 63400 61475 60825
13100 64300 63400 61475 60825
13200 64300 63400 61475 60825
13300 64300 63400 61475 60825
13400 64300 63375 61525 60800
13500 64300 63375 61500 60825
13600 64300 63375 61525 60800
13700 64300 63375 61525 60800
13800 64325 63375 61500 60800
13900 64325 63350 61500 60825
14000 64300 63375 61500 60825
14100 64275 63400 61500 60825
14200 64275 63400 61500 60825
14300 64300 63375 61500 60825
14400 64300 63375 61525 60800
14500 64300 63400 61525 60775
14600 64275 63425 61525 60775
14700 64250 63425 61550 60775
14800 64250 63425 61550 60775
14900 64250 63425 61550 60775
15000 64250 63450 61525 60775
15100 64250 63450 61525 60775
15200 64250 63475 61500 60775
15300 64275 63450 61500 60775
15400 64275 63425 61525 60775
15500 64275 63425 61525 60775
15600 64300 63400 61525 60775
15700 64325 63375 61550 60750
15800 64300 63400 61550 60750
15900 64275 63425 61550 60750
16000 64275 63425 61550 60750
16100 64275 63425 61600 60700
16200 64275 63425 61600 60700
16300 64300 63400 61600 60700
16400 64300 63400 61600 60700
16500 64300 63425 61575 60700
16600 64275 63450 61575 60700
16700 64275 63475 61550 60700
16800 64250 63475 61550 60725
16900 64225 63500 61550 60725
17000 64200 63525 61550 60725
17100 64200 63525 61550 60725
17200 64200 63525 61550 60725
17300 64225 63500 61550 60725
17400 64225 63500 61550 60725
17500 64225 63525 61525 60725
17600 64225 63525 61500 60750
17700 64225 63525 61500 60750
17800 64225 63525 61525 60725
17900 64250 63525 61525 60700
18000 64275 63500 61525 60700
18100 64250 63475 61550 60725
18200 64275 63475 61550 60700
18300 64250 63525 61525 60700
18400 64275 63525 61525 60675
18500 64275 63525 61550 60650
18600 64275 63525 61550 60650
18700 64275 63525 61550 60650
18800 64275 63500 61550 60675
18900 64275 63500 61550 60675
19000 64300 63500 61550 60650
19100 64300 63500 61550 60650
19200 64300 63500 61550 60650
19300 64300 63500 61550 60650
19400 64300 63525 61525 60650
19500 64250 63525 61525 60700
19600 64250 63525 61525 60700
19700 64250 63525 61500 60725
19800 64275 63500 61500 60725
19900 64275 63475 61525 60725
20000 64275 63475 61525 60725
20100 64275 63475 61525 60725
20200 64275 63500 61500 60725
20300 64300 63475 61475 60750
20400 64300 63500 61450 60750
20500 64275 63525 61450 60750
20600 64275 63525 61450 60750
20700 64300 63525 61450 60725
20800 64300 63525 61450 60725
20900 64275 63550 61450 60725
21000 64275 63550 61475 60700
21100 64300 63525 61475 60700
21200 64300 63525 61475 60700
21300 64300 63525 61475 60700
21400 64300 63500 61500 60700
21500 64300 63500 61500 60700
21600 64300 63500 61500 60700
21700 64300 63500 61500 60700
21800 64275 63500 61500 60725
21900 64300 63475 61500 60725
22000 64325 63475 61500 60700
22100 64325 63475 61500 60700
22200 64325 63475 61500 60700
22300 64325 63500 61475 60700
22400 64325 63500 61450 60725
22500 64325 63500 61450 60725
22600 64325 63500 61450 60725
22700 64275 63525 61450 60750
22800 64300 63525 61450 60725
22900 64300 63525 61450 60725
23000 64300 63525 61450 60725
23100 64300 63525 61450 60725
23200 64300 63525 61450 60725
23300 64300 63525 61450 60725
23400 64300 63525 61450 60725
23500 64300 63525 61450 60725
23600 64300 63525 61450 60725
23700 64300 63525 61450 60725
23800 64275 63525 61450 60750
23900 64275 63525 61450 60750
24000 64275 63525 61450 60750
24100 64275 63525 61450 60750
24200 64275 63550 61425 60750
24300 64275 63550 61425 60750
24400 64250 63575 61425 60750
24500 64250 63575 61425 60750
24600 64250 63575 61425 60750
24700 64250 63600 61400 60750
24800 64275 63575 61400 60750
24900 64275 63575 61400 60750
25000 64275 63575 61425 60725
25100 64275 63550 61450 60725
25200 64275 63575 61425 60725
25300 64275 63575 61425 60725
25400 64275 63575 61425 60725
25500 64300 63550 61400 60750
25600 64300 63550 61400 60750
25700 64300 63550 61400 60750
25800 64300 63550 61400 60750
25900 64300 63550 61375 60775
26000 64275 63575 61375 60775
26100 64275 63575 61350 60800
26200 64275 63575 61350 60800
26300 64275 63575 61350 60800
26400 64275 63575 61350 60800
26500 64275 63575 61350 60800
26600 64275 63575 61350 60800
26700 64350 63550 61350 60750
26800 64350 63525 61375 60750
26900 64350 63525 61375 60750
27000 64350 63525 61375 60750
27100 64350 63525 61375 60750
27200 64350 63525 61375 60750
27300 64350 63525 61375 60750
27400 64350 63525 61400 60725
27500 64350 63525 61400 60725
27600 64350 63525 61400 60725
27700 64350 63525 61400 60725
27800 64325 63550 61400 60725
27900 64325 63550 61400 60725
28000 64325 63525 61425 60725
28100 64325 63525 61425 60725
28200 64350 63500 61425 60725
28300 64350 63500 61425 60725
28400 64350 63500 61425 60725
28500 64350 63475 61450 60725
28600 64350 63475 61450 60725
28700 64350 63475 61450 60725
28800 64350 63475 61450 60725
28900 64325 63475 61450 60750
29000 64325 63475 61450 60750
29100 64325 63475 61450 60750
29200 64325 63475 61475 60725
29300 64325 63475 61475 60725
29400 64325 63475 61475 60725
29500 64325 63475 61475 60725
29600 64325 63475 61475 60725
29700 64325 63475 61475 60725
29800 64300 63475 61475 60750
29900 64300 63475 61475 60750
30000 64325 63475 61475 60725
30100 64325 63475 61475 60725
30200 64325 63500 61450 60725
30300 64325 63500 61450 60725
30400 64325 63500 61450 60725
30500 64325 63500 61425 60750
30600 64325 63500 61425 60750
30700 64300 63525 61425 60750
30800 64300 63525 61425 60750
30900 64300 63525 61425 60750
31000 64300 63525 61425 60750
31100 64300 63525 61425 60750
31200 64300 63525 61425 60750
31300 64300 63525 61425 60750
31400 64300 63525 61425 60750
31500 64300 63525 61425 60750
31600 64300 63525 61425 60750
31700 64300 63525 61425 60750
31800 64300 63525 61425 60750
31900 64325 63525 61450 60700
32000 64325 63525 61450 60700
32100 64325 63525 61450 60700
32200 64325 63525 61450 60700
32300 64325 63525 61450 60700
32400 64325 63525 61450 60700
32500 64325 63525 61450 60700
32600 64325 63525 61450 60700
32700 64325 63525 61450 60700
32800 64325 63525 61450 60700
32900 64325 63525 61450 60700
33000 64325 63525 61450 60700
33100 64325 63525 61450 60700
33200 64325 63525 61450 60700
33300 64325 63525 61450 60700
33400 64325 63525 61450 60700
33500 64325 63525 61450 60700
33600 64325 63525 61450 60700
33700 64325 63525 61450 60700
33800 64325 63525 61450 60700
33900 64325 63525 61450 60700
34000 64325 63525 61450 60700
34100 64350 63525 61450 60675
34200 64350 63525 61450 60675
34300 64350 63525 61450 60675
34400 64350 63525 61450 60675
34500 64350 63525 61450 60675
34600 64350 63550 61450 60650
34700 64350 63550 61450 60650
34800 64350 63550 61450 60650
34900 64325 63550 61450 60675
35000 64325 63550 61450 60675
35100 64325 63550 61450 60675
35200 64325 63550 61450 60675
35300 64325 63550 61450 60675
35400 64300 63575 61450 60675
35500 64300 63575 61450 60675
35600 64300 63575 61450 60675
35700 64300 63600 61425 60675
35800 64300 63600 61425 60675
35900 64300 63600 61400 60700
36000 64300 63600 61400 60700
36100 64300 63600 61400 60700
36200 64300 63600 61400 60700
36300 64300 63600 61400 60700
36400 64300 63600 61400 60700
36500 64300 63600 61400 60700
36600 64300 63600 61400 60700
36700 64300 63600 61400 60700
36800 64300 63600 61400 60700
36900 64300 63600 61400 60700
37000 64300 63600 61400 60700
37100 64300 63600 61400 60700
37200 64300 63600 61400 60700
37300 64300 63600 61400 60700
37400 64300 63600 61400 60700
37500 64300 63600 61400 60700
37600 64300 63600 61400 60700
37700 64300 63600 61400 60700
37800 64300 63600 61400 60700
37900 64300 63600 61400 60700
38000 64300 63600 61400 60700
38100 64300 63600 61400 60700
38200 64300 63600 61400 60700
38300 64300 63600 61400 60700
38400 64300 63600 61400 60700
38500 64325 63575 61400 60700
38600 64325 63575 61400 60700
38700 64325 63575 61400 60700
38800 64325 63575 61400 60700
38900 64325 63575 61400 60700
39000 64325 63575 61400 60700
39100 64325 63575 61400 60700
39200 64325 63575 61400 60700
39300 64325 63575 61400 60700
39400 64325 63575 61400 60700
39500 64325 63575 61400 60700
39600 64325 63575 61400 60700
39700 64325 63600 61375 60700
39800 64325 63575 61400 60700
39900 64325 63575 61400 60700
40000 64325 63575 61400 60700
40100 64325 63575 61400 60700
40200 64325 63575 61400 60700
40300 64325 63575 61400 60700
40400 64325 63575 61400 60700
40500 64325 63575 61400 60700
40600 64325 63575 61400 60700
40700 64325 63575 61400 60700
40800 64325 63575 61400 60700
40900 64325 63575 61400 60700
41000 64325 63575 61400 60700
41100 64325 63575 61400 60700
41200 64325 63575 61400 60700
41300 64300 63600 61400 60700
41400 64300 63600 61400 60700
41500 64300 63600 61400 60700
41600 64300 63600 61400 60700
41700 64300 63600 61400 60700
41800 64300 63600 61400 60700
41900 64300 63600 61400 60700
42000 64300 63600 61400 60700
42100 64300 63600 61400 60700
42200 64300 63600 61400 60700
42300 64300 63600 61400 60700
42400 64300 63600 61400 60700
42500 64300 63600 61400 60700
42600 64300 63600 61400 60700
42700 64300 63600 61400 60700
42800 64300 63600 61400 60700
42900 64300 63600 61425 60675
43000 64300 63600 61425 60675
43100 64300 63600 61425 60675
43200 64300 63600 61425 60675
43300 64300 63600 61425 60675
43400 64300 63600 61425 60675
43500 64300 63600 61425 60675
43600 64300 63600 61425 60675
43700 64300 63600 61425 60675
43800 64300 63600 61425 60675
43900 64300 63600 61425 60675
44000 64300 63600 61425 60675
44100 64300 63600 61425 60675
44200 64300 63600 61425 60675
44300 64300 63600 61425 60675
44400 64300 63600 61425 60675
44500 64300 63600 61425 60675
44600 64325 63600 61425 60650
44700 64325 63600 61425 60650
44800 64325 63600 61425 60650
44900 64325 63600 61425 60650
45000 64325 63600 61425 60650
45100 64325 63600 61425 60650
45200 64325 63600 61425 60650
45300 64325 63600 61425 60650
45400 64325 63600 61425 60650
45500 64325 63600 61425 60650
45600 64325 63600 61425 60650
45700 64325 63600 61425 60650
45800 64325 63600 61425 60650
45900 64325 63600 61400 60675
46000 64325 63600 61400 60675
46100 64325 63600 61400 60675
46200 64325 63600 61400 60675
46300 64325 63625 61375 60675
46400 64325 63625 61375 60675
46500 64325 63625 61375 60675
46600 64325 63625 61375 60675
46700 64325 63625 61375 60675
46800 64325 63625 61375 60675
46900 64325 63650 61350 60675
47000 64325 63650 61350 60675
47100 64325 63650 61350 60675
47200 64325 63650 61350 60675
47300 64325 63650 61350 60675
47400 64325 63650 61350 60675
47500 64325 63650 61350 60675
47600 64325 63650 61350 60675
47700 64325 63650 61350 60675
47800 64325 63650 61350 60675
47900 64325 63650 61350 60675
48000 64325 63650 61350 60675
48100 64325 63650 61350 60675
48200 64325 63650 61350 60675
48300 64325 63650 61350 60675
48400 64325 63650 61350 60675
48500 64325 63650 61350 60675
48600 64325 63650 61350 60675
48700 64325 63650 61350 60675
48800 64325 63650 61350 60675
48900 64325 63650 61350 60675
49000 64325 63650 61350 60675
49100 64325 63650 61350 60675
49200 64325 63650 61350 60675
49300 64325 63650 61350 60675
49400 64325 63650 61350 60675
49500 64325 63650 61350 60675
49600 64325 63650 61350 60675
49700 64325 63650 61350 60675
49800 64325 63650 61350 60675
49900 64325 63650 61350 60675
50000 64325 63650 61350 60675
50100 64325 63650 61350 60675
50200 64325 63650 61350 60675
50300 64325 63650 61325 60700
50400 64325 63650 61325 60700
50500 64325 63650 61325 60700
50600 64325 63650 61325 60700
50700 64325 63650 61325 60700
50800 64325 63650 61325 60700
50900 64325 63650 61325 60700
51000 64325 63650 61325 60700
51100 64325 63650 61325 60700
51200 64325 63650 61325 60700
51300 64325 63650 61325 60700
51400 64325 63650 61325 60700
51500 64325 63650 61325 60700
51600 64325 63650 61325 60700
51700 64325 63650 61325 60700
51800 64325 63650 61325 60700
51900 64325 63650 61325 60700
52000 64325 63650 61325 60700
52100 64325 63650 61325 60700
52200 64325 63650 61325 60700
52300 64325 63650 61325 60700
52400 64325 63650 61325 60700
52500 64325 63650 61325 60700
52600 64325 63650 61325 60700
52700 64325 63650 61325 60700
52800 64325 63650 61325 60700
52900 64325 63650 61325 60700
53000 64325 63650 61325 60700
53100 64325 63650 61325 60700
53200 64325 63650 61325 60700
53300 64325 63650 61325 60700
53400 64325 63650 61325 60700
53500 64325 63650 61325 60700
53600 64325 63650 61325 60700
53700 64325 63650 61325 60700
53800 64325 63650 61325 60700
53900 64325 63650 61325 60700
54000 64325 63650 61325 60700
54100 64325 63650 61325 60700
54200 64325 63650 61325 60700
54300 64325 63650 61325 60700
54400 64325 63650 61325 60700
54500 64325 63650 61325 60700
54600 64325 63650 61325 60700
54700 64325 63650 61325 60700
54800 64325 63650 61325 60700
54900 64325 63650 61325 60700
55000 64325 63650 61325 60700
55100 64350 63650 61325 60675
55200 64350 63650 61325 60675
55300 64350 63650 61300 60700
55400 64350 63650 61300 60700
55500 64325 63675 61300 60700
55600 64325 63675 61300 60700
55700 64325 63675 61300 60700
55800 64325 63675 61300 60700
55900 64325 63675 61300 60700
56000 64325 63675 61300 60700
56100 64350 63675 61300 60675
56200 64350 63675 61300 60675
56300 64350 63675 61300 60675
56400 64350 63675 61300 60675
56500 64350 63675 61300 60675
56600 64350 63675 61300 60675
56700 64350 63675 61300 60675
56800 64350 63675 61300 60675
56900 64350 63675 61300 60675
57000 64350 63675 61300 60675
57100 64350 63675 61300 60675
57200 64350 63675 61300 60675
57300 64350 63675 61300 60675
57400 64350 63675 61300 60675
57500 64350 63675 61300 60675
57600 64350 63675 61300 60675
57700 64350 63675 61300 60675
57800 64350 63675 61300 60675
57900 64350 63675 61300 60675
58000 64350 63675 61300 60675
58100 64350 63675 61300 60675
58200 64350 63675 61300 60675
58300 64350 63675 61300 60675
58400 64350 63675 61300 60675
58500 64350 63675 61300 60675
58600 64350 63675 61300 60675
58700 64350 63675 61300 60675
58800 64350 63675 61300 60675
58900 64350 63675 61300 60675
59000 64350 63675 61300 60675
59100 64350 63675 61300 60675
59200 64350 63675 61300 60675
59300 64350 63675 61300 60675
59400 64350 63675 61300 60675
59500 64350 63675 61300 60675
59600 64350 63675 61300 60675
59700 64350 63675 61300 60675
59800 64350 63675 61300 60675
59900 64350 63675 61300 60675
60000 64350 63675 61300 60675
60100 64350 63675 61300 60675
60200 64350 63675 61300 60675
60300 64350 63675 61300 60675
60400 64325 63700 61300 60675
60500 64325 63700 61300 60675
60600 64325 63700 61300 60675
60700 64325 63700 61300 60675
60800 64325 63700 61300 60675
60900 64325 63700 61300 60675
61000 64325 63700 61300 60675
61100 64325 63700 61300 60675
61200 64325 63700 61300 60675
61300 64325 63700 61300 60675
61400 64325 63700 61300 60675
61500 64325 63700 61300 60675
61600 64325 63700 61300 60675
61700 64325 63700 61300 60675
61800 64325 63700 61300 60675
61900 64325 63700 61300 60675
62000 64325 63700 61300 60675
62100 64325 63700 61300 60675
62200 64325 63700 61300 60675
62300 64325 63700 61300 60675
62400 64325 63700 61300 60675
62500 64325 63700 61300 60675
62600 64325 63700 61300 60675
62700 64325 63700 61300 60675
62800 64325 63700 61300 60675
62900 64325 63700 61300 60675
63000 64325 63700 61300 60675
63100 64325 63700 61300 60675
63200 64325 63700 61300 60675
63300 64325 63700 61300 60675
63400 64325 63700 61300 60675
63500 64325 63700 61300 60675
63600 64325 63700 61300 60675
63700 64325 63700 61300 60675
63800 64325 63700 61300 60675
63900 64325 63700 61300 60675
64000 64325 63700 61300 60675
64100 64325 63700 61300 60675
64200 64325 63700 61300 60675
64300 64325 63700 61300 60675
64400 64325 63700 61300 60675
64500 64325 63700 61300 60675
64600 64325 63700 61300 60675
64700 64325 63700 61300 60675
64800 64325 63700 61300 60675
64900 64325 63700 61300 60675
65000 64325 63700 61300 60675
65100 64325 63700 61300 60675
65200 64325 63700 61300 60675
65300 64325 63700 61300 60675
65400 64325 63700 61300 60675
65500 64325 63700 61300 60675
65600 64325 63700 61300 60675
65700 64325 63700 61300 60675
65800 64325 63700 61300 60675
65900 64325 63700 61300 60675
66000 64325 63700 61300 60675
66100 64325 63700 61300 60675
66200 64325 63700 61300 60675
66300 64325 63700 61300 60675
66400 64325 63700 61300 60675
66500 64325 63700 61300 60675
66600 64325 63700 61300 60675
66700 64325 63700 61300 60675
66800 64325 63700 61300 60675
66900 64325 63700 61300 60675
67000 64325 63700 61300 60675
67100 64325 63700 61300 60675
67200 64325 63700 61300 60675
67300 64325 63700 61300 60675
67400 64325 63700 61300 60675
67500 64325 63700 61300 60675
67600 64325 63700 61300 60675
67700 64325 63700 61300 60675
67800 64325 63700 61300 60675
67900 64325 63700 61300 60675
68000 64325 63700 61300 60675
68100 64325 63700 61300 60675
68200 64325 63700 61300 60675
68300 64325 63700 61300 60675
68400 64325 63700 61300 60675
68500 64325 63700 61300 60675
68600 64325 63700 61300 60675
68700 64325 63700 61300 60675
68800 64325 63700 61300 60675
68900 64325 63700 61300 60675
69000 64325 63700 61300 60675
69100 64325 63700 61300 60675
69200 64325 63700 61300 60675
69300 64325 63700 61300 60675
69400 64325 63700 61300 60675
69500 64325 63700 61300 60675
69600 64325 63700 61300 60675
69700 64325 63700 61300 60675
69800 64325 63700 61300 60675
69900 64325 63700 61300 60675
70000 64325 63700 61300 60675
70100 64325 63700 61300 60675
70200 64325 63700 61300 60675
70300 64325 63700 61300 60675
70400 64325 63700 61300 60675
70500 64325 63700 61300 60675
70600 64325 63700 61300 60675
70700 64325 63700 61300 60675
70800 64325 63700 61300 60675
70900 64325 63700 61300 60675
71000 64325 63700 61300 60675
71100 64325 63700 61300 60675
71200 64325 63700 61300 60675
71300 64325 63700 61300 60675
71400 64325 63700 61300 60675
71500 64325 63700 61300 60675
71600 64325 63700 61300 60675
71700 64325 63700 61300 60675
71800 64325 63700 61300 60675
71900 64325 63700 61300 60675
72000 64325 63700 61300 60675
72100 64325 63700 61300 60675
72200 64325 63700 61300 60675
72300 64325 63700 61300 60675
72400 64325 63700 61300 60675
72500 64325 63700 61300 60675
72600 64325 63700 61300 60675
72700 64325 63700 61300 60675
72800 64325 63700 61300 60675
72900 64325 63700 61300 60675
73000 64325 63700 61300 60675
73100 64325 63700 61300 60675
73200 64325 63700 61300 60675
73300 64325 63700 61300 60675
73400 64325 63700 61300 60675
73500 64325 63700 61300 60675
73600 64325 63700 61300 60675
73700 64325 63700 61300 60675
73800 64325 63700 61300 60675
73900 64325 63700 61300 60675
74000 64325 63700 61300 60675
74100 64325 63700 61300 60675
74200 64325 63700 61300 60675
74300 64325 63700 61300 60675
74400 64325 63700 61300 60675
74500 64325 63700 61300 60675
74600 64325 63700 61300 60675
74700 64325 63700 61300 60675
74800 64325 63700 61300 60675
74900 64325 63700 61300 60675
75000 64325 63700 61300 60675
75100 64325 63700 61300 60675
75200 64325 63700 61300 60675
75300 64325 63700 61300 60675
75400 64325 63700 61300 60675
75500 64325 63700 61300 60675
75600 64325 63700 61300 60675
75700 64325 63700 61300 60675
75800 64325 63700 61300 60675
75900 64325 63700 61300 60675
76000 64325 63700 61300 60675
76100 64325 63700 61300 60675
76200 64325 63700 61300 60675
76300 64325 63700 61300 60675
76400 64325 63700 61325 60650
76500 64325 63700 61325 60650
76600 64325 63700 61325 60650
76700 64325 63700 61325 60650
76800 64325 63700 61325 60650
76900 64325 63700 61325 60650
77000 64325 63700 61325 60650
77100 64325 63700 61325 60650
77200 64325 63700 61325 60650
77300 64325 63700 61325 60650
77400 64325 63700 61325 60650
77500 64325 63700 61325 60650
77600 64325 63700 61325 60650
77700 64325 63700 61325 60650
77800 64325 63700 61325 60650
77900 64325 63700 61325 60650
78000 64325 63700 61325 60650
78100 64325 63700 61325 60650
78200 64325 63700 61325 60650
78300 64325 63700 61325 60650
78400 64325 63700 61325 60650
78500 64325 63700 61325 60650
78600 64325 63700 61325 60650
78700 64325 63700 61325 60650
78800 64325 63700 61325 60650
78900 64325 63700 61325 60650
79000 64325 63700 61325 60650
79100 64325 63700 61325 60650
79200 64325 63700 61325 60650
79300 64350 63700 61325 60625
79400 64350 63700 61325 60625
79500 64350 63700 61325 60625
79600 64350 63700 61325 60625
79700 64350 63700 61325 60625
79800 64350 63700 61325 60625
79900 64350 63700 61325 60625
80000 64350 63700 61325 60625
80100 64350 63700 61325 60625
80200 64350 63700 61325 60625
80300 64350 63700 61325 60625
80400 64350 63700 61325 60625
80500 64350 63700 61325 60625
80600 64350 63700 61325 60625
80700 64350 63700 61325 60625
80800 64350 63700 61325 60625
80900 64350 63700 61325 60625
81000 64350 63700 61325 60625
81100 64350 63700 61325 60625
81200 64350 63700 61325 60625
81300 64350 63700 61325 60625
81400 64350 63700 61325 60625
81500 64350 63700 61325 60625
81600 64350 63700 61325 60625
81700 64350 63700 61325 60625
81800 64350 63700 61325 60625
81900 64350 63700 61325 60625
82000 64350 63700 61325 60625
82100 64350 63700 61325 60625
82200 64350 63700 61325 60625
82300 64350 63700 61325 60625
82400 64350 63700 61325 60625
82500 64350 63700 61325 60625
82600 64350 63700 61325 60625
82700 64350 63700 61325 60625
82800 64350 63700 61325 60625
82900 64350 63700 61325 60625
83000 64350 63700 61325 60625
83100 64350 63700 61325 60625
83200 64350 63700 61325 60625
83300 64350 63700 61325 60625
83400 64350 63700 61325 60625
83500 64350 63700 61325 60625
83600 64350 63700 61325 60625
83700 64350 63700 61325 60625
83800 64350 63700 61325 60625
83900 64350 63700 61325 60625
84000 64350 63700 61325 60625
84100 64350 63700 61325 60625
84200 64350 63700 61325 60625
84300 64350 63700 61325 60625
84400 64350 63700 61325 60625
84500 64350 63700 61325 60625
84600 64350 63700 61325 60625
84700 64350 63700 61325 60625
84800 64350 63700 61325 60625
84900 64350 63700 61325 60625
85000 64350 63700 61325 60625
85100 64350 63725 61300 60625
85200 64350 63725 61300 60625
85300 64350 63725 61300 60625
85400 64350 63725 61300 60625
85500 64350 63725 61300 60625
85600 64350 63725 61300 60625
85700 64350 63725 61300 60625
85800 64350 63725 61300 60625
85900 64350 63725 61300 60625
86000 64350 63725 61300 60625
86100 64350 63725 61300 60625
86200 64350 63725 61300 60625
86300 64350 63725 61300 60625
86400 64350 63725 61300 60625
86500 64350 63725 61300 60625
86600 64350 63725 61300 60625
86700 64350 63725 61300 60625
86800 64350 63725 61300 60625
86900 64350 63725 61300 60625
87000 64350 63725 61300 60625
87100 64350 63725 61300 60625
87200 64350 63725 61300 60625
87300 64350 63725 61300 60625
87400 64350 63725 61300 60625
87500 64350 63725 61300 60625
87600 64350 63725 61300 60625
87700 64350 63725 61300 60625
87800 64350 63725 61300 60625
87900 64350 63725 61300 60625
88000 64350 63725 61300 60625
88100 64350 63725 61300 60625
88200 64350 63725 61300 60625
88300 64350 63725 61300 60625
88400 64350 63725 61300 60625
88500 64350 63725 61300 60625
88600 64350 63725 61300 60625
88700 64350 63725 61300 60625
88800 64350 63725 61300 60625
88900 64350 63725 61300 60625
89000 64350 63725 61300 60625
89100 64350 63725 61300 60625
89200 64350 63725 61300 60625
89300 64350 63725 61300 60625
89400 64350 63725 61300 60625
89500 64350 63725 61300 60625
89600 64350 63725 61300 60625
89700 64350 63725 61300 60625
89800 64350 63725 61300 60625
89900 64350 63725 61300 60625
90000 64350 63725 61300 60625
90100 64350 63725 61300 60625
90200 64350 63725 61300 60625
90300 64350 63725 61300 60625
90400 64350 63725 61300 60625
90500 64350 63725 61300 60625
90600 64350 63725 61300 60625
90700 64350 63725 61300 60625
90800 64350 63725 61300 60625
90900 64350 63725 61300 60625
91000 64350 63725 61300 60625
91100 64350 63725 61300 60625
91200 64350 63725 61300 60625
91300 64350 63725 61300 60625
91400 64350 63725 61300 60625
91500 64350 63725 61300 60625
91600 64350 63725 61300 60625
91700 64350 63725 61300 60625
91800 64350 63725 61300 60625
91900 64350 63725 61300 60625
92000 64350 63725 61300 60625
92100 64350 63725 61300 60625
92200 64350 63725 61300 60625
92300 64350 63725 61300 60625
92400 64350 63725 61300 60625
92500 64350 63725 61300 60625
92600 64350 63725 61300 60625
92700 64350 63725 61300 60625
92800 64350 63725 61300 60625
92900 64350 63725 61300 60625
93000 64350 63725 61300 60625
93100 64350 63725 61300 60625
93200 64350 63725 61300 60625
93300 64350 63725 61300 60625
93400 64350 63725 61300 60625
93500 64350 63750 61275 60625
93600 64350 63750 61275 60625
93700 64350 63750 61275 60625
93800 64350 63750 61275 60625
93900 64350 63750 61275 60625
94000 64350 63750 61275 60625
94100 64350 63750 61275 60625
94200 64350 63750 61275 60625
94300 64350 63750 61275 60625
94400 64350 63750 61275 60625
94500 64350 63750 61275 60625
94600 64350 63750 61275 60625
94700 64350 63750 61275 60625
94800 64350 63750 61275 60625
94900 64350 63750 61275 60625
95000 64350 63750 61275 60625
95100 64350 63750 61275 60625
95200 64350 63750 61275 60625
95300 64350 63750 61275 60625
95400 64350 63750 61275 60625
95500 64350 63750 61275 60625
95600 64350 63750 61275 60625
95700 64350 63750 61275 60625
95800 64350 63750 61275 60625
95900 64350 63750 61275 60625
96000 64350 63750 61275 60625
96100 64350 63750 61275 60625
96200 64350 63750 61275 60625
96300 64350 63750 61275 60625
96400 64350 63750 61275 60625
96500 64350 63750 61275 60625
96600 64350 63750 61275 60625
96700 64350 63750 61275 60625
96800 64350 63750 61275 60625
96900 64350 63750 61275 60625
97000 64350 63750 61275 60625
97100 64350 63750 61275 60625
97200 64350 63750 61275 60625
97300 64350 63750 61275 60625
97400 64350 63750 61275 60625
97500 64350 63750 61275 60625
97600 64350 63750 61275 60625
97700 64350 63750 61275 60625
97800 64350 63750 61275 60625
97900 64350 63750 61275 60625
98000 64350 63750 61275 60625
98100 64350 63750 61275 60625
98200 64350 63750 61275 60625
98300 64350 63750 61275 60625
98400 64350 63750 61275 60625
98500 64350 63750 61275 60625
98600 64350 63750 61275 60625
98700 64350 63750 61275 60625
98800 64350 63750 61275 60625
98900 64350 63750 61275 60625
99000 64350 63750 61275 60625
99100 64350 63750 61275 60625
99200 64350 63750 61275 60625
99300 64350 63750 61275 60625
99400 64350 63750 61275 60625
99500 64350 63750 61275 60625
99600 64350 63750 61275 60625
99700 64350 63750 61275 60625
99800 64350 63750 61275 60625
99900 64350 63750 61275 60625
100000 64350 63750 61275 60625
