0 68600 59575 55850 65975
100 68600 59550 55875 65975
200 68650 59550 55900 65900
300 68625 59600 55900 65875
400 68625 59550 55925 65900
500 68650 59575 55875 65900
600 68625 59550 55925 65900
700 68625 59575 55925 65875
800 68625 59600 55900 65875
900 68625 59550 55900 65925
1000 68650 59550 55925 65875
1100 68600 59550 55950 65900
1200 68575 59550 55925 65950
1300 68575 59600 55900 65925
1400 68575 59600 55875 65950
1500 68600 59525 55825 66050
1600 68600 59525 55825 66050
1700 68600 59500 55850 66050
1800 68625 59475 55850 66050
1900 68650 59400 55850 66100
2000 68600 59375 55875 66150
2100 68650 59400 55825 66125
2200 68675 59350 55800 66175
2300 68600 59350 55850 66200
2400 68625 59375 55825 66175
2500 68675 59325 55800 66200
2600 68700 59300 55800 66200
2700 68675 59300 55825 66200
2800 68675 59250 55800 66275
2900 68675 59225 55825 66275
3000 68675 59225 55850 66250
3100 68650 59175 55875 66300
3200 68650 59200 55850 66300
3300 68675 59200 55825 66300
3400 68650 59175 55800 66375
3500 68650 59125 55800 66425
3600 68675 59125 55775 66425
3700 68725 59050 55750 66475
3800 68700 59025 55775 66500
3900 68700 58950 55825 66525
4000 68650 58950 55825 66575
4100 68650 58900 55800 66650
4200 68650 58775 55825 66750
4300 68675 58650 55825 66850
4400 68650 58475 55825 67050
4500 68625 58425 55850 67100
4600 68625 58425 55825 67125
4700 68650 58375 55825 67150
4800 68625 58325 55850 67200
4900 68625 58225 55825 67325
5000 68675 58100 55800 67425
5100 68675 58100 55775 67450
5200 68675 58075 55800 67450
5300 68625 58050 55900 67425
5400 68625 58050 55925 67400
5500 68650 58050 55875 67425
5600 68700 58050 55800 67450
5700 68700 58050 55800 67450
5800 68700 58050 55825 67425
5900 68650 58100 55800 67450
6000 68725 58100 55750 67425
6100 68725 58075 55775 67425
6200 68675 58075 55750 67500
6300 68675 58075 55775 67475
6400 68650 58100 55775 67475
6500 68675 58100 55775 67450
6600 68650 58075 55825 67450
6700 68625 58100 55825 67450
6800 68600 58100 55825 67475
6900 68550 58175 55775 67500
7000 68575 58175 55750 67500
7100 68575 58200 55725 67500
7200 68550 58175 55750 67525
7300 68575 58175 55750 67500
7400 68575 58200 55725 67500
7500 68550 58225 55725 67500
7600 68550 58225 55725 67500
7700 68575 58200 55750 67475
7800 68550 58200 55750 67500
7900 68550 58200 55725 67525
8000 68600 58150 55725 67525
8100 68600 58150 55725 67525
8200 68625 58150 55725 67500
8300 68625 58125 55750 67500
8400 68650 58075 55750 67525
8500 68625 58100 55750 67525
8600 68575 58150 55750 67525
8700 68575 58100 55775 67550
8800 68575 58100 55750 67575
8900 68625 58125 55725 67525
9000 68625 58150 55700 67525
9100 68625 58125 55725 67525
9200 68625 58125 55700 67550
9300 68650 58100 55725 67525
9400 68675 58100 55700 67525
9500 68625 58125 55750 67500
9600 68600 58100 55800 67500
9700 68600 58100 55775 67525
9800 68575 58125 55750 67550
9900 68575 58125 55750 67550
10000 68575 58125 55750 67550
10100 68575 58150 55725 67550
10200 68550 58175 55800 67475
10300 68525 58175 55825 67475
10400 68500 58175 55850 67475
10500 68500 58250 55800 67450
10600 68500 58225 55825 67450
10700 68525 58225 55800 67450
10800 68525 58200 55800 67475
10900 68550 58225 55775 67450
11000 68550 58225 55775 67450
11100 68550 58250 55725 67475
11200 68550 58250 55750 67450
11300 68500 58225 55725 67550
11400 68500 58225 55725 67550
11500 68500 58200 55750 67550
11600 68500 58200 55775 67525
11700 68500 58200 55775 67525
11800 68525 58200 55775 67500
11900 68525 58200 55775 67500
12000 68525 58200 55775 67500
12100 68550 58175 55775 67500
12200 68550 58150 55775 67525
12300 68550 58150 55750 67550
12400 68550 58125 55775 67550
12500 68550 58125 55825 67500
12600 68575 58150 55750 67525
12700 68600 58150 55775 67475
12800 68600 58150 55750 67500
12900 68625 58150 55750 67475
13000 68650 58175 55725 67450
13100 68650 58175 55725 67450
13200 68650 58175 55725 67450
13300 68650 58175 55675 67500
13400 68650 58150 55750 67450
13500 68650 58175 55725 67450
13600 68650 58175 55725 67450
13700 68625 58200 55775 67400
13800 68625 58200 55775 67400
13900 68600 58200 55750 67450
14000 68600 58200 55750 67450
14100 68575 58175 55725 67525
14200 68550 58150 55750 67550
14300 68525 58125 55775 67575
14400 68575 58050 55775 67600
14500 68575 58050 55775 67600
14600 68575 58050 55750 67625
14700 68550 58075 55775 67600
14800 68525 58075 55750 67650
14900 68525 58075 55775 67625
15000 68525 58050 55775 67650
15100 68525 58050 55775 67650
15200 68525 58025 55775 67675
15300 68525 58025 55775 67675
15400 68525 58050 55700 67725
15500 68525 58025 55725 67725
15600 68525 58025 55700 67750
15700 68575 58050 55675 67700
15800 68625 58025 55650 67700
15900 68625 57975 55650 67750
16000 68625 57975 55625 67775
16100 68650 57950 55600 67800
16200 68675 57950 55575 67800
16300 68675 57950 55600 67775
16400 68675 57925 55600 67800
16500 68675 57925 55600 67800
16600 68650 57900 55625 67825
16700 68650 57875 55650 67825
16800 68650 57850 55650 67850
16900 68650 57850 55675 67825
17000 68650 57850 55650 67850
17100 68650 57850 55625 67875
17200 68650 57825 55575 67950
17300 68650 57800 55575 67975
17400 68650 57700 55600 68050
17500 68650 57625 55650 68075
17600 68600 57600 55650 68150
17700 68600 57525 55650 68225
17800 68600 57350 55650 68400
17900 68600 57350 55650 68400
18000 68600 57350 55650 68400
18100 68625 57325 55625 68425
18200 68650 57300 55675 68375
18300 68675 57300 55675 68350
18400 68675 57325 55650 68350
18500 68675 57325 55625 68375
18600 68700 57325 55625 68350
18700 68650 57300 55650 68400
18800 68650 57300 55650 68400
18900 68650 57300 55675 68375
19000 68650 57300 55675 68375
19100 68625 57300 55700 68375
19200 68650 57300 55675 68375
19300 68650 57275 55675 68400
19400 68650 57250 55700 68400
19500 68650 57250 55700 68400
19600 68625 57275 55700 68400
19700 68625 57275 55700 68400
19800 68625 57275 55700 68400
19900 68625 57250 55725 68400
20000 68625 57250 55700 68425
20100 68625 57275 55675 68425
20200 68625 57275 55675 68425
20300 68625 57275 55675 68425
20400 68600 57275 55700 68425
20500 68625 57250 55675 68450
20600 68600 57250 55675 68475
20700 68600 57225 55700 68475
20800 68625 57225 55700 68450
20900 68625 57250 55675 68450
21000 68600 57225 55725 68450
21100 68600 57225 55725 68450
21200 68600 57250 55675 68475
21300 68575 57275 55675 68475
21400 68625 57225 55675 68475
21500 68600 57225 55675 68500
21600 68600 57200 55675 68525
21700 68600 57200 55650 68550
21800 68625 57175 55675 68525
21900 68625 57150 55700 68525
22000 68625 57125 55725 68525
22100 68650 57100 55725 68525
22200 68650 57100 55725 68525
22300 68625 57150 55700 68525
22400 68625 57150 55725 68500
22500 68625 57125 55725 68525
22600 68600 57150 55725 68525
22700 68600 57125 55725 68550
22800 68625 57125 55725 68525
22900 68650 57100 55725 68525
23000 68650 57075 55725 68550
23100 68750 57025 55675 68550
23200 68725 57025 55675 68575
23300 68725 57025 55675 68575
23400 68725 56975 55700 68600
23500 68725 56975 55675 68625
23600 68725 56950 55675 68650
23700 68750 56975 55675 68600
23800 68725 56950 55700 68625
23900 68725 56950 55725 68600
24000 68725 56950 55725 68600
24100 68700 56950 55750 68600
24200 68750 56900 55775 68575
24300 68750 56925 55750 68575
24400 68750 56925 55750 68575
24500 68750 56925 55750 68575
24600 68775 56875 55750 68600
24700 68775 56875 55750 68600
24800 68775 56875 55750 68600
24900 68750 56850 55775 68625
25000 68750 56850 55775 68625
25100 68750 56850 55775 68625
25200 68725 56850 55775 68650
25300 68725 56850 55775 68650
25400 68725 56825 55775 68675
25500 68725 56850 55750 68675
25600 68725 56850 55750 68675
25700 68725 56825 55750 68700
25800 68750 56800 55750 68700
25900 68725 56775 55750 68750
26000 68700 56825 55675 68800
26100 68700 56825 55675 68800
26200 68700 56775 55675 68850
26300 68700 56800 55650 68850
26400 68700 56775 55650 68875
26500 68700 56775 55650 68875
26600 68700 56750 55650 68900
26700 68700 56750 55650 68900
26800 68700 56725 55675 68900
26900 68650 56725 55700 68925
27000 68625 56725 55700 68950
27100 68625 56725 55700 68950
27200 68625 56700 55700 68975
27300 68625 56700 55700 68975
27400 68625 56700 55700 68975
27500 68625 56675 55700 69000
27600 68600 56675 55725 69000
27700 68600 56675 55725 69000
27800 68600 56675 55750 68975
27900 68625 56675 55725 68975
28000 68675 56650 55700 68975
28100 68675 56650 55700 68975
28200 68675 56650 55700 68975
28300 68675 56650 55700 68975
28400 68675 56650 55700 68975
28500 68675 56650 55700 68975
28600 68675 56650 55700 68975
28700 68675 56650 55700 68975
28800 68675 56650 55675 69000
28900 68675 56650 55650 69025
29000 68650 56675 55650 69025
29100 68650 56675 55650 69025
29200 68675 56675 55625 69025
29300 68675 56675 55625 69025
29400 68675 56675 55650 69000
29500 68675 56700 55625 69000
29600 68675 56700 55600 69025
29700 68675 56700 55600 69025
29800 68675 56700 55600 69025
29900 68700 56700 55600 69000
30000 68700 56700 55600 69000
30100 68750 56675 55600 68975
30200 68750 56675 55600 68975
30300 68750 56675 55600 68975
30400 68750 56675 55600 68975
30500 68750 56675 55600 68975
30600 68750 56650 55600 69000
30700 68750 56650 55600 69000
30800 68725 56650 55625 69000
30900 68725 56650 55625 69000
31000 68725 56650 55650 68975
31100 68725 56675 55625 68975
31200 68700 56675 55625 69000
31300 68700 56675 55625 69000
31400 68700 56675 55625 69000
31500 68700 56675 55625 69000
31600 68675 56700 55625 69000
31700 68675 56700 55675 68950
31800 68675 56700 55675 68950
31900 68675 56725 55625 68975
32000 68675 56725 55625 68975
32100 68650 56725 55650 68975
32200 68650 56725 55650 68975
32300 68650 56725 55650 68975
32400 68650 56725 55650 68975
32500 68650 56725 55625 69000
32600 68675 56725 55600 69000
32700 68650 56775 55575 69000
32800 68650 56775 55550 69025
32900 68650 56775 55550 69025
33000 68650 56775 55550 69025
33100 68650 56775 55550 69025
33200 68650 56775 55525 69050
33300 68650 56775 55525 69050
33400 68650 56775 55525 69050
33500 68650 56775 55525 69050
33600 68600 56775 55575 69050
33700 68575 56775 55600 69050
33800 68575 56775 55600 69050
33900 68575 56775 55600 69050
34000 68550 56800 55600 69050
34100 68550 56800 55600 69050
34200 68550 56800 55600 69050
34300 68600 56775 55600 69025
34400 68600 56750 55600 69050
34500 68600 56750 55600 69050
34600 68575 56750 55600 69075
34700 68575 56750 55600 69075
34800 68575 56750 55600 69075
34900 68575 56750 55600 69075
35000 68575 56775 55575 69075
35100 68575 56750 55600 69075
35200 68575 56750 55600 69075
35300 68575 56750 55600 69075
35400 68575 56750 55600 69075
35500 68550 56775 55600 69075
35600 68575 56775 55575 69075
35700 68600 56775 55550 69075
35800 68625 56775 55550 69050
35900 68625 56775 55550 69050
36000 68625 56775 55550 69050
36100 68625 56775 55550 69050
36200 68625 56800 55500 69075
36300 68650 56800 55500 69050
36400 68650 56775 55500 69075
36500 68625 56775 55525 69075
36600 68625 56775 55525 69075
36700 68625 56775 55550 69050
36800 68650 56775 55525 69050
36900 68650 56775 55500 69075
37000 68650 56775 55500 69075
37100 68650 56775 55500 69075
37200 68650 56775 55525 69050
37300 68625 56775 55550 69050
37400 68600 56800 55550 69050
37500 68600 56800 55550 69050
37600 68625 56825 55525 69025
37700 68625 56825 55525 69025
37800 68625 56825 55525 69025
37900 68650 56825 55525 69000
38000 68675 56825 55525 68975
38100 68700 56800 55525 68975
38200 68700 56800 55525 68975
38300 68700 56775 55525 69000
38400 68700 56750 55550 69000
38500 68700 56750 55500 69050
38600 68700 56750 55500 69050
38700 68700 56750 55500 69050
38800 68700 56775 55475 69050
38900 68700 56775 55475 69050
39000 68700 56775 55500 69025
39100 68725 56775 55500 69000
39200 68700 56775 55525 69000
39300 68700 56775 55525 69000
39400 68725 56800 55500 68975
39500 68725 56825 55475 68975
39600 68725 56825 55475 68975
39700 68725 56825 55475 68975
39800 68725 56825 55475 68975
39900 68725 56825 55500 68950
40000 68725 56825 55500 68950
40100 68725 56800 55500 68975
40200 68725 56800 55475 69000
40300 68725 56800 55475 69000
40400 68725 56800 55475 69000
40500 68700 56800 55500 69000
40600 68725 56800 55500 68975
40700 68725 56800 55500 68975
40800 68750 56800 55475 68975
40900 68750 56800 55475 68975
41000 68775 56775 55475 68975
41100 68775 56775 55475 68975
41200 68775 56775 55475 68975
41300 68750 56775 55500 68975
41400 68725 56775 55525 68975
41500 68725 56775 55525 68975
41600 68725 56775 55525 68975
41700 68725 56775 55525 68975
41800 68725 56750 55525 69000
41900 68725 56750 55525 69000
42000 68725 56750 55525 69000
42100 68700 56750 55550 69000
42200 68700 56750 55550 69000
42300 68700 56750 55550 69000
42400 68725 56750 55550 68975
42500 68725 56750 55550 68975
42600 68700 56800 55525 68975
42700 68700 56800 55525 68975
42800 68700 56825 55500 68975
42900 68700 56825 55500 68975
43000 68700 56850 55475 68975
43100 68725 56825 55475 68975
43200 68725 56825 55475 68975
43300 68725 56800 55475 69000
43400 68700 56800 55500 69000
43500 68700 56800 55475 69025
43600 68700 56800 55475 69025
43700 68725 56775 55475 69025
43800 68725 56775 55475 69025
43900 68675 56800 55475 69050
44000 68675 56800 55500 69025
44100 68675 56775 55525 69025
44200 68700 56750 55525 69025
44300 68700 56750 55525 69025
44400 68700 56750 55525 69025
44500 68725 56725 55525 69025
44600 68725 56750 55500 69025
44700 68725 56725 55500 69050
44800 68725 56725 55500 69050
44900 68725 56725 55500 69050
45000 68725 56725 55500 69050
45100 68725 56725 55500 69050
45200 68725 56750 55475 69050
45300 68700 56775 55475 69050
45400 68700 56775 55475 69050
45500 68700 56775 55475 69050
45600 68700 56775 55475 69050
45700 68700 56775 55475 69050
45800 68700 56775 55475 69050
45900 68700 56750 55475 69075
46000 68700 56750 55475 69075
46100 68700 56750 55425 69125
46200 68700 56725 55450 69125
46300 68675 56725 55450 69150
46400 68675 56725 55450 69150
46500 68700 56725 55450 69125
46600 68700 56725 55450 69125
46700 68700 56725 55450 69125
46800 68700 56725 55450 69125
46900 68675 56700 55475 69150
47000 68675 56725 55450 69150
47100 68675 56725 55475 69125
47200 68675 56725 55475 69125
47300 68700 56725 55475 69100
47400 68700 56725 55475 69100
47500 68700 56750 55450 69100
47600 68700 56750 55450 69100
47700 68700 56725 55475 69100
47800 68700 56700 55450 69150
47900 68700 56700 55450 69150
48000 68700 56725 55450 69125
48100 68700 56725 55425 69150
48200 68700 56725 55425 69150
48300 68700 56725 55425 69150
48400 68675 56725 55425 69175
48500 68675 56725 55425 69175
48600 68675 56700 55450 69175
48700 68675 56650 55475 69200
48800 68675 56650 55475 69200
48900 68675 56675 55450 69200
49000 68675 56675 55450 69200
49100 68675 56650 55475 69200
49200 68675 56650 55475 69200
49300 68650 56650 55500 69200
49400 68675 56625 55500 69200
49500 68675 56625 55500 69200
49600 68650 56625 55500 69225
49700 68625 56625 55550 69200
49800 68650 56625 55550 69175
49900 68650 56625 55550 69175
50000 68650 56625 55550 69175
50100 68650 56600 55550 69200
50200 68600 56625 55550 69225
50300 68600 56625 55550 69225
50400 68600 56625 55550 69225
50500 68600 56625 55550 69225
50600 68600 56625 55550 69225
50700 68625 56575 55550 69250
50800 68625 56575 55550 69250
50900 68600 56575 55575 69250
51000 68600 56575 55575 69250
51100 68600 56575 55575 69250
51200 68600 56550 55575 69275
51300 68625 56550 55575 69250
51400 68625 56600 55525 69250
51500 68650 56600 55525 69225
51600 68650 56600 55525 69225
51700 68650 56575 55525 69250
51800 68650 56575 55525 69250
51900 68650 56575 55550 69225
52000 68650 56575 55550 69225
52100 68600 56575 55575 69250
52200 68600 56550 55575 69275
52300 68600 56550 55575 69275
52400 68625 56550 55550 69275
52500 68650 56575 55550 69225
52600 68650 56550 55550 69250
52700 68650 56550 55550 69250
52800 68650 56550 55550 69250
52900 68675 56525 55550 69250
53000 68675 56525 55525 69275
53100 68675 56525 55525 69275
53200 68675 56525 55525 69275
53300 68675 56500 55525 69300
53400 68675 56500 55525 69300
53500 68675 56500 55575 69250
53600 68675 56475 55575 69275
53700 68675 56475 55575 69275
53800 68675 56450 55575 69300
53900 68675 56450 55575 69300
54000 68675 56450 55575 69300
54100 68675 56425 55600 69300
54200 68675 56425 55600 69300
54300 68675 56400 55600 69325
54400 68675 56425 55575 69325
54500 68675 56400 55575 69350
54600 68675 56400 55575 69350
54700 68700 56375 55575 69350
54800 68700 56375 55575 69350
54900 68700 56350 55575 69375
55000 68700 56350 55575 69375
55100 68700 56325 55600 69375
55200 68700 56325 55625 69350
55300 68700 56275 55650 69375
55400 68700 56250 55650 69400
55500 68700 56250 55650 69400
55600 68700 56225 55650 69425
55700 68725 56225 55675 69375
55800 68725 56200 55675 69400
55900 68725 56200 55675 69400
56000 68725 56175 55675 69425
56100 68700 56175 55700 69425
56200 68700 56175 55700 69425
56300 68700 56175 55700 69425
56400 68700 56175 55700 69425
56500 68700 56175 55700 69425
56600 68700 56175 55700 69425
56700 68700 56175 55700 69425
56800 68700 56200 55675 69425
56900 68700 56200 55675 69425
57000 68700 56225 55650 69425
57100 68700 56225 55650 69425
57200 68725 56200 55650 69425
57300 68725 56200 55650 69425
57400 68725 56200 55650 69425
57500 68725 56225 55625 69425
57600 68725 56225 55625 69425
57700 68725 56225 55625 69425
57800 68725 56225 55650 69400
57900 68725 56225 55650 69400
58000 68750 56200 55650 69400
58100 68750 56200 55625 69425
58200 68725 56200 55625 69450
58300 68725 56200 55625 69450
58400 68725 56225 55600 69450
58500 68725 56225 55600 69450
58600 68725 56225 55600 69450
58700 68725 56225 55600 69450
58800 68725 56225 55600 69450
58900 68750 56200 55600 69450
59000 68750 56200 55600 69450
59100 68750 56200 55600 69450
59200 68750 56200 55600 69450
59300 68725 56200 55575 69500
59400 68750 56175 55575 69500
59500 68750 56200 55550 69500
59600 68750 56200 55550 69500
59700 68750 56200 55550 69500
59800 68775 56175 55550 69500
59900 68775 56150 55575 69500
60000 68800 56125 55575 69500
60100 68800 56125 55575 69500
60200 68800 56125 55575 69500
60300 68800 56125 55575 69500
60400 68800 56125 55575 69500
60500 68800 56125 55575 69500
60600 68800 56125 55575 69500
60700 68775 56125 55600 69500
60800 68775 56125 55600 69500
60900 68775 56125 55600 69500
61000 68775 56125 55600 69500
61100 68775 56125 55600 69500
61200 68800 56125 55600 69475
61300 68825 56125 55575 69475
61400 68800 56150 55575 69475
61500 68800 56150 55575 69475
61600 68800 56150 55575 69475
61700 68800 56175 55550 69475
61800 68800 56175 55550 69475
61900 68800 56175 55550 69475
62000 68800 56175 55550 69475
62100 68800 56175 55550 69475
62200 68800 56175 55550 69475
62300 68800 56175 55550 69475
62400 68800 56175 55550 69475
62500 68800 56200 55525 69475
62600 68800 56200 55525 69475
62700 68800 56200 55525 69475
62800 68800 56200 55525 69475
62900 68775 56200 55525 69500
63000 68775 56200 55525 69500
63100 68775 56200 55525 69500
63200 68775 56200 55525 69500
63300 68775 56200 55525 69500
63400 68775 56200 55525 69500
63500 68775 56200 55525 69500
63600 68775 56200 55525 69500
63700 68775 56200 55525 69500
63800 68775 56200 55525 69500
63900 68775 56200 55525 69500
64000 68775 56200 55525 69500
64100 68775 56200 55525 69500
64200 68775 56200 55525 69500
64300 68775 56200 55525 69500
64400 68775 56175 55550 69500
64500 68775 56175 55525 69525
64600 68775 56175 55525 69525
64700 68775 56175 55525 69525
64800 68775 56175 55525 69525
64900 68800 56175 55525 69500
65000 68800 56175 55525 69500
65100 68800 56175 55525 69500
65200 68825 56175 55525 69475
65300 68825 56175 55500 69500
65400 68825 56175 55500 69500
65500 68825 56175 55500 69500
65600 68800 56200 55500 69500
65700 68800 56200 55500 69500
65800 68800 56200 55500 69500
65900 68800 56200 55500 69500
66000 68775 56200 55525 69500
66100 68775 56200 55525 69500
66200 68775 56200 55525 69500
66300 68775 56200 55525 69500
66400 68775 56200 55525 69500
66500 68775 56200 55525 69500
66600 68775 56200 55525 69500
66700 68775 56200 55525 69500
66800 68750 56225 55525 69500
66900 68750 56225 55525 69500
67000 68750 56225 55525 69500
67100 68725 56225 55525 69525
67200 68700 56225 55525 69550
67300 68700 56225 55500 69575
67400 68700 56225 55500 69575
67500 68700 56225 55500 69575
67600 68700 56225 55500 69575
67700 68700 56225 55500 69575
67800 68700 56225 55500 69575
67900 68725 56225 55500 69550
68000 68725 56225 55500 69550
68100 68725 56225 55500 69550
68200 68750 56225 55500 69525
68300 68750 56225 55500 69525
68400 68750 56250 55475 69525
68500 68750 56225 55500 69525
68600 68750 56225 55500 69525
68700 68750 56225 55500 69525
68800 68750 56250 55475 69525
68900 68750 56250 55475 69525
69000 68750 56250 55475 69525
69100 68725 56250 55475 69550
69200 68725 56275 55450 69550
69300 68725 56275 55475 69525
69400 68725 56275 55475 69525
69500 68700 56300 55475 69525
69600 68700 56300 55475 69525
69700 68700 56300 55475 69525
69800 68700 56300 55475 69525
69900 68700 56300 55475 69525
70000 68700 56300 55475 69525
70100 68700 56300 55475 69525
70200 68700 56300 55475 69525
70300 68700 56300 55475 69525
70400 68700 56300 55475 69525
70500 68725 56300 55475 69500
70600 68750 56300 55475 69475
70700 68750 56300 55475 69475
70800 68750 56300 55475 69475
70900 68750 56300 55475 69475
71000 68750 56300 55475 69475
71100 68775 56300 55450 69475
71200 68775 56300 55450 69475
71300 68775 56300 55450 69475
71400 68750 56300 55475 69475
71500 68750 56325 55450 69475
71600 68750 56325 55450 69475
71700 68775 56325 55450 69450
71800 68775 56325 55450 69450
71900 68750 56325 55450 69475
72000 68750 56325 55450 69475
72100 68750 56325 55450 69475
72200 68750 56325 55450 69475
72300 68775 56300 55475 69450
72400 68775 56300 55475 69450
72500 68800 56300 55475 69425
72600 68800 56300 55475 69425
72700 68800 56300 55475 69425
72800 68800 56300 55475 69425
72900 68800 56300 55475 69425
73000 68800 56300 55475 69425
73100 68800 56300 55475 69425
73200 68800 56300 55475 69425
73300 68800 56300 55475 69425
73400 68825 56300 55475 69400
73500 68825 56300 55475 69400
73600 68850 56325 55450 69375
73700 68850 56325 55450 69375
73800 68875 56325 55450 69350
73900 68875 56325 55450 69350
74000 68875 56325 55450 69350
74100 68850 56325 55450 69375
74200 68850 56325 55450 69375
74300 68825 56350 55450 69375
74400 68825 56350 55450 69375
74500 68825 56325 55475 69375
74600 68825 56325 55475 69375
74700 68825 56325 55475 69375
74800 68825 56325 55475 69375
74900 68825 56325 55475 69375
75000 68825 56350 55450 69375
75100 68825 56350 55450 69375
75200 68825 56375 55425 69375
75300 68825 56375 55400 69400
75400 68825 56375 55400 69400
75500 68825 56375 55400 69400
75600 68825 56350 55425 69400
75700 68825 56350 55425 69400
75800 68825 56350 55400 69425
75900 68825 56350 55400 69425
76000 68825 56375 55375 69425
76100 68825 56375 55375 69425
76200 68825 56375 55375 69425
76300 68825 56375 55375 69425
76400 68825 56375 55400 69400
76500 68825 56375 55400 69400
76600 68825 56375 55400 69400
76700 68825 56375 55400 69400
76800 68825 56375 55400 69400
76900 68775 56375 55425 69425
77000 68775 56375 55425 69425
77100 68750 56375 55450 69425
77200 68750 56375 55450 69425
77300 68750 56375 55450 69425
77400 68750 56375 55450 69425
77500 68750 56375 55450 69425
77600 68775 56375 55450 69400
77700 68775 56375 55450 69400
77800 68750 56400 55425 69425
77900 68750 56400 55425 69425
78000 68750 56400 55425 69425
78100 68750 56400 55400 69450
78200 68750 56400 55400 69450
78300 68750 56400 55400 69450
78400 68750 56400 55400 69450
78500 68750 56400 55400 69450
78600 68750 56400 55400 69450
78700 68750 56375 55425 69450
78800 68750 56375 55425 69450
78900 68750 56375 55425 69450
79000 68750 56375 55425 69450
79100 68750 56375 55425 69450
79200 68750 56375 55425 69450
79300 68750 56375 55425 69450
79400 68750 56375 55425 69450
79500 68750 56375 55425 69450
79600 68750 56375 55425 69450
79700 68750 56375 55425 69450
79800 68750 56375 55425 69450
79900 68750 56375 55425 69450
80000 68750 56375 55425 69450
80100 68750 56375 55425 69450
80200 68750 56400 55400 69450
80300 68750 56400 55400 69450
80400 68750 56400 55400 69450
80500 68750 56400 55400 69450
80600 68750 56400 55400 69450
80700 68750 56400 55400 69450
80800 68775 56400 55375 69450
80900 68775 56400 55375 69450
81000 68775 56400 55375 69450
81100 68800 56375 55375 69450
81200 68775 56375 55375 69475
81300 68775 56350 55400 69475
81400 68775 56350 55400 69475
81500 68775 56350 55400 69475
81600 68775 56350 55400 69475
81700 68775 56350 55400 69475
81800 68775 56350 55400 69475
81900 68775 56350 55400 69475
82000 68775 56350 55400 69475
82100 68775 56350 55400 69475
82200 68775 56350 55400 69475
82300 68775 56350 55400 69475
82400 68750 56350 55425 69475
82500 68750 56350 55425 69475
82600 68750 56350 55450 69450
82700 68750 56350 55450 69450
82800 68775 56350 55450 69425
82900 68775 56350 55450 69425
83000 68775 56325 55475 69425
83100 68775 56325 55475 69425
83200 68775 56325 55475 69425
83300 68775 56325 55475 69425
83400 68775 56325 55475 69425
83500 68775 56325 55475 69425
83600 68775 56325 55475 69425
83700 68775 56325 55450 69450
83800 68775 56325 55450 69450
83900 68775 56325 55450 69450
84000 68800 56300 55450 69450
84100 68800 56300 55450 69450
84200 68800 56300 55450 69450
84300 68800 56300 55450 69450
84400 68800 56300 55450 69450
84500 68800 56300 55450 69450
84600 68800 56300 55450 69450
84700 68800 56275 55475 69450
84800 68800 56300 55450 69450
84900 68800 56300 55450 69450
85000 68800 56300 55450 69450
85100 68800 56300 55450 69450
85200 68800 56300 55450 69450
85300 68800 56300 55450 69450
85400 68800 56300 55450 69450
85500 68800 56300 55450 69450
85600 68800 56300 55450 69450
85700 68800 56300 55450 69450
85800 68800 56300 55450 69450
85900 68800 56300 55450 69450
86000 68800 56325 55425 69450
86100 68800 56325 55425 69450
86200 68800 56325 55425 69450
86300 68800 56325 55425 69450
86400 68800 56325 55425 69450
86500 68825 56300 55425 69450
86600 68825 56300 55425 69450
86700 68825 56300 55425 69450
86800 68800 56300 55425 69475
86900 68800 56300 55425 69475
87000 68800 56300 55425 69475
87100 68800 56300 55425 69475
87200 68825 56300 55400 69475
87300 68825 56300 55400 69475
87400 68825 56300 55400 69475
87500 68825 56300 55400 69475
87600 68850 56300 55400 69450
87700 68825 56300 55425 69450
87800 68825 56300 55425 69450
87900 68825 56300 55425 69450
88000 68825 56300 55425 69450
88100 68825 56300 55425 69450
88200 68825 56300 55425 69450
88300 68825 56300 55425 69450
88400 68825 56300 55425 69450
88500 68825 56325 55400 69450
88600 68825 56325 55400 69450
88700 68850 56300 55400 69450
88800 68825 56300 55425 69450
88900 68825 56325 55400 69450
89000 68825 56325 55400 69450
89100 68825 56325 55425 69425
89200 68825 56325 55425 69425
89300 68825 56325 55425 69425
89400 68825 56325 55425 69425
89500 68825 56325 55425 69425
89600 68825 56325 55425 69425
89700 68825 56325 55425 69425
89800 68825 56325 55425 69425
89900 68825 56325 55425 69425
90000 68825 56325 55425 69425
90100 68825 56325 55425 69425
90200 68825 56325 55425 69425
90300 68825 56325 55425 69425
90400 68825 56325 55400 69450
90500 68825 56300 55425 69450
90600 68825 56300 55425 69450
90700 68850 56275 55425 69450
90800 68850 56275 55425 69450
90900 68850 56275 55425 69450
91000 68850 56275 55425 69450
91100 68850 56275 55425 69450
91200 68850 56275 55425 69450
91300 68850 56275 55425 69450
91400 68850 56275 55425 69450
91500 68850 56275 55425 69450
91600 68850 56275 55425 69450
91700 68850 56275 55425 69450
91800 68850 56275 55425 69450
91900 68850 56275 55425 69450
92000 68900 56275 55400 69425
92100 68900 56275 55400 69425
92200 68900 56275 55400 69425
92300 68900 56275 55400 69425
92400 68925 56250 55400 69425
92500 68925 56250 55400 69425
92600 68900 56275 55400 69425
92700 68900 56275 55400 69425
92800 68900 56275 55400 69425
92900 68900 56275 55400 69425
93000 68900 56275 55400 69425
93100 68900 56275 55400 69425
93200 68875 56300 55400 69425
93300 68875 56300 55400 69425
93400 68875 56300 55400 69425
93500 68875 56325 55375 69425
93600 68875 56325 55375 69425
93700 68875 56325 55375 69425
93800 68875 56325 55375 69425
93900 68900 56300 55375 69425
94000 68900 56300 55375 69425
94100 68875 56325 55375 69425
94200 68875 56325 55375 69425
94300 68875 56325 55375 69425
94400 68875 56325 55375 69425
94500 68875 56325 55375 69425
94600 68875 56325 55375 69425
94700 68875 56325 55375 69425
94800 68875 56325 55375 69425
94900 68900 56325 55375 69400
95000 68900 56325 55375 69400
95100 68900 56300 55375 69425
95200 68900 56300 55375 69425
95300 68900 56300 55350 69450
95400 68900 56300 55350 69450
95500 68900 56300 55350 69450
95600 68900 56300 55350 69450
95700 68900 56300 55350 69450
95800 68900 56300 55325 69475
95900 68900 56300 55325 69475
96000 68900 56325 55300 69475
96100 68950 56300 55325 69425
96200 68925 56300 55325 69450
96300 68925 56300 55325 69450
96400 68925 56300 55325 69450
96500 68925 56300 55325 69450
96600 68925 56300 55325 69450
96700 68950 56275 55325 69450
96800 68975 56250 55325 69450
96900 68975 56250 55325 69450
97000 68950 56250 55350 69450
97100 68950 56250 55350 69450
97200 68950 56250 55350 69450
97300 68950 56250 55350 69450
97400 68950 56250 55350 69450
97500 68950 56250 55350 69450
97600 68950 56250 55350 69450
97700 68950 56250 55350 69450
97800 68950 56225 55375 69450
97900 68950 56225 55375 69450
98000 68950 56225 55375 69450
98100 68950 56225 55375 69450
98200 68950 56225 55375 69450
98300 68950 56225 55375 69450
98400 68950 56225 55375 69450
98500 68925 56250 55375 69450
98600 68925 56250 55375 69450
98700 68925 56250 55375 69450
98800 68900 56250 55400 69450
98900 68900 56250 55375 69475
99000 68900 56250 55375 69475
99100 68925 56250 55350 69475
99200 68925 56250 55350 69475
99300 68925 56250 55350 69475
99400 68925 56275 55325 69475
99500 68925 56275 55325 69475
99600 68925 56275 55325 69475
99700 68925 56275 55325 69475
99800 68975 56250 55325 69450
99900 68975 56250 55325 69450
100000 68975 56250 55325 69450
