0 64175 63325 61650 60850
100 64200 63375 61650 60775
200 64200 63375 61600 60825
300 64275 63350 61575 60800
400 64200 63425 61600 60775
500 64200 63425 61600 60775
600 64300 63325 61550 60825
700 64325 63400 61575 60700
800 64275 63425 61600 60700
900 64225 63425 61625 60725
1000 64200 63425 61575 60800
1100 64325 63375 61500 60800
1200 64275 63400 61500 60825
1300 64350 63375 61475 60800
1400 64350 63400 61450 60800
1500 64300 63500 61450 60750
1600 64325 63525 61475 60675
1700 64325 63575 61450 60650
1800 64300 63575 61450 60675
1900 64300 63575 61475 60650
2000 64275 63550 61500 60675
2100 64325 63500 61500 60675
2200 64325 63525 61500 60650
2300 64300 63500 61475 60725
2400 64350 63450 61525 60675
2500 64350 63475 61500 60675
2600 64350 63475 61500 60675
2700 64350 63450 61500 60700
2800 64350 63475 61500 60675
2900 64350 63500 61475 60675
3000 64375 63475 61475 60675
3100 64375 63500 61450 60675
3200 64375 63475 61500 60650
3300 64375 63500 61450 60675
3400 64350 63525 61450 60675
3500 64375 63525 61450 60650
3600 64350 63550 61450 60650
3700 64350 63550 61450 60650
3800 64375 63550 61450 60625
3900 64375 63525 61450 60650
4000 64375 63500 61475 60650
4100 64375 63550 61425 60650
4200 64375 63550 61425 60650
4300 64400 63550 61425 60625
4400 64400 63575 61400 60625
4500 64400 63575 61400 60625
4600 64400 63575 61400 60625
4700 64400 63575 61400 60625
4800 64400 63575 61400 60625
4900 64400 63575 61400 60625
5000 64400 63575 61400 60625
5100 64400 63575 61400 60625
5200 64400 63575 61400 60625
5300 64425 63550 61400 60625
5400 64375 63575 61425 60625
5500 64375 63575 61425 60625
5600 64375 63575 61425 60625
5700 64400 63575 61425 60600
5800 64400 63575 61400 60625
5900 64400 63575 61400 60625
6000 64425 63600 61375 60600
6100 64425 63600 61375 60600
6200 64425 63600 61375 60600
6300 64425 63600 61375 60600
6400 64425 63600 61375 60600
6500 64450 63600 61375 60575
6600 64450 63600 61375 60575
6700 64450 63600 61375 60575
6800 64450 63600 61375 60575
6900 64450 63600 61375 60575
7000 64450 63600 61375 60575
7100 64450 63600 61375 60575
7200 64450 63600 61375 60575
7300 64450 63600 61375 60575
7400 64450 63600 61375 60575
7500 64450 63600 61375 60575
7600 64450 63600 61375 60575
7700 64450 63600 61375 60575
7800 64450 63600 61375 60575
7900 64450 63600 61375 60575
8000 64450 63600 61375 60575
8100 64450 63600 61375 60575
8200 64450 63600 61375 60575
8300 64450 63600 61375 60575
8400 64450 63600 61375 60575
8500 64450 63600 61375 60575
8600 64450 63600 61375 60575
8700 64450 63600 61375 60575
8800 64450 63600 61375 60575
8900 64450 63600 61375 60575
9000 64450 63600 61375 60575
9100 64450 63600 61375 60575
9200 64450 63600 61375 60575
9300 64450 63600 61375 60575
9400 64450 63600 61375 60575
9500 64450 63625 61350 60575
9600 64450 63625 61350 60575
9700 64450 63625 61350 60575
9800 64450 63625 61350 60575
9900 64450 63625 61350 60575
10000 64450 63625 61350 60575
