0 61775 64150 62025 62050
100 61800 64150 62025 62025
200 61800 64150 62000 62050
300 61800 64150 62000 62050
400 61800 64150 61975 62075
500 61800 64175 62000 62025
600 61800 64175 62025 62000
700 61800 64175 62025 62000
800 61825 64175 62025 61975
900 61800 64175 62050 61975
1000 61750 64175 62075 62000
1100 61725 64225 62050 62000
1200 61700 64200 62100 62000
1300 61675 64175 62075 62075
1400 61675 64175 62100 62050
1500 61700 64175 62100 62025
1600 61725 64100 62100 62075
1700 61700 64100 62125 62075
1800 61700 64100 62150 62050
1900 61700 64125 62175 62000
2000 61700 64125 62175 62000
2100 61700 64150 62175 61975
2200 61700 64150 62175 61975
2300 61700 64150 62200 61950
2400 61700 64125 62225 61950
2500 61725 64125 62250 61900
2600 61750 64100 62250 61900
2700 61750 64100 62250 61900
2800 61750 64125 62225 61900
2900 61725 64125 62250 61900
3000 61750 64125 62275 61850
3100 61750 64125 62250 61875
3200 61750 64125 62250 61875
3300 61775 64175 62225 61825
3400 61750 64175 62250 61825
3500 61750 64150 62275 61825
3600 61750 64125 62325 61800
3700 61750 64150 62325 61775
3800 61800 64125 62300 61775
3900 61800 64150 62275 61775
4000 61800 64150 62275 61775
4100 61800 64175 62250 61775
4200 61775 64125 62250 61850
4300 61775 64125 62250 61850
4400 61750 64125 62275 61850
4500 61750 64125 62300 61825
4600 61750 64150 62325 61775
4700 61775 64125 62325 61775
4800 61775 64150 62300 61775
4900 61750 64150 62275 61825
5000 61750 64150 62275 61825
5100 61725 64150 62275 61850
5200 61750 64150 62250 61850
5300 61750 64175 62275 61800
5400 61750 64150 62275 61825
5500 61750 64125 62325 61800
5600 61750 64125 62325 61800
5700 61750 64050 62350 61850
5800 61750 64025 62350 61875
5900 61750 64000 62350 61900
6000 61750 64000 62375 61875
6100 61700 64025 62375 61900
6200 61725 64025 62350 61900
6300 61725 64025 62375 61875
6400 61725 64025 62400 61850
6500 61750 64025 62400 61825
6600 61750 64025 62425 61800
6700 61750 64025 62425 61800
6800 61750 64025 62425 61800
6900 61750 64000 62450 61800
7000 61750 64050 62425 61775
7100 61750 64050 62425 61775
7200 61750 64025 62400 61825
7300 61725 64050 62400 61825
7400 61725 64025 62400 61850
7500 61675 64050 62425 61850
7600 61675 64050 62450 61825
7700 61675 64050 62475 61800
7800 61675 64025 62475 61825
7900 61675 64100 62475 61750
8000 61725 64100 62450 61725
8100 61725 64100 62450 61725
8200 61750 64075 62450 61725
8300 61750 64075 62450 61725
8400 61750 64100 62450 61700
8500 61750 64100 62450 61700
8600 61750 64100 62450 61700
8700 61750 64075 62475 61700
8800 61725 64075 62525 61675
8900 61725 64075 62550 61650
9000 61725 64100 62525 61650
9100 61725 64100 62525 61650
9200 61700 64100 62550 61650
9300 61700 64125 62525 61650
9400 61700 64125 62500 61675
9500 61675 64150 62500 61675
9600 61675 64125 62550 61650
9700 61675 64125 62600 61600
9800 61675 64175 62550 61600
9900 61700 64175 62550 61575
10000 61700 64150 62575 61575
10100 61700 64150 62575 61575
10200 61700 64175 62575 61550
10300 61700 64175 62575 61550
10400 61750 64200 62575 61475
10500 61725 64175 62625 61475
10600 61725 64175 62625 61475
10700 61725 64175 62625 61475
10800 61750 64175 62600 61475
10900 61725 64150 62600 61525
11000 61700 64150 62600 61550
11100 61700 64150 62600 61550
11200 61700 64150 62600 61550
11300 61725 64150 62625 61500
11400 61750 64175 62575 61500
11500 61725 64175 62600 61500
11600 61725 64175 62600 61500
11700 61725 64175 62600 61500
11800 61750 64175 62600 61475
11900 61750 64150 62625 61475
12000 61750 64150 62625 61475
12100 61800 64125 62625 61450
12200 61800 64100 62675 61425
12300 61775 64100 62700 61425
12400 61775 64100 62700 61425
12500 61775 64075 62675 61475
12600 61750 64075 62675 61500
12700 61750 64050 62650 61550
12800 61750 64050 62650 61550
12900 61775 64025 62650 61550
13000 61800 64000 62675 61525
13100 61850 63975 62625 61550
13200 61850 63975 62625 61550
13300 61825 63925 62625 61625
13400 61850 63950 62600 61600
13500 61825 63975 62600 61600
13600 61825 63975 62625 61575
13700 61825 63975 62625 61575
13800 61825 63975 62650 61550
13900 61850 63950 62650 61550
14000 61800 63950 62675 61575
14100 61800 63925 62675 61600
14200 61800 63925 62675 61600
14300 61825 63925 62700 61550
14400 61825 63925 62700 61550
14500 61800 63925 62725 61550
14600 61800 63925 62725 61550
14700 61800 63925 62750 61525
14800 61825 63925 62725 61525
14900 61825 63950 62725 61500
15000 61800 63950 62750 61500
15100 61775 63925 62750 61550
15200 61775 63925 62750 61550
15300 61775 63950 62750 61525
15400 61775 64000 62725 61500
15500 61775 64000 62725 61500
15600 61775 64000 62750 61475
15700 61775 64025 62725 61475
15800 61800 64000 62725 61475
15900 61800 64000 62725 61475
16000 61825 64000 62700 61475
16100 61800 63975 62750 61475
16200 61800 63975 62750 61475
16300 61825 63975 62725 61475
16400 61850 63975 62700 61475
16500 61850 63975 62725 61450
16600 61850 63975 62725 61450
16700 61850 63975 62725 61450
16800 61850 63975 62750 61425
16900 61825 64000 62775 61400
17000 61825 64000 62775 61400
17100 61825 64000 62750 61425
17200 61825 64000 62750 61425
17300 61800 64025 62750 61425
17400 61800 64000 62775 61425
17500 61800 64000 62775 61425
17600 61825 64000 62750 61425
17700 61825 64000 62750 61425
17800 61800 64000 62775 61425
17900 61800 64000 62825 61375
18000 61800 64025 62800 61375
18100 61800 64025 62750 61425
18200 61800 64050 62725 61425
18300 61800 64050 62725 61425
18400 61775 64025 62750 61450
18500 61775 64025 62750 61450
18600 61750 64025 62775 61450
18700 61750 64050 62775 61425
18800 61725 64050 62775 61450
18900 61725 64075 62750 61450
19000 61725 64075 62750 61450
19100 61750 64075 62775 61400
19200 61750 64075 62775 61400
19300 61750 64075 62775 61400
19400 61725 64050 62825 61400
19500 61725 64050 62825 61400
19600 61750 64050 62800 61400
19700 61725 64050 62825 61400
19800 61725 64075 62800 61400
19900 61700 64100 62800 61400
20000 61725 64150 62800 61325
20100 61725 64150 62800 61325
20200 61725 64100 62800 61375
20300 61675 64100 62800 61425
20400 61675 64100 62800 61425
20500 61625 64100 62875 61400
20600 61575 64100 62925 61400
20700 61600 64075 62975 61350
20800 61600 64075 62950 61375
20900 61600 64075 62950 61375
21000 61600 64075 62950 61375
21100 61625 64100 62925 61350
21200 61650 64100 62925 61325
21300 61650 64075 62925 61350
21400 61650 64075 62925 61350
21500 61625 64100 62950 61325
21600 61575 64100 62975 61350
21700 61575 64100 62975 61350
21800 61600 64100 62950 61350
21900 61600 64100 62950 61350
22000 61600 64125 62925 61350
22100 61600 64150 62925 61325
22200 61575 64150 62975 61300
22300 61550 64125 63000 61325
22400 61575 64125 62975 61325
22500 61575 64125 62975 61325
22600 61600 64125 62975 61300
22700 61575 64125 63000 61300
22800 61575 64150 63000 61275
22900 61550 64150 63025 61275
23000 61575 64125 63025 61275
23100 61575 64075 63075 61275
23200 61550 64075 63100 61275
23300 61550 64050 63100 61300
23400 61525 64050 63125 61300
23500 61500 64075 63175 61250
23600 61500 64050 63225 61225
23700 61525 64025 63200 61250
23800 61550 64000 63200 61250
23900 61550 64025 63200 61225
24000 61525 64075 63225 61175
24100 61525 64050 63225 61200
24200 61525 64000 63225 61250
24300 61525 64025 63225 61225
24400 61525 64000 63250 61225
24500 61500 63975 63225 61300
24600 61525 63975 63200 61300
24700 61550 64000 63150 61300
24800 61550 64000 63125 61325
24900 61575 64000 63125 61300
25000 61575 64000 63125 61300
25100 61575 64025 63100 61300
25200 61575 64025 63100 61300
25300 61575 64025 63100 61300
25400 61575 64000 63125 61300
25500 61600 64000 63125 61275
25600 61600 64000 63125 61275
25700 61625 64000 63075 61300
25800 61600 64000 63100 61300
25900 61600 63975 63125 61300
26000 61600 63975 63125 61300
26100 61625 63975 63150 61250
26200 61625 63975 63150 61250
26300 61625 63975 63150 61250
26400 61650 63950 63175 61225
26500 61675 63975 63150 61200
26600 61725 63975 63125 61175
26700 61725 63975 63125 61175
26800 61725 63975 63125 61175
26900 61725 63975 63100 61200
27000 61725 64000 63100 61175
27100 61725 64025 63050 61200
27200 61750 64025 63075 61150
27300 61750 64000 63075 61175
27400 61750 64000 63075 61175
27500 61750 64000 63075 61175
27600 61750 64025 63050 61175
27700 61775 64025 63025 61175
27800 61800 64025 63050 61125
27900 61800 64025 63050 61125
28000 61825 64025 63000 61150
28100 61825 64025 63000 61150
28200 61875 64025 62950 61150
28300 61875 64025 62950 61150
28400 61850 64075 62925 61150
28500 61850 64050 62950 61150
28600 61875 64050 62950 61125
28700 61875 64050 62950 61125
28800 61875 64050 62950 61125
28900 61875 64050 62950 61125
29000 61875 64050 62950 61125
29100 61875 64050 62950 61125
29200 61875 64050 62950 61125
29300 61875 64050 62950 61125
29400 61875 64050 62950 61125
29500 61875 64050 62950 61125
29600 61875 64025 62975 61125
29700 61875 64000 63000 61125
29800 61875 64000 63000 61125
29900 61875 64000 63000 61125
30000 61875 64000 63000 61125
30100 61875 64000 63000 61125
30200 61850 64000 63025 61125
30300 61850 64000 63025 61125
30400 61825 64025 63025 61125
30500 61825 64025 63025 61125
30600 61825 64025 63025 61125
30700 61800 64025 63050 61125
30800 61775 64050 63050 61125
30900 61775 64075 63025 61125
31000 61800 64100 62975 61125
31100 61800 64100 62975 61125
31200 61825 64075 62975 61125
31300 61825 64100 62950 61125
31400 61800 64100 62950 61150
31500 61825 64075 62975 61125
31600 61825 64075 62950 61150
31700 61800 64075 62950 61175
31800 61800 64075 62950 61175
31900 61800 64050 62950 61200
32000 61800 64050 63000 61150
32100 61800 64050 63025 61125
32200 61800 64075 63025 61100
32300 61800 64075 63025 61100
32400 61800 64075 63025 61100
32500 61800 64075 63025 61100
32600 61800 64075 63025 61100
32700 61800 64075 63025 61100
32800 61800 64075 63025 61100
32900 61775 64075 63050 61100
33000 61750 64100 63050 61100
33100 61750 64100 63050 61100
33200 61775 64075 63050 61100
33300 61775 64075 63050 61100
33400 61775 64075 63050 61100
33500 61775 64075 63050 61100
33600 61775 64075 63050 61100
33700 61775 64075 63050 61100
33800 61775 64050 63050 61125
33900 61775 64050 63050 61125
34000 61725 64100 63050 61125
34100 61750 64100 63025 61125
34200 61750 64100 63000 61150
34300 61750 64100 63000 61150
34400 61775 64125 63000 61100
34500 61800 64125 63000 61075
34600 61800 64125 63000 61075
34700 61800 64125 63000 61075
34800 61825 64125 63000 61050
34900 61825 64125 63000 61050
35000 61800 64125 63025 61050
35100 61800 64125 63025 61050
35200 61800 64125 63025 61050
35300 61800 64125 63025 61050
35400 61800 64075 63025 61100
35500 61800 64075 63025 61100
35600 61800 64075 63025 61100
35700 61800 64075 63025 61100
35800 61800 64075 63025 61100
35900 61800 64075 63025 61100
36000 61825 64050 63025 61100
36100 61800 64100 63000 61100
36200 61800 64100 62975 61125
36300 61775 64100 63000 61125
36400 61775 64125 63000 61100
36500 61775 64150 62975 61100
36600 61775 64150 62975 61100
36700 61775 64125 63000 61100
36800 61775 64125 63000 61100
36900 61775 64125 62975 61125
37000 61800 64125 62975 61100
37100 61775 64125 63000 61100
37200 61750 64125 63000 61125
37300 61725 64125 63000 61150
37400 61725 64100 63025 61150
37500 61750 64100 63025 61125
37600 61750 64100 63025 61125
37700 61750 64100 63025 61125
37800 61750 64100 63025 61125
37900 61750 64100 63025 61125
38000 61750 64100 63025 61125
38100 61750 64075 63025 61150
38200 61725 64125 63025 61125
38300 61725 64125 63025 61125
38400 61725 64125 63025 61125
38500 61725 64125 63025 61125
38600 61725 64125 63050 61100
38700 61725 64125 63050 61100
38800 61750 64125 63050 61075
38900 61725 64125 63075 61075
39000 61700 64125 63100 61075
39100 61700 64150 63100 61050
39200 61700 64125 63100 61075
39300 61725 64125 63100 61050
39400 61750 64125 63075 61050
39500 61750 64150 63050 61050
39600 61750 64150 63050 61050
39700 61775 64175 63050 61000
39800 61775 64175 63050 61000
39900 61775 64150 63050 61025
40000 61800 64150 63050 61000
40100 61800 64125 63050 61025
40200 61825 64125 63075 60975
40300 61800 64125 63075 61000
40400 61800 64125 63075 61000
40500 61825 64150 63050 60975
40600 61825 64125 63050 61000
40700 61825 64125 63050 61000
40800 61825 64100 63050 61025
40900 61800 64100 63075 61025
41000 61800 64125 63075 61000
41100 61800 64100 63075 61025
41200 61800 64100 63075 61025
41300 61800 64075 63075 61050
41400 61800 64075 63075 61050
41500 61800 64075 63075 61050
41600 61800 64050 63075 61075
41700 61825 64000 63100 61075
41800 61875 63975 63100 61050
41900 61875 63925 63100 61100
42000 61875 63875 63100 61150
42100 61850 63900 63100 61150
42200 61850 63900 63100 61150
42300 61850 63900 63100 61150
42400 61850 63900 63100 61150
42500 61825 63900 63100 61175
42600 61825 63900 63100 61175
42700 61800 63900 63125 61175
42800 61800 63875 63150 61175
42900 61800 63900 63150 61150
43000 61800 63875 63175 61150
43100 61800 63875 63175 61150
43200 61825 63850 63175 61150
43300 61825 63850 63175 61150
43400 61800 63850 63200 61150
43500 61775 63850 63200 61175
43600 61775 63875 63200 61150
43700 61775 63875 63200 61150
43800 61775 63900 63175 61150
43900 61750 63925 63175 61150
44000 61725 63925 63175 61175
44100 61750 63975 63150 61125
44200 61775 63975 63175 61075
44300 61775 63975 63200 61050
44400 61750 63975 63225 61050
44500 61750 64025 63225 61000
44600 61725 64025 63225 61025
44700 61725 64025 63225 61025
44800 61725 64050 63225 61000
44900 61725 64050 63225 61000
45000 61725 64075 63225 60975
45100 61725 64075 63225 60975
45200 61725 64075 63225 60975
45300 61725 64075 63225 60975
45400 61725 64075 63225 60975
45500 61700 64100 63225 60975
45600 61700 64100 63225 60975
45700 61700 64100 63225 60975
45800 61700 64100 63200 61000
45900 61700 64100 63200 61000
46000 61675 64100 63225 61000
46100 61675 64100 63225 61000
46200 61675 64100 63225 61000
46300 61700 64100 63200 61000
46400 61700 64100 63200 61000
46500 61700 64100 63200 61000
46600 61700 64100 63200 61000
46700 61700 64100 63200 61000
46800 61700 64100 63200 61000
46900 61700 64100 63200 61000
47000 61700 64100 63175 61025
47100 61700 64100 63175 61025
47200 61700 64100 63175 61025
47300 61700 64100 63175 61025
47400 61675 64100 63200 61025
47500 61675 64100 63200 61025
47600 61675 64100 63200 61025
47700 61650 64100 63200 61050
47800 61650 64100 63200 61050
47900 61625 64100 63225 61050
48000 61650 64100 63225 61025
48100 61650 64100 63200 61050
48200 61650 64125 63175 61050
48300 61650 64125 63175 61050
48400 61625 64150 63200 61025
48500 61650 64150 63175 61025
48600 61650 64150 63175 61025
48700 61625 64150 63200 61025
48800 61625 64150 63225 61000
48900 61650 64125 63225 61000
49000 61625 64125 63225 61025
49100 61625 64125 63225 61025
49200 61650 64100 63225 61025
49300 61625 64100 63250 61025
49400 61625 64100 63250 61025
49500 61600 64100 63250 61050
49600 61625 64100 63250 61025
49700 61625 64075 63275 61025
49800 61600 64075 63300 61025
49900 61600 64075 63300 61025
50000 61600 64075 63300 61025
50100 61600 64075 63300 61025
50200 61600 64050 63300 61050
50300 61600 64050 63300 61050
50400 61575 64050 63325 61050
50500 61575 64050 63325 61050
50600 61600 64075 63275 61050
50700 61575 64075 63300 61050
50800 61575 64075 63300 61050
50900 61575 64075 63300 61050
51000 61575 64075 63300 61050
51100 61575 64075 63300 61050
51200 61600 64075 63300 61025
51300 61575 64075 63325 61025
51400 61550 64075 63350 61025
51500 61550 64075 63350 61025
51600 61550 64075 63350 61025
51700 61525 64075 63375 61025
51800 61550 64075 63350 61025
51900 61550 64050 63375 61025
52000 61525 64050 63400 61025
52100 61500 64050 63425 61025
52200 61500 64050 63425 61025
52300 61500 64050 63450 61000
52400 61500 64050 63450 61000
52500 61475 64050 63500 60975
52600 61475 64050 63500 60975
52700 61500 64050 63475 60975
52800 61475 64050 63500 60975
52900 61450 64050 63525 60975
53000 61400 64050 63575 60975
53100 61350 64050 63600 61000
53200 61350 64050 63600 61000
53300 61350 64050 63600 61000
53400 61350 64050 63600 61000
53500 61375 64050 63600 60975
53600 61400 64050 63575 60975
53700 61400 64050 63575 60975
53800 61400 64050 63575 60975
53900 61400 64050 63575 60975
54000 61400 64050 63575 60975
54100 61375 64075 63575 60975
54200 61375 64050 63600 60975
54300 61375 64075 63575 60975
54400 61375 64075 63575 60975
54500 61400 64050 63600 60950
54600 61400 64050 63600 60950
54700 61400 64100 63575 60925
54800 61400 64100 63575 60925
54900 61400 64100 63575 60925
55000 61400 64100 63575 60925
55100 61400 64100 63575 60925
55200 61400 64125 63575 60900
55300 61400 64125 63575 60900
55400 61400 64125 63600 60875
55500 61400 64125 63600 60875
55600 61400 64125 63600 60875
55700 61425 64125 63600 60850
55800 61425 64125 63600 60850
55900 61400 64125 63600 60875
56000 61400 64125 63600 60875
56100 61425 64125 63600 60850
56200 61450 64125 63600 60825
56300 61450 64150 63600 60800
56400 61450 64125 63600 60825
56500 61450 64125 63600 60825
56600 61450 64125 63600 60825
56700 61475 64125 63575 60825
56800 61450 64125 63575 60850
56900 61475 64125 63550 60850
57000 61475 64125 63550 60850
57100 61475 64150 63525 60850
57200 61475 64150 63525 60850
57300 61475 64150 63525 60850
57400 61475 64150 63525 60850
57500 61475 64175 63525 60825
57600 61475 64175 63525 60825
57700 61450 64175 63525 60850
57800 61450 64175 63525 60850
57900 61450 64150 63550 60850
58000 61450 64150 63550 60850
58100 61450 64150 63575 60825
58200 61425 64125 63575 60875
58300 61425 64125 63575 60875
58400 61425 64125 63575 60875
58500 61450 64100 63550 60900
58600 61450 64100 63550 60900
58700 61425 64100 63550 60925
58800 61375 64100 63575 60950
58900 61375 64125 63550 60950
59000 61375 64125 63550 60950
59100 61375 64125 63550 60950
59200 61375 64125 63550 60950
59300 61375 64125 63550 60950
59400 61375 64125 63550 60950
59500 61375 64125 63550 60950
59600 61375 64125 63550 60950
59700 61400 64125 63525 60950
59800 61400 64125 63550 60925
59900 61425 64100 63550 60925
60000 61425 64125 63550 60900
60100 61425 64150 63550 60875
60200 61425 64125 63575 60875
60300 61450 64125 63550 60875
60400 61450 64125 63550 60875
60500 61450 64100 63550 60900
60600 61450 64125 63525 60900
60700 61450 64125 63525 60900
60800 61450 64125 63525 60900
60900 61450 64125 63550 60875
61000 61475 64125 63550 60850
61100 61475 64125 63550 60850
61200 61475 64125 63550 60850
61300 61475 64125 63550 60850
61400 61475 64125 63550 60850
61500 61475 64100 63575 60850
61600 61475 64100 63575 60850
61700 61475 64100 63575 60850
61800 61475 64075 63600 60850
61900 61475 64075 63600 60850
62000 61500 64050 63600 60850
62100 61500 64050 63600 60850
62200 61500 64050 63600 60850
62300 61500 64025 63600 60875
62400 61500 64025 63600 60875
62500 61500 64050 63600 60850
62600 61500 64050 63600 60850
62700 61500 64050 63600 60850
62800 61500 64050 63600 60850
62900 61500 64050 63600 60850
63000 61500 64050 63600 60850
63100 61500 64050 63600 60850
63200 61500 64050 63600 60850
63300 61525 64050 63575 60850
63400 61525 64050 63575 60850
63500 61475 64100 63575 60850
63600 61475 64100 63575 60850
63700 61475 64100 63575 60850
63800 61475 64100 63575 60850
63900 61500 64075 63550 60875
64000 61500 64075 63550 60875
64100 61500 64075 63550 60875
64200 61500 64075 63550 60875
64300 61500 64075 63550 60875
64400 61475 64100 63550 60875
64500 61475 64100 63550 60875
64600 61500 64125 63525 60850
64700 61500 64100 63525 60875
64800 61500 64100 63550 60850
64900 61500 64100 63550 60850
65000 61500 64100 63550 60850
65100 61500 64100 63550 60850
65200 61500 64100 63550 60850
65300 61525 64075 63525 60875
65400 61525 64075 63525 60875
65500 61525 64075 63525 60875
65600 61550 64075 63525 60850
65700 61550 64100 63500 60850
65800 61550 64100 63500 60850
65900 61550 64100 63500 60850
66000 61550 64100 63500 60850
66100 61550 64100 63500 60850
66200 61550 64100 63500 60850
66300 61550 64125 63475 60850
66400 61550 64125 63475 60850
66500 61575 64125 63450 60850
66600 61600 64125 63425 60850
66700 61600 64125 63425 60850
66800 61600 64125 63425 60850
66900 61600 64125 63425 60850
67000 61600 64125 63425 60850
67100 61600 64100 63450 60850
67200 61600 64100 63450 60850
67300 61600 64075 63475 60850
67400 61650 64075 63425 60850
67500 61625 64075 63450 60850
67600 61625 64050 63450 60875
67700 61600 64075 63450 60875
67800 61625 64050 63450 60875
67900 61625 64050 63450 60875
68000 61650 64050 63425 60875
68100 61675 64075 63400 60850
68200 61675 64050 63400 60875
68300 61675 64050 63400 60875
68400 61675 64025 63400 60900
68500 61700 64025 63375 60900
68600 61725 64025 63350 60900
68700 61725 64025 63350 60900
68800 61725 64025 63350 60900
68900 61750 64025 63300 60925
69000 61750 64000 63300 60950
69100 61800 63975 63250 60975
69200 61825 63975 63225 60975
69300 61850 63975 63225 60950
69400 61875 63950 63225 60950
69500 61875 63975 63225 60925
69600 61875 63950 63225 60950
69700 61875 63925 63225 60975
69800 61875 63925 63225 60975
69900 61875 63925 63225 60975
70000 61875 63875 63225 61025
70100 61850 63875 63250 61025
70200 61850 63850 63250 61050
70300 61850 63800 63250 61100
70400 61850 63750 63250 61150
70500 61850 63750 63250 61150
70600 61875 63750 63250 61125
70700 61900 63725 63275 61100
70800 61900 63725 63275 61100
70900 61900 63750 63225 61125
71000 61875 63750 63225 61150
71100 61875 63750 63225 61150
71200 61875 63775 63225 61125
71300 61875 63775 63225 61125
71400 61875 63775 63225 61125
71500 61875 63775 63225 61125
71600 61900 63800 63225 61075
71700 61900 63800 63225 61075
71800 61900 63800 63225 61075
71900 61900 63800 63225 61075
72000 61900 63800 63225 61075
72100 61900 63800 63225 61075
72200 61925 63800 63225 61050
72300 61900 63800 63225 61075
72400 61900 63825 63225 61050
72500 61900 63825 63250 61025
72600 61875 63825 63275 61025
72700 61900 63825 63250 61025
72800 61900 63825 63250 61025
72900 61900 63825 63250 61025
73000 61900 63850 63250 61000
73100 61900 63850 63250 61000
73200 61900 63850 63250 61000
73300 61900 63850 63250 61000
73400 61900 63875 63275 60950
73500 61900 63875 63275 60950
73600 61900 63875 63275 60950
73700 61900 63875 63275 60950
73800 61925 63900 63275 60900
73900 61925 63950 63250 60875
74000 61925 64025 63250 60800
74100 61925 64025 63250 60800
74200 61925 64025 63250 60800
74300 61950 64025 63250 60775
74400 61950 64025 63250 60775
74500 61950 64025 63250 60775
74600 61925 64025 63250 60800
74700 61925 64025 63250 60800
74800 61925 64025 63250 60800
74900 61925 64000 63250 60825
75000 61925 64000 63250 60825
75100 61900 64000 63275 60825
75200 61925 64000 63275 60800
75300 61900 63975 63300 60825
75400 61900 63975 63300 60825
75500 61900 64000 63250 60850
75600 61925 64000 63250 60825
75700 61900 64025 63250 60825
75800 61900 64050 63225 60825
75900 61900 64050 63225 60825
76000 61900 64050 63225 60825
76100 61900 64050 63225 60825
76200 61925 64050 63225 60800
76300 61925 64050 63225 60800
76400 61925 64050 63225 60800
76500 61900 64100 63200 60800
76600 61900 64100 63200 60800
76700 61900 64125 63175 60800
76800 61850 64125 63175 60850
76900 61850 64150 63175 60825
77000 61850 64150 63175 60825
77100 61850 64150 63175 60825
77200 61850 64150 63175 60825
77300 61850 64150 63175 60825
77400 61825 64150 63200 60825
77500 61825 64150 63200 60825
77600 61825 64150 63200 60825
77700 61825 64150 63200 60825
77800 61825 64150 63200 60825
77900 61825 64150 63200 60825
78000 61825 64150 63200 60825
78100 61825 64150 63200 60825
78200 61825 64150 63200 60825
78300 61825 64150 63200 60825
78400 61850 64150 63175 60825
78500 61850 64150 63175 60825
78600 61850 64150 63175 60825
78700 61850 64150 63175 60825
78800 61850 64150 63175 60825
78900 61850 64125 63175 60850
79000 61850 64125 63175 60850
79100 61850 64125 63175 60850
79200 61850 64125 63175 60850
79300 61850 64125 63175 60850
79400 61850 64125 63175 60850
79500 61850 64125 63175 60850
79600 61850 64125 63175 60850
79700 61825 64125 63200 60850
79800 61825 64125 63200 60850
79900 61825 64125 63200 60850
80000 61825 64125 63200 60850
80100 61825 64125 63200 60850
80200 61825 64125 63200 60850
80300 61825 64125 63200 60850
80400 61825 64125 63175 60875
80500 61825 64125 63175 60875
80600 61800 64125 63175 60900
80700 61800 64125 63175 60900
80800 61800 64100 63200 60900
80900 61825 64100 63200 60875
81000 61825 64100 63200 60875
81100 61825 64100 63200 60875
81200 61825 64100 63200 60875
81300 61825 64100 63200 60875
81400 61825 64100 63200 60875
81500 61825 64100 63200 60875
81600 61825 64100 63200 60875
81700 61825 64125 63200 60850
81800 61800 64125 63225 60850
81900 61800 64125 63225 60850
82000 61800 64125 63225 60850
82100 61800 64125 63225 60850
82200 61800 64125 63225 60850
82300 61800 64125 63225 60850
82400 61800 64100 63225 60875
82500 61800 64100 63225 60875
82600 61800 64100 63225 60875
82700 61800 64100 63225 60875
82800 61800 64100 63225 60875
82900 61825 64100 63200 60875
83000 61825 64100 63200 60875
83100 61825 64100 63200 60875
83200 61825 64100 63200 60875
83300 61825 64100 63200 60875
83400 61825 64100 63200 60875
83500 61825 64100 63200 60875
83600 61825 64100 63200 60875
83700 61800 64100 63225 60875
83800 61800 64100 63225 60875
83900 61800 64100 63225 60875
84000 61800 64100 63225 60875
84100 61800 64100 63225 60875
84200 61800 64100 63225 60875
84300 61800 64100 63225 60875
84400 61800 64075 63250 60875
84500 61800 64100 63225 60875
84600 61800 64100 63225 60875
84700 61800 64100 63225 60875
84800 61800 64100 63225 60875
84900 61800 64100 63225 60875
85000 61800 64100 63225 60875
85100 61800 64100 63225 60875
85200 61800 64100 63225 60875
85300 61800 64100 63225 60875
85400 61800 64100 63225 60875
85500 61775 64100 63250 60875
85600 61775 64075 63250 60900
85700 61775 64075 63250 60900
85800 61775 64075 63250 60900
85900 61775 64100 63250 60875
86000 61775 64100 63250 60875
86100 61775 64100 63250 60875
86200 61775 64100 63250 60875
86300 61775 64100 63250 60875
86400 61775 64100 63250 60875
86500 61775 64100 63250 60875
86600 61775 64075 63275 60875
86700 61775 64075 63275 60875
86800 61775 64050 63300 60875
86900 61775 64050 63300 60875
87000 61775 64050 63300 60875
87100 61775 64050 63300 60875
87200 61775 64050 63300 60875
87300 61775 64050 63300 60875
87400 61800 64050 63275 60875
87500 61800 64050 63275 60875
87600 61775 64050 63275 60900
87700 61775 64050 63275 60900
87800 61775 64050 63275 60900
87900 61775 64050 63275 60900
88000 61750 64025 63325 60900
88100 61750 64025 63325 60900
88200 61750 64000 63350 60900
88300 61750 64000 63350 60900
88400 61750 64000 63350 60900
88500 61750 64000 63350 60900
88600 61725 63975 63375 60925
88700 61725 63975 63350 60950
88800 61725 63950 63375 60950
88900 61725 63925 63400 60950
89000 61725 63925 63400 60950
89100 61725 63925 63400 60950
89200 61725 63925 63400 60950
89300 61725 63925 63400 60950
89400 61725 63925 63400 60950
89500 61725 63925 63400 60950
89600 61725 63950 63400 60925
89700 61725 63950 63400 60925
89800 61700 63950 63425 60925
89900 61700 63950 63425 60925
90000 61700 63950 63425 60925
90100 61675 63975 63425 60925
90200 61650 63975 63450 60925
90300 61650 64000 63425 60925
90400 61650 64000 63425 60925
90500 61650 64000 63425 60925
90600 61650 64000 63425 60925
90700 61650 64000 63425 60925
90800 61625 64000 63450 60925
90900 61625 64000 63450 60925
91000 61650 64000 63425 60925
91100 61650 64000 63425 60925
91200 61625 64000 63450 60925
91300 61625 64000 63450 60925
91400 61625 64000 63450 60925
91500 61625 63975 63450 60950
91600 61600 63975 63475 60950
91700 61600 63975 63475 60950
91800 61600 63975 63475 60950
91900 61600 63975 63475 60950
92000 61575 63975 63500 60950
92100 61575 63975 63500 60950
92200 61600 63975 63500 60925
92300 61575 63975 63525 60925
92400 61575 63975 63525 60925
92500 61575 63975 63525 60925
92600 61525 63975 63550 60950
92700 61525 63975 63550 60950
92800 61500 63975 63575 60950
92900 61500 63975 63600 60925
93000 61475 63975 63625 60925
93100 61475 63975 63625 60925
93200 61450 64000 63650 60900
93300 61425 64000 63675 60900
93400 61400 64000 63700 60900
93500 61350 64000 63750 60900
93600 61350 64000 63750 60900
93700 61350 64000 63750 60900
93800 61350 64000 63750 60900
93900 61350 64000 63750 60900
94000 61350 64000 63750 60900
94100 61350 64000 63750 60900
94200 61350 64000 63750 60900
94300 61350 64000 63725 60925
94400 61350 64000 63725 60925
94500 61350 64000 63725 60925
94600 61375 64000 63725 60900
94700 61375 64000 63725 60900
94800 61400 64000 63700 60900
94900 61400 64000 63700 60900
95000 61400 64000 63700 60900
95100 61400 64000 63700 60900
95200 61400 64000 63700 60900
95300 61400 64000 63700 60900
95400 61400 64000 63700 60900
95500 61400 64000 63700 60900
95600 61400 64000 63700 60900
95700 61400 64000 63700 60900
95800 61425 64000 63700 60875
95900 61425 64000 63700 60875
96000 61425 64000 63700 60875
96100 61425 64000 63700 60875
96200 61400 64000 63700 60900
96300 61400 64000 63700 60900
96400 61400 64000 63700 60900
96500 61400 64000 63700 60900
96600 61400 64025 63675 60900
96700 61400 64025 63675 60900
96800 61400 64025 63675 60900
96900 61400 64025 63675 60900
97000 61400 64000 63675 60925
97100 61400 64025 63650 60925
97200 61400 64025 63650 60925
97300 61425 64025 63650 60900
97400 61425 64025 63650 60900
97500 61425 64025 63650 60900
97600 61400 64025 63650 60925
97700 61400 64025 63650 60925
97800 61400 64025 63675 60900
97900 61400 64025 63675 60900
98000 61400 64025 63675 60900
98100 61400 64025 63675 60900
98200 61375 64025 63700 60900
98300 61400 64025 63700 60875
98400 61400 64025 63700 60875
98500 61375 64025 63725 60875
98600 61400 64025 63700 60875
98700 61400 64025 63700 60875
98800 61400 64025 63700 60875
98900 61400 64025 63700 60875
99000 61400 64050 63675 60875
99100 61400 64050 63675 60875
99200 61400 64050 63675 60875
99300 61400 64050 63675 60875
99400 61400 64050 63675 60875
99500 61400 64050 63675 60875
99600 61400 64025 63675 60900
99700 61400 64025 63675 60900
99800 61400 64050 63675 60875
99900 61400 64050 63650 60900
100000 61425 64050 63650 60875
