# Step gr0 gr1 gr2 gr3 
500 59575 16450 57975 82425
600 59650 16400 58050 82375
700 59900 16400 58100 82350
800 60000 16350 58200 82375
900 60125 16300 58225 82425
1000 60225 16225 58300 82425
1100 60375 16250 58325 82400
1200 60400 16150 58325 82375
1300 60525 16150 58350 82375
1400 60575 16075 58375 82375
1500 60650 16125 58375 82375
1600 60700 16050 58450 82400
1700 60750 16050 58550 82450
1800 60825 16000 58550 82450
1900 60925 16000 58525 82450
2000 60950 15975 58525 82450
2100 61050 15975 58525 82475
2200 61100 15975 58600 82475
2300 61125 15975 58600 82475
2400 61175 16000 58625 82475
2500 61225 16000 58650 82550
2600 61250 15950 58700 82550
2700 61325 15950 58700 82550
2800 61300 15900 58750 82550
2900 61375 15925 58750 82550
3000 61525 15875 58800 82575
3100 61600 15750 58800 82575
3200 61675 15750 58825 82575
3300 61750 15750 58775 82575
3400 61775 15750 58750 82600
3500 61775 15700 58725 82650
3600 61800 15675 58750 82625
3700 61800 15675 58725 82675
3800 61800 15675 58750 82725
3900 61825 15675 58750 82725
4000 61825 15700 58775 82675
4100 61850 15700 58775 82675
4200 61875 15700 58800 82675
4300 61875 15675 58800 82700
4400 61850 15625 58825 82700
4500 61900 15625 58775 82700
4600 61800 15600 58775 82675
4700 61825 15625 58775 82700
4800 61825 15600 58750 82700
4900 61875 15600 58750 82750
5000 61925 15575 58800 82750
5100 61925 15600 58800 82750
5200 61925 15625 58800 82750
5300 61925 15600 58800 82750
5400 62025 15575 58825 82750
5500 62025 15550 58775 82750
5600 62050 15575 58750 82775
5700 62075 15500 58725 82775
5800 62100 15550 58725 82775
5900 62125 15550 58725 82800
6000 62125 15550 58725 82800
6100 62125 15525 58675 82800
6200 62100 15550 58675 82800
6300 62100 15550 58650 82775
6400 62100 15575 58675 82775
6500 62100 15625 58675 82775
6600 62100 15725 58675 82775
6700 62100 15700 58700 82775
6800 62125 15700 58600 82775
6900 62125 15675 58575 82750
7000 62150 15625 58575 82725
7100 62150 15600 58525 82725
7200 62150 15600 58525 82725
7300 62175 15600 58550 82725
7400 62200 15600 58550 82700
7500 62225 15550 58550 82650
7600 62250 15550 58550 82625
7700 62250 15525 58550 82675
7800 62250 15525 58550 82675
7900 62250 15525 58550 82675
8000 62300 15525 58525 82675
8100 62325 15475 58525 82675
8200 62325 15475 58525 82675
8300 62375 15475 58550 82675
8400 62400 15450 58550 82700
8500 62425 15450 58500 82725
8600 62425 15425 58500 82725
8700 62425 15400 58525 82725
8800 62425 15375 58525 82725
8900 62425 15350 58500 82800
9000 62425 15350 58500 82800
9100 62425 15300 58525 82800
9200 62450 15300 58525 82800
9300 62425 15300 58425 82850
9400 62450 15300 58375 82850
9500 62450 15275 58350 82850
9600 62450 15275 58300 82900
9700 62475 15275 58300 82900
9800 62500 15275 58275 82925
9900 62500 15275 58275 82950
10000 62500 15275 58225 82975
10100 62500 15250 58200 83025
10200 62500 15250 58175 83050
10300 62400 15225 58200 83100
10400 62400 15225 58175 83125
10500 62450 15200 58150 83125
10600 62450 15175 58150 83125
10700 62450 15175 58125 83125
10800 62450 15175 58100 83100
10900 62400 15125 58025 83125
11000 62425 15100 57950 83125
11100 62425 15100 57900 83125
11200 62425 15100 57800 83150
11300 62425 15050 57650 83150
11400 62450 15050 57425 83125
11500 62450 15050 57225 83125
11600 62450 15050 57225 83100
11700 62450 15050 57225 83100
11800 62475 15050 57225 83125
11900 62475 15025 57225 83150
12000 62475 15000 57225 83150
12100 62475 15000 57225 83150
12200 62475 14975 57200 83150
12300 62500 14950 57250 83125
12400 62500 14950 57225 83125
12500 62525 14950 57275 83100
12600 62525 14950 57250 83100
12700 62525 14900 57250 83100
12800 62525 14900 57275 83100
12900 62525 14875 57275 83100
13000 62525 14875 57250 83075
13100 62525 14875 57250 83075
13200 62525 14875 57250 83075
13300 62525 14875 57250 83050
13400 62525 14875 57250 83100
13500 62525 14875 57250 83100
13600 62525 14875 57250 83100
13700 62525 14875 57250 83125
13800 62525 14875 57250 83150
13900 62550 14875 57225 83150
14000 62550 14850 57225 83175
14100 62525 14850 57175 83175
14200 62525 14850 57175 83175
14300 62475 14850 57150 83175
14400 62475 14850 57125 83175
14500 62475 14850 57125 83150
14600 62475 14850 57125 83125
14700 62475 14850 57150 83125
14800 62475 14850 57150 83125
14900 62475 14825 57100 83075
15000 62525 14825 57100 83050
15100 62550 14800 57100 83050
15200 62550 14800 57150 83025
15300 62575 14800 57150 83025
15400 62575 14800 57150 83000
15500 62575 14800 57150 83000
15600 62600 14800 57175 83000
15700 62600 14750 57175 82975
15800 62600 14750 57175 82975
15900 62600 14725 57175 82975
16000 62600 14725 57175 82950
16100 62600 14725 57175 82950
16200 62625 14725 57175 82950
16300 62650 14725 57175 82950
16400 62675 14700 57200 82950
16500 62700 14700 57200 82950
16600 62700 14675 57175 82925
16700 62700 14675 57150 82925
16800 62700 14675 57150 82925
16900 62675 14675 57150 82900
17000 62675 14650 57150 82900
17100 62700 14650 57150 82950
17200 62675 14650 57150 82950
17300 62700 14650 57150 82950
17400 62700 14650 57175 82950
17500 62725 14625 57175 82925
17600 62725 14625 57175 82925
17700 62725 14625 57175 82925
17800 62725 14625 57175 82925
17900 62725 14625 57175 82900
18000 62750 14625 57175 82875
18100 62750 14625 57200 82875
18200 62775 14575 57200 82875
18300 62775 14575 57200 82850
18400 62775 14575 57200 82875
18500 62775 14550 57225 82875
18600 62800 14550 57225 82850
18700 62800 14550 57225 82825
18800 62825 14550 57225 82800
18900 62825 14550 57250 82750
19000 62825 14550 57250 82775
19100 62850 14550 57250 82775
19200 62850 14550 57250 82775
19300 62850 14550 57225 82775
19400 62875 14550 57225 82775
19500 62875 14550 57225 82825
19600 62875 14550 57225 82850
19700 62875 14550 57225 82850
19800 62875 14550 57225 82850
19900 62875 14550 57200 82875
20000 62875 14550 57200 82875
20100 62875 14525 57200 82875
20200 62900 14525 57200 82875
20300 62900 14525 57200 82900
20400 62900 14525 57225 82900
20500 62925 14525 57225 82900
20600 62925 14525 57225 82875
20700 62950 14525 57250 82900
20800 62950 14525 57250 82925
20900 62950 14500 57250 82925
21000 62950 14475 57250 82925
21100 62950 14475 57250 82925
21200 62950 14475 57225 82950
21300 62950 14475 57250 82975
21400 63000 14475 57250 83025
21500 63000 14475 57250 83025
21600 63000 14475 57250 83025
21700 63000 14475 57250 83025
21800 63000 14475 57250 83025
21900 63000 14425 57250 83025
22000 63000 14400 57250 83025
22100 63000 14400 57250 83025
22200 63000 14400 57250 83000
22300 62975 14400 57275 83025
22400 62975 14400 57300 83025
22500 62975 14400 57275 83050
22600 62975 14400 57275 83050
22700 62975 14375 57250 83050
22800 62975 14375 57250 83050
22900 63000 14375 57250 83050
23000 63000 14375 57250 83050
23100 63000 14375 57250 83050
23200 63025 14375 57225 83050
23300 63025 14375 57225 83075
23400 63025 14375 57225 83075
23500 63050 14375 57225 83075
23600 63050 14375 57200 83075
23700 63050 14350 57200 83050
23800 63050 14325 57225 83050
23900 63050 14325 57200 83050
24000 63050 14325 57200 83025
24100 63050 14325 57200 83025
24200 63050 14325 57175 83025
24300 63050 14325 57175 83025
24400 63050 14325 57175 83025
24500 63050 14325 57175 83025
24600 63050 14325 57175 83025
24700 63050 14325 57175 83000
24800 63050 14325 57150 83000
24900 63050 14325 57150 82975
25000 63050 14300 57175 82975
25100 63050 14300 57175 82975
25200 63050 14300 57175 82975
25300 63025 14275 57175 82925
25400 63000 14250 57200 82925
25500 63000 14250 57200 82925
25600 63000 14250 57225 82925
25700 63000 14250 57200 82925
25800 63000 14225 57200 82925
25900 62975 14225 57150 82925
26000 62975 14225 57150 82925
26100 62975 14225 57150 82875
26200 62950 14225 57125 82875
26300 62950 14200 57125 82875
26400 62950 14175 57125 82875
26500 62950 14175 57125 82875
26600 62950 14175 57125 82875
26700 62950 14175 57125 82875
26800 62950 14175 57125 82875
26900 62950 14175 57125 82900
27000 62975 14175 57125 82875
27100 62975 14175 57125 82825
27200 62925 14175 57125 82800
27300 62925 14175 57125 82800
27400 62925 14150 57125 82800
27500 62925 14150 57125 82800
27600 62925 14150 57075 82825
27700 62925 14150 57075 82825
27800 62925 14125 57075 82825
27900 62900 14125 57075 82825
28000 62875 14125 57075 82825
28100 62825 14125 57075 82825
28200 62825 14125 57075 82825
28300 62825 14125 57050 82825
28400 62825 14125 57025 82825
28500 62825 14125 57050 82825
28600 62850 14125 57050 82825
28700 62850 14125 57050 82825
28800 62875 14125 57075 82825
28900 62875 14125 57075 82825
29000 62875 14125 57075 82825
29100 62875 14125 57075 82825
29200 62875 14125 57075 82825
29300 62875 14125 57075 82825
29400 62875 14100 57075 82825
29500 62875 14100 57075 82825
29600 62875 14100 57075 82850
29700 62875 14100 57075 82850
29800 62875 14100 57075 82850
29900 62875 14100 57075 82850
30000 62875 14100 57075 82850
30100 62875 14100 57075 82850
30200 62875 14075 57075 82850
30300 62875 14075 57075 82850
30400 62875 14050 57075 82875
30500 62875 14050 57075 82875
30600 62875 14050 57075 82850
30700 62900 14050 57075 82850
30800 62900 14075 57075 82850
30900 62925 14075 57100 82850
31000 62950 14050 57100 82850
31100 62950 14050 57100 82900
31200 62950 14075 57100 82900
31300 62950 14075 57100 82900
31400 62950 14050 57100 82900
31500 62950 14050 57100 82900
31600 62950 14050 57100 82900
31700 62950 14050 57100 82900
31800 62950 14050 57100 82900
31900 62950 14050 57100 82900
32000 62950 14050 57125 82900
32100 62950 14050 57125 82900
32200 62950 14050 57125 82875
32300 62950 14050 57125 82875
32400 62950 14050 57125 82875
32500 62950 14050 57125 82875
32600 62950 14050 57125 82875
32700 62975 14050 57125 82850
32800 62975 14025 57125 82850
32900 62975 14000 57125 82900
33000 62975 14000 57125 82900
33100 62975 14000 57125 82900
33200 62975 14000 57125 82900
33300 62975 14000 57125 82900
33400 62975 14025 57125 82900
33500 62975 14025 57125 82900
33600 62975 14025 57125 82900
33700 62975 14025 57125 82925
33800 62975 14025 57150 82925
33900 62975 14025 57150 82925
34000 62975 14025 57175 82950
34100 62975 14025 57175 82950
34200 62975 14025 57175 82950
34300 62975 14025 57175 82975
34400 62975 14025 57175 82975
34500 62975 14025 57175 82975
34600 62975 14025 57175 82975
34700 62975 14050 57175 82975
34800 62975 14050 57175 82975
34900 62975 14050 57150 82975
35000 62975 14050 57150 82975
35100 63000 14050 57150 83000
35200 63000 14050 57150 83100
35300 63025 14075 57150 83125
35400 63025 14075 57150 83125
35500 63025 14075 57150 83150
35600 63050 14075 57150 83150
35700 63050 14075 57150 83150
35800 63050 14075 57150 83150
35900 63050 14075 57150 83150
36000 63050 14075 57150 83150
36100 63050 14075 57150 83150
36200 63050 14075 57150 83150
36300 63050 14075 57150 83150
36400 63050 14075 57150 83150
36500 63075 14075 57150 83150
36600 63075 14075 57175 83150
36700 63100 14075 57175 83175
36800 63125 14075 57175 83175
36900 63125 14100 57175 83175
37000 63150 14100 57150 83175
37100 63150 14075 57150 83175
37200 63175 14100 57150 83175
37300 63225 14100 57150 83200
37400 63250 14100 57150 83200
37500 63250 14100 57150 83200
37600 63275 14100 57175 83175
37700 63275 14100 57225 83175
37800 63275 14100 57250 83175
37900 63300 14100 57250 83175
38000 63325 14100 57250 83175
38100 63325 14100 57250 83150
38200 63325 14100 57250 83175
38300 63325 14100 57250 83175
38400 63325 14100 57250 83175
38500 63325 14100 57250 83200
38600 63325 14100 57275 83200
38700 63325 14100 57275 83200
38800 63325 14100 57300 83225
38900 63325 14100 57275 83250
39000 63325 14100 57275 83275
39100 63325 14100 57275 83300
39200 63300 14100 57300 83300
39300 63300 14100 57300 83275
39400 63300 14100 57300 83275
39500 63300 14100 57300 83275
39600 63300 14100 57300 83325
39700 63300 14100 57300 83300
39800 63300 14100 57300 83350
39900 63300 14100 57300 83350
40000 63300 14100 57300 83350
40100 63300 14100 57300 83350
40200 63300 14100 57300 83375
40300 63325 14100 57300 83400
40400 63325 14100 57300 83425
40500 63325 14100 57300 83450
40600 63325 14100 57300 83450
40700 63325 14100 57300 83475
40800 63325 14100 57300 83475
40900 63325 14100 57300 83475
41000 63325 14075 57300 83475
41100 63325 14050 57300 83475
41200 63325 14050 57300 83475
41300 63300 14050 57300 83475
41400 63300 14050 57300 83475
41500 63300 14050 57300 83450
41600 63300 14050 57300 83475
41700 63300 14050 57275 83475
41800 63275 14050 57250 83475
41900 63275 14050 57250 83475
42000 63275 14050 57250 83475
42100 63275 14050 57250 83475
42200 63275 14050 57250 83475
42300 63275 14050 57250 83500
42400 63300 14050 57275 83525
42500 63325 14025 57275 83525
42600 63325 14025 57275 83550
42700 63325 14000 57275 83550
42800 63325 14000 57275 83575
42900 63325 14000 57275 83575
43000 63325 14025 57275 83575
43100 63325 14025 57275 83575
43200 63325 14025 57275 83575
43300 63325 14025 57275 83575
43400 63325 14025 57275 83575
43500 63325 14025 57325 83575
43600 63325 14025 57325 83575
43700 63325 14025 57325 83600
43800 63325 14025 57325 83575
43900 63325 14025 57325 83575
44000 63325 14025 57325 83550
44100 63325 14025 57325 83550
44200 63325 14025 57325 83550
44300 63325 14025 57300 83550
44400 63325 14025 57300 83550
44500 63350 14025 57300 83550
44600 63350 14025 57300 83550
44700 63350 14025 57300 83550
44800 63350 14025 57300 83550
44900 63350 14025 57300 83525
45000 63350 14025 57300 83500
45100 63350 14025 57300 83500
45200 63350 14025 57300 83500
45300 63350 14025 57275 83500
45400 63350 14000 57275 83500
45500 63350 14000 57275 83500
45600 63350 14000 57275 83500
45700 63350 14000 57275 83500
45800 63350 13975 57275 83500
45900 63350 13975 57275 83500
46000 63350 13975 57275 83500
46100 63350 13975 57275 83500
46200 63350 13975 57275 83500
46300 63350 13975 57275 83475
46400 63375 13975 57275 83475
46500 63375 13950 57275 83475
46600 63375 13950 57275 83475
46700 63375 13925 57275 83475
46800 63375 13925 57250 83475
46900 63375 13925 57275 83475
47000 63375 13925 57275 83475
47100 63375 13925 57275 83475
47200 63375 13925 57275 83475
47300 63375 13900 57275 83475
47400 63375 13900 57300 83450
47500 63375 13900 57300 83450
47600 63375 13900 57300 83425
47700 63375 13875 57300 83425
47800 63400 13875 57300 83425
47900 63400 13850 57300 83425
48000 63400 13850 57300 83425
48100 63400 13850 57300 83425
48200 63400 13825 57300 83425
48300 63400 13800 57300 83425
48400 63400 13800 57300 83425
48500 63400 13800 57300 83400
48600 63400 13800 57300 83400
48700 63400 13800 57300 83400
48800 63375 13800 57300 83400
48900 63375 13800 57275 83425
49000 63375 13800 57300 83425
49100 63375 13800 57300 83425
49200 63375 13800 57300 83425
49300 63375 13800 57275 83425
49400 63375 13800 57275 83425
49500 63375 13800 57275 83425
49600 63375 13800 57275 83425
49700 63375 13825 57250 83425
49800 63375 13825 57250 83425
49900 63375 13825 57250 83425
50000 63375 13825 57250 83425
50100 63375 13825 57250 83425
50200 63375 13825 57250 83400
50300 63375 13825 57250 83400
50400 63350 13825 57250 83400
50500 63350 13825 57250 83400
50600 63350 13825 57250 83400
50700 63350 13825 57250 83400
50800 63350 13825 57250 83400
50900 63350 13825 57250 83400
51000 63350 13825 57250 83400
51100 63350 13825 57250 83400
51200 63350 13825 57250 83400
51300 63350 13800 57250 83400
51400 63350 13800 57250 83375
51500 63350 13800 57250 83375
51600 63350 13800 57250 83350
51700 63350 13800 57250 83350
51800 63350 13800 57250 83350
51900 63350 13800 57250 83350
52000 63350 13800 57250 83350
52100 63350 13800 57225 83350
52200 63350 13800 57225 83375
52300 63350 13800 57225 83375
52400 63350 13800 57225 83350
52500 63350 13775 57225 83375
52600 63350 13775 57225 83350
52700 63325 13725 57225 83325
52800 63325 13725 57200 83325
52900 63325 13700 57200 83350
53000 63325 13700 57200 83350
53100 63325 13700 57225 83350
53200 63325 13700 57225 83350
53300 63325 13700 57225 83350
53400 63350 13700 57225 83325
53500 63350 13700 57200 83300
53600 63350 13700 57200 83300
53700 63350 13700 57200 83300
53800 63350 13700 57200 83300
53900 63350 13700 57200 83300
54000 63350 13700 57200 83275
54100 63350 13700 57200 83275
54200 63350 13700 57200 83275
54300 63350 13700 57200 83275
54400 63350 13700 57200 83250
54500 63350 13700 57200 83225
54600 63325 13700 57200 83225
54700 63325 13700 57200 83225
54800 63325 13700 57200 83200
54900 63325 13700 57200 83200
55000 63325 13675 57200 83200
55100 63325 13675 57200 83175
55200 63325 13675 57200 83150
55300 63325 13675 57200 83125
55400 63325 13675 57200 83075
55500 63325 13650 57200 83025
55600 63325 13650 57200 82975
55700 63325 13650 57200 82900
55800 63325 13650 57200 82850
55900 63325 13650 57200 82850
56000 63325 13650 57175 82850
56100 63325 13650 57175 82850
56200 63300 13650 57175 82850
56300 63300 13650 57175 82850
56400 63300 13650 57175 82850
56500 63300 13650 57175 82850
56600 63300 13650 57175 82850
56700 63300 13650 57175 82850
56800 63300 13650 57175 82850
56900 63300 13650 57175 82850
57000 63300 13650 57175 82850
57100 63300 13650 57175 82825
57200 63300 13650 57150 82825
57300 63300 13650 57150 82825
57400 63300 13650 57125 82825
57500 63300 13650 57125 82825
57600 63300 13650 57125 82825
57700 63300 13650 57125 82825
57800 63300 13650 57125 82850
57900 63300 13650 57125 82875
58000 63300 13650 57125 82875
58100 63325 13650 57125 82875
58200 63325 13650 57125 82875
58300 63325 13650 57125 82875
58400 63325 13650 57150 82875
58500 63325 13650 57150 82875
58600 63300 13650 57150 82875
58700 63300 13650 57150 82875
58800 63300 13650 57150 82850
58900 63300 13650 57150 82850
59000 63300 13650 57150 82850
59100 63300 13650 57150 82850
59200 63300 13650 57150 82850
59300 63300 13650 57150 82850
59400 63300 13650 57150 82850
59500 63300 13650 57150 82850
59600 63300 13625 57150 82850
59700 63300 13625 57150 82850
59800 63300 13625 57150 82850
59900 63300 13625 57150 82850
60000 63300 13625 57150 82850
60100 63300 13625 57150 82850
60200 63300 13625 57150 82850
60300 63275 13625 57150 82850
60400 63275 13625 57150 82850
60500 63275 13625 57150 82850
60600 63275 13625 57150 82850
60700 63275 13625 57150 82850
60800 63275 13625 57150 82825
60900 63275 13625 57175 82825
61000 63275 13625 57175 82825
61100 63275 13625 57175 82825
61200 63275 13625 57175 82825
61300 63300 13625 57175 82825
61400 63300 13625 57175 82800
61500 63300 13625 57175 82800
61600 63300 13625 57175 82800
61700 63300 13625 57175 82800
61800 63300 13625 57175 82800
61900 63300 13625 57175 82800
62000 63300 13625 57175 82800
62100 63300 13625 57175 82800
62200 63300 13625 57175 82800
62300 63325 13600 57125 82800
62400 63325 13600 57125 82800
62500 63325 13600 57125 82800
62600 63325 13600 57125 82800
62700 63325 13600 57125 82800
62800 63325 13600 57100 82800
62900 63325 13600 57100 82800
63000 63325 13600 57100 82800
63100 63325 13600 57100 82800
63200 63350 13600 57100 82800
63300 63350 13600 57100 82800
63400 63350 13600 57100 82800
63500 63350 13600 57075 82800
63600 63325 13600 57075 82800
63700 63325 13600 57075 82800
63800 63325 13600 57075 82825
63900 63325 13600 57075 82825
64000 63325 13600 57075 82825
64100 63325 13600 57075 82800
64200 63325 13600 57075 82800
64300 63325 13600 57075 82800
64400 63350 13600 57075 82800
64500 63350 13600 57075 82825
64600 63375 13600 57075 82825
64700 63375 13600 57075 82800
64800 63400 13600 57075 82800
64900 63400 13600 57075 82800
65000 63400 13600 57075 82800
65100 63400 13600 57075 82800
65200 63400 13600 57075 82800
65300 63400 13600 57075 82800
65400 63400 13600 57075 82800
65500 63400 13600 57075 82800
65600 63400 13600 57075 82800
65700 63400 13600 57075 82800
65800 63400 13600 57075 82800
65900 63400 13600 57075 82800
66000 63400 13600 57075 82800
66100 63400 13575 57075 82800
66200 63400 13575 57075 82800
66300 63400 13575 57075 82800
66400 63375 13575 57075 82800
66500 63375 13575 57075 82825
66600 63375 13575 57075 82825
66700 63375 13575 57075 82825
66800 63375 13550 57075 82825
66900 63375 13550 57075 82825
67000 63375 13550 57075 82825
67100 63375 13550 57075 82825
67200 63400 13550 57075 82800
67300 63400 13550 57075 82800
67400 63400 13550 57075 82800
67500 63400 13550 57075 82800
67600 63425 13550 57075 82800
67700 63425 13550 57075 82800
67800 63425 13550 57075 82800
67900 63425 13550 57075 82800
68000 63425 13550 57100 82800
68100 63425 13550 57100 82800
68200 63425 13550 57100 82800
68300 63425 13550 57100 82800
68400 63425 13550 57100 82800
68500 63425 13550 57075 82800
68600 63425 13550 57075 82800
68700 63425 13550 57075 82775
68800 63425 13550 57075 82775
68900 63425 13550 57075 82775
69000 63425 13550 57075 82775
69100 63425 13525 57075 82775
69200 63425 13525 57075 82775
69300 63425 13525 57075 82775
69400 63425 13525 57075 82775
69500 63425 13525 57075 82775
69600 63425 13525 57075 82775
69700 63425 13525 57075 82775
69800 63425 13525 57075 82775
69900 63425 13525 57075 82775
70000 63425 13525 57075 82775
70100 63425 13525 57075 82775
70200 63450 13525 57100 82775
70300 63450 13525 57100 82775
70400 63450 13525 57100 82775
70500 63450 13525 57100 82775
70600 63450 13525 57100 82775
70700 63450 13525 57100 82775
70800 63450 13525 57100 82775
70900 63450 13525 57100 82775
71000 63450 13525 57100 82775
71100 63475 13525 57100 82775
71200 63475 13525 57100 82775
71300 63475 13525 57100 82775
71400 63475 13525 57075 82775
71500 63475 13525 57075 82775
71600 63475 13525 57075 82800
71700 63475 13525 57075 82800
71800 63475 13500 57075 82800
71900 63475 13500 57075 82800
72000 63475 13500 57075 82800
72100 63475 13500 57075 82800
72200 63475 13500 57075 82800
72300 63475 13500 57075 82800
72400 63475 13500 57075 82800
72500 63475 13500 57075 82800
72600 63475 13500 57075 82800
72700 63475 13500 57075 82800
72800 63450 13500 57050 82800
72900 63450 13500 57050 82825
73000 63450 13500 57050 82825
73100 63450 13500 57050 82825
73200 63450 13500 57050 82825
73300 63450 13500 57075 82825
73400 63450 13500 57075 82825
73500 63450 13500 57075 82825
73600 63450 13500 57075 82825
73700 63450 13500 57075 82825
73800 63450 13500 57075 82825
73900 63450 13500 57075 82850
74000 63450 13500 57075 82850
74100 63450 13500 57075 82825
74200 63475 13500 57075 82825
74300 63475 13500 57075 82825
74400 63475 13500 57075 82825
74500 63475 13500 57075 82825
74600 63475 13500 57075 82825
74700 63475 13500 57075 82825
74800 63475 13500 57075 82825
74900 63475 13500 57075 82825
75000 63475 13500 57075 82825
75100 63475 13500 57075 82800
75200 63475 13500 57075 82800
75300 63475 13500 57075 82800
75400 63475 13475 57075 82800
75500 63475 13475 57075 82800
75600 63475 13475 57075 82800
75700 63475 13450 57075 82800
75800 63475 13450 57075 82800
75900 63475 13450 57075 82800
76000 63475 13450 57075 82800
76100 63475 13450 57075 82800
76200 63475 13450 57075 82800
76300 63475 13450 57075 82800
76400 63475 13450 57075 82800
76500 63475 13450 57075 82800
76600 63475 13450 57075 82800
76700 63475 13450 57075 82800
76800 63475 13450 57075 82800
76900 63475 13450 57075 82800
77000 63475 13450 57075 82800
77100 63475 13450 57075 82800
77200 63475 13450 57075 82750
77300 63475 13450 57075 82750
77400 63475 13450 57075 82750
77500 63475 13450 57075 82750
77600 63475 13450 57075 82750
77700 63475 13450 57075 82750
77800 63500 13450 57075 82750
77900 63500 13450 57075 82775
78000 63500 13425 57075 82775
78100 63500 13425 57075 82775
78200 63500 13425 57075 82775
78300 63500 13425 57075 82775
78400 63525 13425 57075 82775
78500 63525 13425 57075 82775
78600 63525 13425 57075 82775
78700 63525 13425 57075 82775
78800 63525 13425 57075 82775
78900 63525 13425 57050 82775
79000 63525 13425 57050 82775
79100 63525 13425 57050 82775
79200 63525 13425 57050 82775
79300 63525 13400 57050 82775
79400 63525 13400 57050 82775
79500 63525 13400 57050 82775
79600 63525 13400 57050 82775
79700 63525 13400 57050 82775
79800 63525 13400 57050 82775
79900 63525 13400 57050 82775
80000 63525 13400 57050 82775
80100 63525 13400 57050 82775
80200 63525 13400 57050 82775
80300 63525 13400 57050 82775
80400 63525 13400 57050 82775
80500 63525 13400 57050 82775
80600 63525 13400 57025 82775
80700 63525 13400 57025 82800
80800 63525 13400 57025 82800
80900 63525 13400 57025 82800
81000 63525 13400 57025 82800
81100 63525 13400 57025 82800
81200 63525 13400 57025 82800
81300 63525 13400 57025 82800
81400 63525 13400 57025 82800
81500 63525 13400 57025 82800
81600 63500 13400 57025 82800
81700 63500 13400 57025 82800
81800 63500 13400 57025 82800
81900 63500 13400 57025 82800
82000 63500 13400 57025 82800
82100 63500 13400 57025 82800
82200 63500 13400 57025 82800
82300 63500 13400 57025 82800
82400 63500 13400 57025 82800
82500 63500 13400 57000 82800
82600 63500 13400 57000 82800
82700 63500 13400 57000 82800
82800 63500 13400 57000 82800
82900 63500 13400 57000 82800
83000 63500 13400 57000 82800
83100 63500 13400 57000 82800
83200 63500 13400 57000 82800
83300 63500 13400 57000 82800
83400 63500 13400 57000 82800
83500 63500 13400 57000 82800
83600 63500 13400 57000 82800
83700 63500 13400 57000 82800
83800 63500 13400 57000 82800
83900 63500 13400 57000 82800
84000 63500 13400 57000 82800
84100 63500 13375 57000 82800
84200 63525 13375 57000 82800
84300 63525 13375 57000 82800
84400 63525 13375 57000 82800
84500 63525 13375 57000 82800
84600 63525 13375 57000 82800
84700 63525 13375 57000 82800
84800 63525 13375 57025 82825
84900 63525 13375 57025 82825
85000 63525 13375 57025 82825
85100 63525 13375 57025 82825
85200 63525 13375 57025 82825
85300 63525 13375 57025 82825
85400 63525 13375 57025 82825
85500 63525 13375 57025 82825
85600 63525 13375 57025 82825
85700 63525 13375 57025 82825
85800 63525 13375 57025 82825
85900 63525 13375 57025 82825
86000 63525 13375 57025 82825
86100 63525 13375 57025 82825
86200 63525 13375 57025 82825
86300 63525 13375 57025 82850
86400 63525 13375 57025 82850
86500 63525 13375 57025 82850
86600 63525 13375 57025 82850
86700 63525 13375 57025 82850
86800 63525 13375 57025 82850
86900 63525 13375 57025 82825
87000 63525 13375 57025 82825
87100 63525 13375 57025 82825
87200 63525 13375 57025 82825
87300 63525 13375 57025 82825
87400 63550 13375 57025 82825
87500 63550 13375 57025 82825
87600 63550 13375 57025 82825
87700 63550 13375 57025 82825
87800 63550 13375 57025 82825
87900 63550 13375 57025 82825
88000 63550 13375 57025 82825
88100 63550 13375 57025 82825
88200 63550 13375 57025 82825
88300 63550 13375 57025 82825
88400 63550 13375 57025 82825
88500 63550 13350 57025 82825
88600 63550 13350 57025 82825
88700 63550 13350 57025 82825
88800 63550 13350 57025 82825
88900 63550 13350 57025 82825
89000 63550 13350 57025 82825
89100 63550 13350 57025 82825
89200 63550 13325 57025 82800
89300 63550 13325 57025 82800
89400 63550 13325 57000 82800
89500 63550 13325 57000 82800
89600 63550 13325 57000 82800
89700 63550 13325 57000 82800
89800 63550 13325 57000 82800
89900 63550 13325 57000 82800
90000 63550 13325 57000 82800
90100 63550 13325 57000 82800
90200 63550 13325 57000 82800
90300 63550 13325 57000 82800
90400 63550 13325 57000 82800
90500 63550 13325 57000 82800
90600 63550 13325 57000 82800
90700 63550 13325 57000 82800
90800 63550 13325 57000 82800
90900 63550 13325 57000 82800
91000 63550 13325 57000 82800
91100 63550 13325 57000 82825
91200 63550 13325 57000 82825
91300 63575 13325 57000 82825
91400 63575 13325 57000 82825
91500 63575 13325 57000 82825
91600 63575 13325 57000 82825
91700 63575 13325 57000 82825
91800 63575 13325 57000 82825
91900 63575 13325 57000 82825
92000 63575 13325 57000 82825
92100 63575 13325 57000 82825
92200 63575 13325 57000 82825
92300 63575 13325 57000 82825
92400 63575 13325 57000 82825
92500 63575 13325 57000 82825
92600 63575 13325 57000 82850
92700 63575 13325 57000 82850
92800 63575 13325 57000 82850
92900 63575 13325 57000 82850
93000 63575 13325 57000 82850
93100 63575 13325 57000 82850
93200 63575 13325 57000 82850
93300 63575 13325 57000 82850
93400 63575 13325 57000 82850
93500 63575 13325 57000 82850
93600 63575 13325 57000 82850
93700 63575 13325 57000 82850
93800 63575 13325 57000 82850
93900 63575 13325 57000 82850
94000 63575 13325 57000 82850
94100 63575 13325 57000 82850
94200 63575 13300 57000 82850
94300 63575 13300 57000 82850
94400 63575 13300 57000 82850
94500 63575 13300 57000 82850
94600 63575 13300 57000 82850
94700 63575 13300 57000 82850
94800 63575 13300 57000 82850
94900 63575 13300 57000 82850
95000 63575 13300 57000 82850
95100 63575 13300 57000 82850
95200 63575 13300 57000 82850
95300 63575 13300 57000 82850
95400 63575 13300 57000 82850
95500 63575 13300 57000 82850
95600 63575 13300 57000 82850
95700 63575 13300 57000 82850
95800 63575 13300 57000 82850
95900 63575 13300 57000 82850
96000 63575 13300 57000 82850
96100 63575 13300 57000 82850
96200 63575 13300 57000 82850
96300 63575 13300 57000 82850
96400 63575 13300 57000 82850
96500 63575 13300 57000 82850
96600 63575 13300 56975 82850
96700 63575 13300 56975 82850
96800 63575 13300 56975 82850
96900 63575 13300 56975 82850
97000 63575 13275 56975 82850
97100 63575 13275 56975 82850
97200 63575 13275 56975 82850
97300 63575 13275 56975 82850
97400 63575 13275 56975 82850
97500 63575 13275 56975 82850
97600 63575 13275 56975 82850
97700 63575 13275 56975 82850
97800 63575 13275 56975 82850
97900 63575 13275 56975 82850
98000 63575 13275 56975 82850
98100 63575 13275 56975 82850
98200 63575 13275 56975 82850
98300 63575 13275 56975 82850
98400 63575 13275 56975 82850
98500 63575 13275 56975 82850
98600 63575 13275 56975 82850
98700 63575 13275 56975 82850
98800 63575 13275 56975 82850
98900 63575 13275 56975 82850
99000 63575 13275 56975 82850
99100 63575 13275 56975 82850
99200 63575 13250 56975 82850
99300 63575 13250 56950 82850
99400 63575 13250 56950 82825
99500 63575 13250 56950 82825
99600 63575 13250 56950 82825
99700 63575 13250 56950 82825
99800 63575 13250 56950 82825
99900 63575 13250 56950 82825
100000 63575 13250 56950 82825
