# gr0gr1_gb gr0gr2_gb gr0gr3_gb gr1gr2_gb gr1gr3_gb gr2gr3_gb total (total2 if different)
635 1610 1530 665 1250 1490 6715 7180
625 1595 1530 650 1255 1495 6705 7150
595 1595 1535 645 1250 1515 6650 7135
615 1595 1530 640 1250 1515 6615 7145
590 1590 1525 625 1245 1535 6585 7110
580 1580 1515 620 1245 1535 6565 7075
585 1575 1520 610 1245 1540 6530 7075
580 1590 1525 605 1240 1540 6550 7080
590 1575 1520 595 1235 1540 6520 7055
585 1575 1520 585 1240 1550 6520 7055
590 1570 1520 575 1240 1545 6495 7040
580 1560 1510 560 1230 1530 6480 6970
585 1545 1510 565 1225 1530 6440 6960
570 1545 1510 550 1225 1530 6435 6930
585 1555 1515 565 1225 1525 6420 6970
585 1555 1515 565 1225 1520 6420 6965
570 1550 1515 550 1215 1520 6395 6920
570 1540 1515 540 1210 1515 6370 6890
560 1535 1505 550 1215 1515 6365 6880
575 1535 1505 545 1210 1515 6345 6885
565 1530 1500 535 1210 1500 6315 6840
565 1530 1490 525 1195 1505 6310 6810
565 1520 1495 525 1190 1500 6295 6795
565 1520 1505 510 1195 1500 6300 6795
565 1520 1505 520 1185 1500 6280 6795
550 1505 1505 515 1190 1490 6245 6755
560 1500 1510 515 1190 1480 6255 6755
550 1485 1510 520 1180 1480 6235 6725
540 1485 1510 505 1175 1480 6230 6695
540 1490 1510 505 1175 1480 6225 6700
545 1490 1510 515 1175 1470 6230 6705
525 1490 1510 510 1175 1465 6230 6675
530 1495 1520 525 1180 1475 6225 6725
535 1495 1515 530 1170 1475 6210 6720
540 1495 1515 535 1170 1475 6205 6730
535 1495 1515 525 1165 1465 6205 6700
525 1495 1515 525 1165 1475 6200 6700
530 1495 1515 525 1165 1480 6190 6710
530 1495 1515 520 1165 1480 6190 6705
535 1495 1525 515 1160 1480 6200 6710
530 1495 1525 515 1150 1480 6200 6695
530 1505 1525 520 1155 1475 6230 6710
530 1505 1535 520 1145 1470 6215 6705
530 1505 1535 525 1140 1475 6225 6710
535 1505 1535 515 1140 1475 6205 6705
530 1510 1535 520 1135 1475 6190 6705
540 1510 1535 520 1130 1475 6185 6710
530 1510 1545 525 1125 1475 6180 6710
535 1520 1555 525 1120 1470 6185 6725
545 1525 1560 525 1110 1475 6165 6740
540 1540 1560 520 1110 1475 6180 6745
535 1540 1555 515 1105 1480 6170 6730
535 1540 1550 510 1100 1480 6185 6715
535 1545 1550 515 1090 1480 6170 6715
530 1545 1550 505 1090 1475 6160 6695
525 1545 1545 500 1085 1475 6160 6675
530 1545 1540 500 1080 1475 6175 6670
525 1545 1545 500 1070 1485 6175 6670
530 1540 1540 495 1065 1495 6185 6665
530 1540 1545 505 1060 1495 6175 6675
530 1540 1545 505 1055 1495 6165 6670
530 1545 1545 505 1035 1495 6145 6655
530 1545 1545 505 1035 1495 6145 6655
530 1555 1550 505 1035 1500 6160 6675
530 1555 1550 510 1035 1500 6175 6680
530 1555 1555 515 1035 1500 6185 6690
535 1555 1555 515 1035 1500 6200 6695
530 1555 1555 510 1035 1500 6200 6685
530 1555 1555 510 1035 1500 6190 6685
535 1560 1565 500 1035 1500 6190 6695
545 1565 1565 500 1035 1495 6205 6705
550 1565 1560 500 1035 1490 6205 6700
550 1565 1550 500 1035 1490 6200 6690
545 1565 1555 500 1030 1500 6200 6695
540 1565 1550 500 1025 1500 6200 6680
540 1570 1545 505 1025 1500 6195 6685
550 1570 1550 505 1025 1500 6200 6700
550 1580 1545 505 1025 1500 6200 6705
545 1580 1545 500 1025 1500 6185 6695
540 1580 1545 500 1030 1495 6180 6690
540 1585 1540 500 1030 1500 6180 6695
535 1585 1545 490 1030 1505 6185 6690
540 1585 1550 485 1030 1505 6185 6695
540 1585 1550 490 1030 1500 6190 6695
535 1590 1550 495 1030 1490 6185 6690
535 1595 1550 500 1030 1490 6185 6700
525 1595 1560 495 1035 1490 6190 6700
530 1595 1560 495 1035 1480 6185 6695
530 1600 1555 495 1035 1485 6200 6700
530 1600 1550 495 1035 1490 6205 6700
530 1600 1550 495 1035 1490 6215 6700
530 1605 1550 495 1035 1490 6215 6705
530 1610 1550 495 1035 1490 6210 6710
530 1620 1540 495 1035 1485 6205 6705
530 1620 1530 495 1035 1485 6200 6695
530 1630 1530 505 1035 1480 6205 6710
530 1630 1530 505 1030 1470 6205 6695
535 1635 1540 505 1030 1475 6205 6720
530 1640 1550 500 1030 1465 6215 6715
530 1645 1550 500 1030 1460 6215 6715
530 1655 1545 500 1030 1455 6215 6715
530 1655 1545 500 1030 1455 6220 6715
535 1670 1545 500 1030 1455 6225 6735
530 1680 1545 500 1030 1460 6235 6745
530 1690 1545 505 1035 1465 6265 6770
535 1710 1540 510 1035 1475 6280 6805
535 1720 1545 510 1035 1475 6290 6820
525 1740 1540 505 1030 1480 6305 6820
530 1775 1540 505 1030 1480 6345 6860
530 1825 1540 505 1030 1480 6390 6910
530 1870 1540 495 1030 1480 6430 6945
530 1870 1540 495 1035 1480 6435 6950
520 1875 1540 490 1035 1480 6435 6940
515 1875 1530 490 1030 1480 6425 6920
515 1880 1530 490 1030 1480 6425 6925
520 1880 1525 490 1030 1480 6430 6925
515 1880 1525 485 1030 1480 6430 6915
520 1880 1520 485 1030 1485 6440 6920
525 1880 1515 490 1030 1490 6435 6930
520 1880 1515 490 1030 1490 6440 6925
525 1885 1520 485 1030 1485 6430 6930
520 1880 1520 480 1030 1485 6435 6915
520 1880 1530 480 1030 1485 6445 6925
520 1875 1530 490 1025 1485 6440 6925
525 1875 1535 490 1025 1485 6445 6935
525 1870 1540 485 1030 1490 6455 6940
525 1875 1540 485 1030 1490 6455 6945
530 1875 1545 485 1030 1490 6455 6955
535 1875 1545 485 1030 1490 6460 6960
540 1875 1545 485 1030 1490 6450 6965
545 1875 1545 485 1030 1490 6450 6970
545 1875 1545 485 1035 1490 6450 6975
545 1875 1540 485 1035 1490 6445 6970
545 1880 1545 485 1035 1500 6440 6990
545 1880 1545 485 1035 1505 6440 6995
540 1880 1545 485 1035 1500 6440 6985
540 1880 1555 480 1025 1505 6455 6985
540 1880 1565 480 1025 1505 6455 6995
540 1880 1565 480 1025 1505 6470 6995
540 1880 1565 485 1025 1510 6475 7005
540 1880 1565 485 1030 1505 6480 7005
540 1880 1580 490 1030 1505 6485 7025
540 1880 1580 490 1030 1510 6480 7030
540 1875 1580 485 1030 1505 6480 7015
545 1875 1580 485 1030 1515 6505 7030
545 1875 1585 485 1030 1515 6500 7035
545 1875 1585 485 1030 1515 6500 7035
545 1875 1585 485 1030 1515 6495 7035
535 1880 1585 490 1030 1515 6490 7035
535 1880 1585 490 1030 1515 6495 7035
535 1880 1585 490 1030 1515 6495 7035
535 1885 1590 490 1030 1515 6485 7045
530 1885 1595 490 1035 1515 6500 7050
530 1890 1600 490 1035 1510 6500 7055
530 1890 1600 485 1030 1510 6505 7045
540 1890 1610 485 1030 1510 6510 7065
540 1890 1610 495 1035 1510 6510 7080
540 1890 1605 495 1035 1510 6505 7075
540 1890 1605 495 1035 1510 6500 7075
540 1890 1605 495 1035 1505 6495 7070
545 1890 1605 495 1035 1505 6490 7075
540 1890 1605 495 1040 1515 6505 7085
540 1890 1605 490 1035 1520 6510 7080
540 1890 1605 490 1035 1515 6510 7075
540 1890 1610 485 1040 1515 6520 7080
540 1890 1610 485 1040 1515 6525 7080
545 1890 1610 485 1040 1505 6510 7075
550 1890 1615 480 1040 1505 6515 7080
545 1890 1605 480 1045 1505 6510 7070
550 1890 1610 480 1045 1510 6505 7085
545 1890 1610 475 1050 1510 6510 7080
545 1895 1610 475 1050 1510 6510 7085
540 1895 1610 475 1050 1510 6510 7080
540 1895 1610 475 1050 1510 6510 7080
540 1895 1610 475 1055 1510 6515 7085
535 1895 1610 470 1060 1510 6515 7080
535 1895 1610 470 1060 1510 6510 7080
535 1895 1610 470 1060 1505 6515 7075
535 1895 1610 470 1065 1500 6520 7075
540 1895 1610 470 1070 1500 6515 7085
540 1895 1610 470 1070 1500 6515 7085
540 1895 1610 465 1075 1500 6515 7085
540 1895 1610 475 1080 1505 6520 7105
545 1895 1605 475 1085 1500 6520 7105
545 1895 1605 475 1100 1500 6525 7120
545 1895 1605 470 1100 1495 6520 7110
545 1895 1590 470 1095 1500 6515 7095
545 1895 1580 470 1090 1500 6515 7080
545 1895 1580 470 1090 1500 6520 7080
550 1895 1585 470 1090 1495 6515 7085
550 1895 1575 475 1090 1495 6505 7080
550 1895 1575 475 1090 1490 6500 7075
550 1895 1575 475 1090 1490 6500 7075
550 1895 1575 475 1090 1490 6500 7075
550 1895 1575 475 1085 1485 6500 7065
545 1895 1580 470 1085 1480 6500 7055
545 1895 1580 470 1085 1480 6505 7055
540 1895 1580 470 1085 1480 6500 7050
540 1895 1580 470 1080 1475 6495 7040
540 1895 1580 470 1080 1475 6490 7040
540 1895 1575 470 1080 1480 6485 7040
540 1895 1570 470 1080 1480 6490 7035
540 1895 1565 475 1080 1475 6475 7030
540 1895 1555 475 1080 1475 6470 7020
540 1895 1555 475 1080 1470 6475 7015
540 1895 1545 475 1080 1465 6480 7000
540 1895 1535 475 1080 1465 6480 6990
540 1895 1520 480 1080 1470 6480 6985
540 1895 1520 480 1080 1470 6470 6985
540 1900 1520 485 1080 1465 6450 6990
535 1900 1520 485 1080 1465 6450 6985
535 1900 1520 485 1080 1465 6450 6985
535 1900 1520 480 1080 1470 6450 6985
535 1900 1520 480 1080 1470 6450 6985
535 1900 1520 480 1080 1475 6460 6990
535 1900 1520 480 1080 1475 6465 6990
535 1905 1525 475 1080 1475 6465 6995
535 1905 1525 475 1080 1480 6470 7000
540 1905 1530 475 1080 1480 6465 7010
540 1905 1530 475 1080 1480 6460 7010
540 1905 1530 475 1080 1485 6460 7015
540 1905 1530 475 1075 1485 6460 7010
540 1905 1530 475 1075 1485 6470 7010
535 1905 1530 475 1075 1485 6470 7005
535 1905 1530 475 1075 1485 6465 7005
540 1910 1530 475 1075 1485 6465 7015
540 1910 1530 480 1075 1485 6465 7020
540 1910 1530 480 1075 1485 6465 7020
540 1910 1530 485 1075 1480 6460 7020
540 1910 1530 485 1075 1485 6460 7025
540 1910 1530 485 1075 1485 6455 7025
545 1915 1530 485 1070 1485 6460 7030
550 1920 1535 485 1070 1485 6470 7045
550 1920 1535 485 1070 1485 6470 7045
555 1920 1535 485 1070 1490 6475 7055
555 1920 1540 490 1070 1490 6480 7065
550 1920 1540 490 1070 1490 6480 7060
545 1920 1535 485 1065 1490 6485 7040
545 1920 1535 485 1065 1490 6485 7040
545 1920 1530 485 1060 1495 6485 7035
545 1920 1530 485 1060 1495 6485 7035
545 1920 1530 485 1055 1490 6485 7025
545 1925 1535 480 1055 1490 6490 7030
545 1930 1535 485 1050 1490 6495 7035
545 1930 1535 485 1050 1495 6500 7040
545 1930 1535 485 1050 1490 6500 7035
545 1930 1535 480 1050 1490 6500 7030
545 1930 1540 480 1050 1490 6500 7035
540 1930 1545 480 1050 1490 6520 7035
540 1930 1550 475 1050 1490 6525 7035
540 1930 1550 475 1050 1490 6525 7035
540 1930 1560 475 1050 1490 6520 7045
540 1930 1560 475 1050 1495 6525 7050
540 1930 1560 475 1050 1495 6530 7050
535 1930 1560 475 1045 1505 6545 7050
535 1930 1565 475 1045 1505 6545 7055
535 1930 1575 475 1045 1505 6555 7065
535 1930 1575 475 1045 1505 6565 7065
530 1930 1575 470 1045 1510 6570 7060
530 1930 1575 470 1045 1505 6575 7055
530 1930 1580 470 1045 1505 6575 7060
530 1930 1580 470 1045 1505 6575 7060
530 1930 1580 470 1045 1505 6575 7060
530 1930 1585 470 1045 1510 6575 7070
530 1930 1580 470 1045 1510 6570 7065
530 1930 1580 470 1045 1515 6570 7070
530 1930 1585 465 1045 1515 6580 7070
530 1930 1610 465 1040 1515 6595 7090
530 1930 1610 465 1040 1515 6595 7090
525 1930 1615 465 1035 1515 6600 7085
525 1930 1620 465 1035 1515 6600 7090
525 1930 1615 475 1035 1530 6605 7110
525 1935 1615 485 1035 1530 6605 7125
525 1935 1615 480 1035 1530 6610 7120
525 1935 1615 480 1030 1530 6615 7115
520 1935 1625 470 1030 1530 6620 7110
525 1935 1630 470 1030 1530 6630 7120
525 1935 1635 470 1030 1530 6630 7125
525 1935 1635 470 1030 1535 6635 7130
525 1935 1635 470 1030 1535 6640 7130
525 1930 1630 470 1030 1535 6635 7120
520 1930 1630 470 1030 1535 6630 7115
520 1930 1630 470 1030 1530 6630 7110
525 1930 1630 470 1030 1530 6620 7115
525 1925 1630 470 1030 1535 6620 7115
525 1925 1630 470 1030 1535 6620 7115
525 1925 1630 470 1030 1535 6620 7115
525 1925 1630 470 1030 1535 6620 7115
520 1925 1630 470 1025 1535 6620 7105
520 1925 1630 470 1025 1535 6625 7105
520 1925 1630 470 1025 1535 6625 7105
520 1925 1630 470 1025 1535 6620 7105
520 1925 1635 470 1020 1540 6620 7110
525 1925 1635 470 1015 1535 6620 7105
525 1925 1635 470 1015 1535 6620 7105
525 1925 1635 470 1015 1530 6620 7100
525 1925 1635 470 1015 1525 6620 7095
525 1925 1635 465 1010 1520 6625 7080
525 1925 1635 465 1010 1520 6625 7080
525 1925 1635 465 1010 1515 6625 7075
525 1925 1635 465 1010 1515 6625 7075
525 1925 1635 465 1010 1515 6630 7075
525 1925 1630 470 1010 1515 6625 7075
525 1925 1630 470 1010 1515 6620 7075
525 1925 1630 470 1010 1515 6610 7075
525 1925 1625 470 1010 1510 6610 7065
525 1925 1625 470 1010 1510 6600 7065
525 1925 1625 470 1010 1510 6595 7065
525 1925 1625 475 1010 1510 6595 7070
525 1925 1625 475 1010 1510 6600 7070
525 1925 1625 475 1010 1510 6600 7070
525 1925 1630 475 1010 1515 6600 7080
525 1925 1630 475 1010 1515 6600 7080
525 1925 1630 475 1010 1515 6600 7080
525 1925 1630 475 1010 1515 6600 7080
525 1925 1630 475 1010 1515 6595 7080
525 1925 1630 475 1010 1515 6595 7080
525 1925 1630 475 1010 1520 6600 7085
525 1925 1630 470 1010 1520 6600 7080
525 1925 1630 470 1010 1520 6600 7080
525 1925 1630 470 1010 1520 6600 7080
525 1925 1630 470 1010 1520 6600 7080
525 1925 1630 470 1005 1520 6600 7075
525 1925 1635 475 1000 1530 6605 7090
525 1925 1635 475 1000 1520 6600 7080
525 1925 1635 475 1000 1520 6600 7080
525 1925 1635 470 1000 1520 6600 7075
525 1925 1630 470 1000 1520 6600 7070
525 1925 1630 470 1000 1520 6600 7070
530 1925 1630 470 1000 1520 6595 7075
530 1925 1630 470 1000 1520 6595 7075
530 1925 1630 475 1000 1525 6595 7085
535 1925 1635 475 1000 1525 6590 7095
535 1925 1630 475 1000 1520 6585 7085
535 1925 1630 475 1000 1520 6585 7085
535 1925 1630 475 1000 1520 6575 7085
535 1925 1630 475 1000 1520 6575 7085
535 1925 1630 480 1000 1520 6575 7090
535 1925 1630 480 1000 1515 6570 7085
535 1925 1630 485 1000 1515 6570 7090
535 1925 1630 485 1000 1515 6570 7090
535 1925 1630 485 1000 1515 6570 7090
535 1925 1630 485 1000 1515 6565 7090
535 1925 1630 485 1000 1515 6565 7090
535 1925 1630 485 1000 1515 6570 7090
540 1925 1630 485 1000 1515 6570 7095
540 1925 1625 485 1000 1510 6560 7085
535 1925 1615 485 1000 1505 6540 7065
540 1925 1615 485 1000 1500 6525 7065
540 1925 1605 485 1000 1500 6525 7055
540 1925 1605 485 1000 1495 6520 7050
540 1925 1605 485 1000 1495 6515 7050
540 1920 1605 485 1000 1490 6515 7040
540 1920 1605 485 1000 1490 6515 7040
540 1920 1605 485 1000 1495 6515 7045
540 1925 1600 490 1000 1495 6515 7050
540 1925 1600 490 995 1495 6515 7045
540 1925 1595 490 995 1495 6515 7040
540 1920 1595 490 995 1490 6515 7030
540 1920 1595 495 990 1490 6515 7030
540 1920 1595 495 990 1490 6510 7030
540 1920 1595 495 990 1485 6505 7025
540 1920 1590 495 990 1485 6495 7020
540 1920 1590 495 990 1480 6490 7015
540 1920 1590 495 990 1480 6485 7015
535 1920 1585 495 990 1480 6485 7005
535 1920 1585 495 990 1480 6490 7005
535 1920 1580 490 990 1480 6480 6995
535 1920 1575 490 990 1475 6465 6985
540 1920 1570 490 990 1475 6460 6985
540 1915 1565 485 990 1470 6460 6965
540 1915 1560 485 990 1465 6455 6955
540 1915 1560 485 990 1460 6445 6950
540 1915 1560 485 990 1460 6440 6950
540 1915 1555 485 990 1460 6435 6945
540 1915 1550 485 990 1465 6430 6945
540 1915 1550 485 990 1465 6435 6945
540 1915 1545 485 990 1465 6430 6940
540 1915 1545 490 990 1465 6430 6945
540 1915 1545 490 990 1465 6430 6945
540 1915 1540 490 990 1465 6425 6940
540 1915 1540 490 990 1465 6420 6940
540 1910 1540 490 990 1460 6420 6930
540 1910 1535 490 990 1460 6410 6925
540 1910 1530 490 990 1460 6410 6920
540 1910 1530 495 990 1470 6405 6935
540 1910 1530 495 990 1465 6400 6930
540 1910 1530 495 990 1465 6400 6930
540 1905 1525 495 990 1465 6405 6920
540 1905 1525 495 990 1465 6405 6920
540 1905 1525 495 990 1465 6405 6920
540 1905 1520 495 990 1460 6395 6910
540 1905 1520 495 990 1460 6400 6910
540 1905 1510 495 990 1460 6390 6900
540 1905 1510 495 990 1460 6390 6900
540 1905 1510 495 990 1460 6390 6900
540 1905 1510 495 990 1460 6390 6900
540 1905 1505 500 990 1465 6385 6905
540 1905 1500 500 990 1465 6375 6900
540 1905 1495 500 990 1465 6370 6895
540 1905 1495 500 990 1460 6365 6890
540 1905 1495 500 990 1460 6365 6890
540 1905 1490 500 990 1465 6360 6890
540 1905 1490 500 990 1465 6360 6890
535 1905 1490 495 985 1465 6360 6875
535 1905 1490 495 985 1465 6365 6875
535 1910 1490 500 985 1465 6370 6885
535 1910 1490 500 985 1465 6370 6885
540 1910 1490 495 985 1465 6375 6885
535 1910 1490 495 980 1465 6375 6875
535 1910 1490 495 980 1465 6380 6875
535 1910 1490 500 980 1460 6375 6875
540 1910 1495 500 980 1460 6380 6885
540 1910 1495 500 980 1470 6390 6895
540 1910 1495 495 980 1470 6390 6890
535 1910 1500 490 980 1470 6390 6885
535 1910 1500 495 980 1470 6390 6890
535 1910 1500 495 980 1470 6390 6890
535 1910 1500 495 980 1470 6385 6890
535 1910 1500 495 980 1465 6370 6885
535 1910 1500 495 980 1465 6370 6885
535 1910 1500 495 980 1465 6365 6885
535 1910 1500 495 980 1465 6370 6885
535 1910 1500 495 980 1460 6365 6880
535 1910 1500 495 980 1460 6365 6880
540 1910 1510 495 980 1460 6360 6895
540 1910 1515 495 980 1465 6360 6905
540 1910 1515 495 980 1465 6360 6905
540 1910 1515 495 980 1465 6360 6905
545 1910 1515 495 980 1465 6360 6910
545 1910 1515 495 980 1460 6350 6905
545 1910 1515 495 980 1460 6350 6905
545 1910 1515 495 980 1460 6345 6905
545 1910 1515 495 980 1460 6350 6905
545 1910 1515 495 980 1465 6350 6910
545 1910 1515 495 980 1465 6355 6910
545 1910 1515 495 980 1465 6355 6910
545 1910 1515 495 980 1465 6355 6910
545 1910 1515 495 975 1470 6360 6910
545 1910 1515 495 975 1470 6360 6910
545 1910 1515 495 975 1470 6355 6910
545 1910 1515 495 975 1470 6355 6910
545 1910 1520 495 975 1475 6355 6920
540 1910 1520 490 975 1475 6355 6910
540 1910 1520 490 975 1475 6360 6910
540 1910 1520 490 975 1480 6365 6915
540 1910 1525 490 975 1480 6365 6920
540 1910 1525 490 975 1480 6365 6920
540 1910 1525 490 975 1485 6370 6925
540 1910 1525 490 975 1485 6375 6925
540 1910 1525 490 980 1485 6375 6930
540 1910 1525 490 980 1485 6375 6930
540 1910 1525 490 980 1485 6375 6930
540 1910 1530 490 980 1485 6380 6935
540 1910 1530 490 980 1485 6380 6935
540 1910 1530 490 980 1485 6380 6935
540 1910 1535 490 980 1485 6380 6940
540 1910 1535 490 980 1485 6380 6940
540 1910 1535 490 980 1485 6385 6940
540 1910 1535 485 980 1485 6380 6935
540 1910 1535 485 980 1485 6385 6935
540 1910 1535 485 980 1485 6385 6935
540 1910 1535 485 980 1485 6390 6935
535 1910 1535 480 975 1490 6395 6925
535 1910 1535 480 975 1490 6390 6925
535 1910 1535 480 975 1490 6390 6925
535 1910 1535 480 975 1490 6390 6925
535 1910 1535 475 970 1490 6390 6915
530 1910 1535 470 970 1490 6395 6905
530 1910 1540 470 970 1490 6395 6910
530 1910 1540 475 970 1490 6395 6915
530 1910 1540 475 970 1490 6400 6915
530 1910 1545 480 970 1490 6405 6925
530 1910 1545 480 970 1490 6400 6925
530 1910 1545 480 970 1490 6405 6925
530 1910 1545 480 970 1490 6405 6925
530 1910 1545 480 970 1490 6405 6925
530 1910 1545 480 970 1485 6410 6920
530 1910 1540 480 965 1485 6415 6910
530 1910 1540 485 965 1490 6415 6920
530 1910 1540 485 965 1490 6420 6920
530 1910 1540 485 965 1490 6420 6920
530 1910 1540 485 965 1490 6420 6920
530 1910 1545 485 965 1490 6425 6925
530 1910 1545 485 965 1495 6425 6930
530 1910 1545 485 965 1495 6420 6930
530 1910 1545 485 965 1495 6420 6930
535 1910 1545 485 965 1495 6420 6935
535 1910 1545 485 965 1500 6425 6940
535 1910 1540 485 965 1500 6425 6935
535 1910 1550 485 965 1505 6425 6950
535 1910 1550 485 965 1505 6425 6950
535 1910 1550 485 965 1505 6425 6950
535 1910 1550 485 965 1505 6425 6950
535 1910 1550 485 965 1505 6425 6950
535 1910 1550 485 965 1505 6425 6950
535 1910 1550 485 965 1505 6425 6950
535 1910 1555 485 965 1505 6430 6955
535 1910 1555 485 965 1510 6430 6960
535 1910 1555 485 965 1510 6435 6960
535 1910 1555 485 965 1510 6435 6960
530 1910 1555 480 965 1510 6435 6950
530 1910 1555 480 965 1510 6435 6950
530 1910 1555 480 965 1510 6435 6950
530 1910 1555 480 965 1510 6435 6950
530 1910 1555 480 965 1510 6435 6950
530 1910 1555 480 965 1510 6435 6950
530 1910 1560 480 965 1510 6435 6955
530 1910 1560 480 965 1510 6440 6955
530 1910 1565 480 965 1510 6445 6960
530 1910 1565 480 965 1510 6445 6960
530 1910 1565 475 965 1510 6450 6955
530 1910 1565 475 965 1510 6450 6955
530 1910 1565 475 965 1510 6450 6955
530 1910 1565 475 965 1505 6450 6950
530 1910 1565 475 970 1505 6450 6955
530 1910 1560 475 965 1510 6455 6950
530 1910 1560 475 965 1510 6450 6950
530 1910 1555 475 965 1510 6450 6945
530 1910 1555 475 965 1515 6455 6950
530 1910 1555 475 965 1515 6455 6950
530 1910 1560 475 965 1515 6460 6955
530 1910 1560 475 965 1515 6480 6955
530 1910 1570 475 965 1520 6485 6970
530 1910 1570 475 965 1520 6485 6970
530 1910 1570 470 960 1520 6485 6960
530 1910 1570 470 960 1520 6480 6960
530 1910 1570 470 965 1520 6480 6965
530 1910 1570 470 965 1520 6480 6965
530 1910 1570 475 965 1520 6480 6970
530 1910 1570 475 965 1520 6490 6970
530 1910 1570 475 965 1520 6490 6970
530 1910 1570 475 965 1520 6490 6970
530 1910 1570 480 980 1520 6490 6990
530 1910 1570 480 985 1520 6490 6995
530 1910 1575 480 985 1520 6495 7000
530 1910 1575 480 985 1520 6495 7000
530 1910 1575 480 985 1520 6495 7000
530 1910 1575 480 985 1520 6495 7000
530 1910 1575 480 990 1520 6500 7005
530 1910 1575 480 995 1520 6505 7010
530 1910 1575 480 995 1520 6510 7010
530 1910 1580 480 1000 1520 6510 7020
530 1910 1580 480 1000 1520 6515 7020
530 1910 1580 480 1000 1525 6515 7025
530 1910 1580 480 1005 1525 6520 7030
530 1910 1580 480 1020 1525 6525 7045
530 1910 1580 480 1020 1525 6530 7045
530 1910 1580 480 1025 1525 6535 7050
530 1910 1585 480 1030 1525 6545 7060
530 1910 1585 480 1045 1525 6560 7075
530 1910 1585 480 1050 1530 6570 7085
530 1910 1585 480 1065 1530 6585 7100
530 1910 1585 480 1085 1530 6595 7120
530 1910 1585 480 1085 1530 6595 7120
530 1910 1585 480 1085 1535 6600 7125
530 1910 1585 480 1085 1535 6600 7125
530 1910 1590 480 1085 1535 6605 7130
530 1910 1590 480 1085 1535 6605 7130
530 1910 1585 480 1085 1535 6605 7125
530 1910 1585 480 1085 1535 6605 7125
530 1910 1585 480 1085 1535 6605 7125
530 1910 1585 480 1085 1535 6605 7125
530 1910 1585 480 1085 1535 6605 7125
530 1910 1585 480 1085 1535 6605 7125
530 1910 1585 480 1085 1535 6605 7125
530 1910 1590 480 1085 1535 6610 7130
530 1910 1590 480 1085 1535 6615 7130
535 1910 1590 480 1090 1535 6615 7140
535 1910 1590 480 1090 1540 6620 7145
535 1910 1590 480 1090 1540 6620 7145
535 1910 1590 480 1090 1540 6620 7145
540 1910 1595 480 1090 1535 6620 7150
540 1910 1595 480 1090 1530 6615 7145
540 1910 1595 480 1095 1525 6610 7145
540 1910 1595 480 1095 1525 6610 7145
540 1910 1595 480 1095 1525 6605 7145
540 1910 1595 480 1095 1525 6605 7145
540 1910 1590 480 1095 1525 6605 7140
540 1910 1590 480 1095 1525 6600 7140
540 1910 1590 480 1095 1525 6600 7140
540 1910 1595 480 1095 1525 6605 7145
540 1910 1595 480 1100 1525 6605 7150
540 1910 1595 480 1100 1525 6610 7150
540 1910 1595 480 1100 1525 6610 7150
540 1910 1595 480 1100 1525 6610 7150
540 1910 1595 480 1100 1525 6610 7150
545 1910 1595 480 1100 1525 6610 7155
545 1910 1595 475 1100 1525 6610 7150
545 1910 1595 475 1100 1525 6610 7150
545 1910 1595 480 1100 1525 6610 7155
540 1910 1595 480 1100 1525 6615 7150
540 1910 1595 480 1100 1525 6615 7150
540 1910 1595 480 1100 1525 6615 7150
540 1910 1595 475 1100 1525 6615 7145
540 1910 1595 475 1100 1525 6615 7145
540 1910 1595 475 1100 1530 6615 7150
540 1910 1595 475 1100 1530 6615 7150
540 1910 1600 475 1100 1530 6620 7155
540 1910 1600 475 1100 1530 6620 7155
540 1910 1600 475 1100 1530 6620 7155
540 1910 1600 475 1100 1530 6620 7155
540 1910 1600 475 1100 1530 6620 7155
540 1910 1600 475 1100 1530 6625 7155
545 1910 1600 480 1105 1530 6620 7170
545 1910 1600 480 1115 1535 6620 7185
545 1910 1600 480 1115 1535 6620 7185
545 1910 1600 480 1115 1535 6620 7185
545 1910 1600 480 1115 1535 6615 7185
545 1910 1605 480 1115 1535 6620 7190
545 1910 1600 480 1115 1535 6620 7185
545 1910 1600 480 1115 1535 6620 7185
545 1910 1600 480 1115 1535 6620 7185
545 1910 1600 480 1115 1535 6620 7185
545 1910 1600 480 1115 1535 6620 7185
545 1910 1600 480 1115 1535 6620 7185
545 1910 1595 480 1115 1535 6620 7180
545 1910 1595 480 1115 1535 6620 7180
545 1910 1595 480 1115 1535 6630 7180
545 1910 1595 480 1120 1535 6630 7185
545 1910 1595 480 1120 1535 6630 7185
545 1910 1595 480 1120 1535 6630 7185
540 1910 1595 480 1120 1535 6630 7180
540 1910 1595 480 1120 1540 6635 7185
540 1910 1595 480 1120 1540 6635 7185
540 1910 1595 480 1120 1545 6635 7190
540 1910 1595 480 1125 1545 6635 7195
540 1910 1595 480 1125 1545 6630 7195
540 1910 1595 480 1125 1545 6630 7195
540 1910 1595 480 1125 1545 6630 7195
540 1910 1595 480 1125 1550 6635 7200
540 1910 1595 480 1130 1550 6640 7205
540 1910 1600 480 1130 1550 6640 7210
540 1910 1595 480 1130 1545 6635 7200
540 1910 1595 480 1130 1545 6635 7200
540 1910 1595 480 1130 1545 6635 7200
540 1910 1600 480 1130 1545 6640 7205
540 1910 1600 480 1130 1545 6640 7205
540 1910 1600 480 1135 1545 6640 7210
540 1910 1600 480 1135 1545 6635 7210
540 1910 1600 480 1135 1540 6630 7205
540 1910 1600 480 1135 1540 6625 7205
540 1910 1600 480 1135 1540 6630 7205
540 1910 1600 480 1135 1540 6625 7205
540 1910 1600 480 1135 1540 6625 7205
540 1910 1600 480 1135 1540 6625 7205
545 1910 1605 480 1135 1540 6625 7215
545 1910 1605 480 1135 1540 6625 7215
545 1910 1605 480 1135 1540 6625 7215
545 1910 1605 480 1135 1540 6625 7215
545 1910 1605 480 1135 1540 6625 7215
545 1910 1605 480 1135 1540 6625 7215
545 1910 1605 480 1135 1540 6625 7215
545 1910 1605 480 1140 1540 6625 7220
545 1910 1605 480 1140 1540 6625 7220
545 1910 1605 480 1140 1540 6625 7220
545 1910 1605 480 1140 1540 6630 7220
545 1910 1605 480 1140 1540 6630 7220
550 1910 1610 480 1140 1540 6630 7230
550 1910 1615 480 1140 1540 6635 7235
550 1910 1615 480 1140 1535 6630 7230
550 1910 1615 480 1140 1535 6630 7230
550 1910 1615 480 1140 1535 6630 7230
550 1910 1615 480 1140 1535 6635 7230
550 1910 1615 480 1140 1535 6635 7230
550 1910 1615 480 1140 1535 6635 7230
550 1910 1610 480 1140 1535 6635 7225
550 1910 1610 480 1140 1535 6635 7225
550 1910 1610 480 1140 1535 6635 7225
550 1910 1610 480 1140 1535 6635 7225
550 1910 1610 480 1140 1535 6635 7225
550 1910 1610 480 1140 1535 6630 7225
550 1910 1610 480 1140 1535 6630 7225
550 1910 1610 480 1140 1535 6630 7225
550 1910 1610 480 1140 1535 6630 7225
550 1910 1610 480 1140 1535 6625 7225
550 1910 1605 480 1140 1535 6625 7220
555 1910 1605 480 1140 1535 6625 7225
555 1910 1605 480 1140 1535 6625 7225
555 1910 1605 480 1140 1535 6625 7225
555 1910 1605 480 1140 1535 6630 7225
555 1910 1605 480 1140 1535 6630 7225
555 1910 1610 480 1140 1535 6635 7230
555 1910 1610 480 1140 1535 6635 7230
555 1910 1610 480 1140 1535 6635 7230
555 1910 1610 475 1140 1535 6635 7225
555 1910 1610 475 1140 1535 6640 7225
555 1910 1610 475 1140 1535 6640 7225
555 1910 1610 475 1140 1535 6640 7225
555 1910 1610 475 1140 1540 6640 7230
555 1910 1610 480 1140 1535 6640 7230
560 1910 1615 480 1140 1535 6640 7240
560 1910 1615 475 1140 1535 6640 7235
560 1910 1615 475 1140 1535 6640 7235
560 1910 1615 475 1140 1535 6640 7235
560 1910 1615 475 1140 1535 6640 7235
560 1910 1610 475 1140 1535 6640 7230
560 1910 1610 475 1140 1535 6630 7230
560 1910 1610 475 1145 1540 6630 7240
560 1910 1610 475 1145 1540 6630 7240
560 1910 1610 475 1145 1540 6630 7240
555 1910 1610 475 1145 1540 6630 7235
555 1915 1610 480 1145 1540 6630 7245
555 1915 1610 480 1145 1540 6630 7245
555 1915 1610 485 1145 1540 6630 7250
555 1915 1610 485 1145 1540 6630 7250
555 1915 1610 485 1145 1540 6625 7250
555 1915 1610 485 1145 1540 6625 7250
555 1915 1610 485 1145 1540 6625 7250
555 1915 1610 485 1145 1540 6630 7250
555 1915 1610 485 1145 1545 6630 7255
555 1915 1610 485 1145 1540 6625 7250
555 1915 1610 485 1145 1540 6625 7250
555 1915 1610 485 1145 1540 6630 7250
555 1915 1610 485 1145 1540 6630 7250
555 1915 1610 485 1145 1540 6630 7250
555 1915 1610 485 1145 1540 6630 7250
555 1915 1610 485 1145 1540 6630 7250
555 1915 1610 485 1145 1540 6630 7250
555 1915 1610 485 1145 1540 6630 7250
555 1915 1610 485 1145 1540 6630 7250
555 1915 1610 485 1145 1540 6630 7250
555 1915 1610 485 1145 1540 6630 7250
555 1915 1615 485 1145 1545 6640 7260
555 1915 1615 485 1145 1540 6635 7255
555 1915 1615 485 1145 1540 6635 7255
555 1915 1610 485 1145 1540 6635 7250
555 1915 1610 485 1145 1540 6635 7250
555 1915 1610 485 1145 1540 6630 7250
560 1920 1610 485 1145 1540 6630 7260
555 1920 1610 485 1145 1540 6630 7255
555 1920 1610 485 1145 1540 6630 7255
555 1920 1615 485 1145 1540 6630 7260
555 1920 1615 485 1145 1540 6630 7260
555 1920 1615 485 1145 1540 6625 7260
555 1920 1615 485 1150 1545 6625 7270
555 1920 1615 485 1150 1545 6630 7270
555 1920 1610 485 1150 1545 6625 7265
555 1920 1610 485 1150 1545 6625 7265
555 1920 1610 485 1150 1545 6625 7265
555 1920 1610 485 1150 1545 6625 7265
555 1920 1610 485 1150 1545 6625 7265
555 1920 1610 485 1150 1545 6625 7265
555 1920 1610 485 1150 1545 6625 7265
555 1920 1610 485 1150 1545 6625 7265
555 1920 1610 485 1150 1545 6625 7265
555 1920 1615 485 1150 1545 6630 7270
555 1920 1615 485 1150 1545 6630 7270
555 1920 1615 485 1150 1545 6630 7270
555 1920 1615 485 1150 1545 6635 7270
555 1920 1615 485 1150 1545 6635 7270
555 1920 1615 485 1150 1545 6635 7270
555 1920 1615 485 1150 1540 6640 7265
555 1920 1615 485 1150 1540 6640 7265
560 1920 1615 485 1150 1540 6640 7270
560 1920 1615 485 1150 1540 6640 7270
560 1920 1615 485 1150 1540 6640 7270
560 1920 1615 485 1150 1540 6640 7270
560 1920 1615 485 1150 1540 6640 7270
560 1920 1615 485 1150 1540 6640 7270
560 1920 1615 485 1150 1540 6640 7270
560 1920 1615 485 1150 1540 6640 7270
560 1920 1615 485 1150 1535 6640 7265
560 1920 1615 485 1150 1535 6640 7265
560 1920 1615 485 1150 1535 6640 7265
560 1920 1615 485 1150 1535 6640 7265
560 1920 1615 485 1150 1535 6640 7265
560 1920 1610 485 1150 1535 6650 7260
560 1920 1610 485 1150 1540 6650 7265
560 1920 1610 485 1150 1540 6650 7265
560 1920 1610 485 1150 1540 6650 7265
560 1920 1610 485 1150 1540 6650 7265
560 1920 1610 485 1150 1540 6650 7265
560 1920 1610 485 1150 1540 6645 7265
560 1920 1615 485 1150 1540 6640 7270
560 1920 1615 485 1150 1540 6645 7270
560 1920 1615 485 1150 1540 6645 7270
560 1920 1615 485 1150 1540 6645 7270
560 1920 1615 485 1150 1540 6645 7270
560 1920 1610 485 1150 1535 6640 7260
560 1920 1610 485 1150 1535 6640 7260
560 1920 1610 485 1150 1535 6640 7260
560 1920 1610 485 1150 1535 6640 7260
560 1920 1610 485 1150 1535 6640 7260
560 1920 1610 485 1150 1540 6645 7265
560 1920 1610 485 1150 1540 6645 7265
560 1920 1610 485 1150 1540 6645 7265
560 1920 1610 485 1150 1540 6645 7265
555 1920 1610 480 1150 1540 6650 7255
555 1920 1610 480 1150 1540 6650 7255
555 1920 1610 480 1150 1540 6650 7255
555 1920 1610 480 1150 1540 6650 7255
555 1920 1610 480 1150 1540 6650 7255
555 1920 1610 480 1150 1540 6650 7255
555 1920 1610 480 1150 1540 6650 7255
555 1920 1610 480 1150 1540 6650 7255
555 1920 1610 480 1150 1540 6650 7255
555 1920 1610 480 1150 1540 6650 7255
555 1920 1610 480 1150 1540 6650 7255
555 1920 1610 475 1150 1540 6650 7250
555 1920 1610 475 1150 1540 6650 7250
555 1920 1610 475 1150 1540 6655 7250
555 1920 1610 470 1150 1545 6650 7250
555 1920 1610 470 1150 1545 6650 7250
555 1920 1610 470 1150 1545 6650 7250
555 1920 1610 470 1150 1545 6650 7250
555 1920 1610 470 1150 1545 6650 7250
555 1925 1610 475 1150 1545 6650 7260
555 1925 1610 475 1150 1545 6650 7260
555 1925 1610 475 1150 1545 6650 7260
555 1925 1610 475 1150 1545 6650 7260
555 1925 1615 475 1150 1545 6655 7265
555 1925 1615 475 1150 1545 6655 7265
555 1925 1615 475 1150 1545 6655 7265
555 1925 1615 475 1150 1545 6655 7265
555 1925 1615 475 1150 1545 6655 7265
555 1925 1615 475 1150 1545 6655 7265
555 1925 1615 475 1150 1545 6655 7265
555 1925 1615 475 1150 1545 6655 7265
555 1925 1615 475 1150 1545 6655 7265
550 1925 1615 475 1150 1550 6660 7265
555 1930 1615 475 1150 1550 6660 7275
555 1930 1615 475 1150 1550 6660 7275
555 1930 1615 475 1150 1550 6660 7275
555 1930 1615 475 1150 1550 6660 7275
555 1930 1615 475 1150 1550 6660 7275
555 1930 1615 475 1150 1550 6660 7275
555 1930 1615 475 1150 1545 6660 7270
555 1930 1615 475 1150 1545 6660 7270
555 1930 1615 475 1150 1545 6660 7270
555 1930 1615 475 1150 1545 6660 7270
555 1930 1615 475 1150 1545 6660 7270
555 1930 1615 475 1150 1545 6660 7270
555 1930 1615 475 1150 1545 6660 7270
555 1930 1615 475 1150 1545 6660 7270
555 1930 1615 475 1150 1545 6660 7270
555 1930 1615 475 1150 1545 6665 7270
555 1930 1610 475 1150 1545 6660 7265
555 1930 1610 475 1150 1545 6660 7265
555 1930 1610 475 1150 1545 6660 7265
555 1930 1615 475 1150 1545 6660 7270
555 1930 1615 475 1150 1545 6660 7270
555 1930 1615 475 1150 1540 6660 7265
555 1930 1615 475 1150 1535 6650 7260
555 1930 1615 475 1150 1535 6650 7260
555 1930 1615 475 1150 1535 6650 7260
555 1930 1615 475 1150 1535 6650 7260
555 1930 1610 475 1150 1535 6650 7255
555 1930 1610 475 1150 1535 6650 7255
555 1930 1610 475 1150 1535 6650 7255
555 1930 1610 475 1150 1535 6650 7255
555 1930 1610 475 1150 1535 6650 7255
555 1930 1610 475 1150 1535 6650 7255
555 1930 1610 475 1150 1535 6650 7255
555 1930 1610 480 1150 1535 6650 7260
555 1930 1610 480 1150 1535 6650 7260
555 1930 1610 480 1150 1535 6650 7260
555 1930 1610 480 1150 1535 6650 7260
555 1930 1610 480 1150 1535 6645 7260
555 1930 1610 480 1150 1535 6645 7260
555 1930 1610 480 1150 1535 6645 7260
555 1930 1610 480 1150 1535 6645 7260
555 1930 1610 480 1150 1535 6645 7260
555 1930 1610 480 1150 1535 6645 7260
555 1930 1615 480 1150 1535 6650 7265
550 1930 1615 480 1150 1535 6650 7260
550 1930 1615 480 1150 1535 6650 7260
550 1930 1615 480 1150 1535 6650 7260
550 1930 1615 480 1150 1535 6650 7260
550 1930 1615 480 1150 1535 6645 7260
550 1930 1615 480 1150 1535 6645 7260
550 1930 1615 480 1150 1535 6645 7260
550 1930 1615 480 1150 1535 6645 7260
550 1930 1615 480 1150 1535 6645 7260
550 1930 1615 480 1150 1535 6645 7260
550 1930 1615 480 1150 1535 6645 7260
550 1930 1615 480 1150 1535 6645 7260
550 1930 1615 480 1150 1535 6645 7260
550 1930 1615 480 1150 1535 6645 7260
550 1930 1615 480 1150 1535 6645 7260
550 1930 1615 480 1150 1535 6650 7260
550 1930 1615 480 1150 1535 6650 7260
550 1930 1615 480 1150 1535 6650 7260
550 1930 1615 480 1150 1535 6650 7260
550 1930 1615 480 1150 1535 6650 7260
550 1930 1615 480 1150 1535 6650 7260
550 1930 1615 480 1150 1535 6650 7260
550 1930 1615 480 1150 1535 6660 7260
550 1930 1615 480 1150 1535 6660 7260
550 1930 1615 480 1150 1540 6665 7265
550 1930 1615 480 1150 1540 6665 7265
550 1930 1615 480 1150 1540 6665 7265
550 1930 1615 480 1150 1540 6665 7265
550 1930 1615 480 1150 1540 6665 7265
550 1930 1615 480 1150 1540 6665 7265
550 1930 1615 480 1150 1540 6665 7265
550 1930 1615 480 1150 1540 6665 7265
555 1930 1615 480 1150 1540 6665 7270
555 1930 1615 480 1150 1540 6665 7270
555 1930 1615 480 1150 1540 6665 7270
555 1930 1615 480 1150 1540 6665 7270
555 1930 1615 480 1150 1540 6665 7270
555 1930 1615 480 1150 1540 6665 7270
555 1930 1615 480 1150 1540 6665 7270
555 1930 1620 480 1150 1540 6665 7275
555 1930 1620 480 1150 1540 6665 7275
550 1930 1620 475 1150 1540 6660 7265
550 1930 1620 475 1150 1540 6660 7265
550 1930 1615 475 1150 1540 6655 7260
550 1935 1615 480 1150 1540 6655 7270
550 1935 1615 480 1150 1540 6655 7270
550 1935 1620 480 1150 1540 6655 7275
550 1935 1620 480 1150 1540 6655 7275
550 1935 1620 480 1150 1540 6655 7275
545 1935 1620 475 1150 1540 6655 7265
545 1935 1620 475 1150 1540 6655 7265
545 1935 1620 475 1150 1540 6655 7265
545 1935 1620 475 1150 1540 6655 7265
545 1935 1620 475 1150 1540 6655 7265
545 1935 1620 475 1150 1540 6655 7265
545 1935 1615 475 1150 1540 6655 7260
545 1935 1615 475 1150 1540 6650 7260
545 1935 1615 475 1150 1540 6650 7260
545 1935 1615 475 1150 1540 6650 7260
545 1935 1615 475 1150 1540 6650 7260
545 1935 1615 475 1150 1540 6650 7260
545 1935 1615 475 1150 1540 6650 7260
545 1935 1615 475 1150 1540 6650 7260
545 1935 1615 475 1150 1540 6650 7260
545 1935 1615 475 1150 1540 6650 7260
545 1935 1615 475 1150 1540 6650 7260
545 1935 1615 475 1150 1540 6650 7260
545 1935 1615 475 1150 1540 6650 7260
545 1935 1615 475 1150 1540 6650 7260
545 1935 1615 475 1150 1540 6650 7260
545 1935 1615 475 1150 1540 6650 7260
545 1935 1615 475 1150 1540 6650 7260
545 1935 1615 475 1150 1540 6655 7260
545 1935 1615 475 1150 1540 6655 7260
545 1935 1615 475 1150 1540 6655 7260
545 1935 1615 475 1150 1540 6655 7260
545 1935 1615 475 1150 1540 6655 7260
545 1935 1615 475 1150 1540 6655 7260
545 1935 1615 475 1150 1540 6655 7260
545 1935 1615 475 1150 1540 6655 7260
550 1935 1615 475 1150 1540 6655 7265
550 1935 1615 475 1150 1540 6655 7265
550 1935 1615 475 1150 1540 6655 7265
545 1935 1615 475 1150 1540 6655 7260
545 1935 1615 475 1150 1540 6655 7260
545 1935 1615 475 1150 1540 6655 7260
545 1935 1615 475 1150 1540 6655 7260
545 1935 1615 475 1150 1540 6655 7260
545 1935 1615 475 1150 1540 6655 7260
545 1935 1615 475 1150 1540 6655 7260
545 1935 1615 475 1150 1540 6655 7260
545 1935 1615 475 1150 1540 6655 7260
545 1935 1615 475 1150 1540 6655 7260
545 1935 1615 470 1150 1540 6655 7255
545 1935 1615 470 1150 1540 6655 7255
545 1935 1615 470 1150 1540 6655 7255
545 1935 1615 470 1150 1540 6660 7255
545 1935 1615 470 1150 1545 6660 7260
545 1935 1615 470 1150 1545 6660 7260
545 1935 1615 470 1150 1545 6660 7260
545 1935 1615 470 1150 1545 6665 7260
545 1935 1615 470 1150 1545 6665 7260
545 1935 1615 470 1150 1545 6665 7260
545 1935 1615 470 1150 1545 6665 7260
545 1935 1615 470 1150 1540 6665 7255
545 1935 1615 470 1150 1540 6665 7255
545 1935 1615 470 1150 1540 6665 7255
545 1935 1615 470 1150 1540 6665 7255
545 1935 1615 470 1150 1540 6665 7255
545 1935 1615 470 1150 1540 6665 7255
545 1935 1615 470 1150 1540 6665 7255
545 1935 1615 470 1150 1540 6665 7255
545 1935 1615 470 1150 1540 6665 7255
545 1935 1615 470 1150 1540 6665 7255
545 1935 1615 470 1150 1540 6665 7255
545 1935 1615 465 1150 1540 6665 7250
545 1935 1615 465 1150 1540 6665 7250
545 1935 1615 465 1150 1540 6665 7250
545 1935 1615 465 1150 1540 6665 7250
545 1935 1615 465 1150 1540 6665 7250
540 1935 1615 465 1150 1540 6665 7245
540 1935 1615 465 1150 1540 6665 7245
540 1935 1615 465 1150 1540 6670 7245
540 1935 1610 465 1150 1545 6675 7245
540 1935 1610 465 1150 1545 6680 7245
540 1935 1610 465 1150 1545 6680 7245
540 1935 1615 465 1150 1545 6680 7250
540 1935 1615 465 1150 1545 6680 7250
540 1935 1615 465 1150 1545 6680 7250
540 1935 1615 465 1150 1545 6680 7250
540 1935 1615 465 1150 1545 6680 7250
