31 31 31 31 31 31 31 31 31 31 31 31 26 26 26 26 26 32 32 32 32 32 32 32 32 32 32 32 32 32 32 32 32 32 33 33 34 34 34 34 34 34 34 34 34 34 34 34 34 34 34 34 34 34 34 34 34 5 5 5 5 5 5 5 5 5 5 5 5 5 5 5 5 5 5 36 36 36 36 36 36 36 36 36 36 36 36 6 30 30 30 30 30 30 31 31 31 31 31 31 
31 31 31 31 31 31 31 31 31 31 31 31 26 26 26 26 32 32 32 32 32 32 32 32 32 32 32 32 32 32 32 32 32 32 32 32 34 34 34 34 34 34 34 34 34 34 34 34 34 34 34 34 34 34 34 34 34 5 5 5 5 5 5 5 5 5 5 5 5 5 5 5 5 5 5 36 36 36 36 36 36 36 36 36 36 36 6 6 6 6 6 6 6 6 31 31 31 31 31 31 
31 31 31 31 31 31 31 31 31 31 31 31 26 26 26 32 32 32 32 32 32 32 32 32 32 32 32 32 32 32 32 32 32 32 32 32 34 34 34 34 34 34 34 34 34 34 34 34 34 34 34 34 34 34 34 34 5 5 5 5 5 5 5 5 5 5 5 5 5 5 5 5 5 5 5 5 36 36 36 36 36 36 36 36 36 6 6 6 6 6 6 6 6 6 6 31 31 31 31 31 
31 31 31 31 31 31 31 31 31 31 31 31 31 32 32 32 32 32 32 32 32 32 32 32 32 32 32 32 32 32 32 32 32 32 32 32 32 34 34 34 34 34 34 34 34 34 34 34 34 34 34 34 34 34 34 34 5 5 5 5 5 5 5 5 5 5 5 5 5 5 5 5 5 5 5 5 36 36 36 36 36 36 36 36 6 6 6 6 6 6 6 6 6 6 6 31 31 31 31 31 
31 31 31 31 31 31 31 31 31 31 31 31 31 3 3 3 3 3 3 3 3 3 32 32 32 32 32 32 32 32 32 32 32 32 32 32 32 34 34 34 34 34 34 34 34 34 34 34 34 34 34 34 34 34 34 34 5 5 5 5 5 5 5 5 5 5 5 5 5 5 5 5 5 5 5 5 36 36 36 36 36 36 36 6 6 6 6 6 6 6 6 6 6 6 6 6 31 31 31 31 
31 31 31 31 31 31 31 31 31 31 31 31 3 3 3 3 3 3 3 3 3 3 3 3 3 3 3 3 3 3 3 32 32 32 32 32 32 34 34 34 34 34 34 34 34 34 34 34 34 34 34 4 4 4 4 4 5 5 5 5 5 5 5 5 5 5 5 5 5 5 5 5 5 5 5 5 5 36 36 36 36 36 6 6 6 6 6 6 6 6 6 6 6 6 6 6 6 31 31 31 
31 31 31 31 31 31 31 31 31 31 31 31 3 3 3 3 3 3 3 3 3 3 3 3 3 3 3 3 3 3 3 3 3 3 3 3 3 3 34 34 34 34 34 34 34 4 4 4 4 4 4 4 4 4 4 4 4 5 5 5 5 5 5 5 5 5 5 5 5 5 5 5 5 5 5 5 5 36 36 36 6 6 6 6 6 6 6 6 6 6 6 6 6 6 6 6 6 1 1 31 
1 1 31 31 31 31 31 31 31 31 31 3 3 3 3 3 3 3 3 3 3 3 3 3 3 3 3 3 3 3 3 3 3 3 3 3 3 3 34 4 4 4 4 4 4 4 4 4 4 4 4 4 4 4 4 4 4 4 5 5 5 5 5 5 5 5 5 5 5 5 5 5 5 5 5 5 5 5 36 6 6 6 6 6 6 6 6 6 6 6 6 6 6 6 6 6 1 1 1 1 
1 1 1 1 31 31 31 31 31 31 31 3 3 3 3 3 3 3 3 3 3 3 3 3 3 3 3 3 3 3 3 3 3 3 3 3 3 3 4 4 4 4 4 4 4 4 4 4 4 4 4 4 4 4 4 4 4 4 5 5 5 5 5 5 5 5 5 5 5 5 5 5 5 5 5 5 5 5 6 6 6 6 6 6 6 6 6 6 6 6 6 6 6 6 6 1 1 1 1 1 
1 1 1 1 1 1 1 31 31 31 3 3 3 3 3 3 3 3 3 3 3 3 3 3 3 3 3 3 3 3 3 3 3 3 3 3 3 3 4 4 4 4 4 4 4 4 4 4 4 4 4 4 4 4 4 4 4 4 4 5 5 5 5 5 5 5 5 5 5 5 5 5 5 5 5 5 5 5 6 6 6 6 6 6 6 6 6 6 6 6 6 6 6 1 1 1 1 1 1 1 
1 1 1 1 1 1 1 1 1 2 2 2 3 3 3 3 3 3 3 3 3 3 3 3 3 3 3 3 3 3 3 3 3 3 3 3 3 4 4 4 4 4 4 4 4 4 4 4 4 4 4 4 4 4 4 4 4 4 4 11 5 5 5 5 5 5 5 5 5 5 5 5 5 5 5 5 5 6 6 6 6 6 6 6 6 6 6 6 6 6 6 6 1 1 1 1 1 1 1 1 
1 1 1 1 1 1 1 1 1 2 2 2 2 2 3 3 3 3 3 3 3 3 3 3 3 3 3 3 3 3 3 3 3 3 3 3 3 4 4 4 4 4 4 4 4 4 4 4 4 4 4 4 4 4 4 4 4 4 11 11 11 11 5 5 5 5 5 5 5 5 5 5 5 5 5 5 5 6 6 6 6 6 6 6 6 6 6 6 6 6 6 1 1 1 1 1 1 1 1 1 
1 1 1 1 1 1 1 1 1 2 2 2 2 2 2 2 3 3 3 3 3 3 3 3 3 3 3 3 3 3 3 3 3 3 3 3 4 4 4 4 4 4 4 4 4 4 4 4 4 4 4 4 4 4 4 4 4 11 11 11 11 11 11 11 5 5 5 5 5 5 5 5 5 5 5 5 6 6 6 6 6 6 6 6 6 6 6 6 6 6 1 1 1 1 1 1 1 1 1 1 
1 1 1 1 1 1 1 1 2 2 2 2 2 2 2 2 2 2 2 3 3 3 3 3 3 3 3 3 3 3 3 3 3 3 3 3 4 4 4 4 4 4 4 4 4 4 4 4 4 4 4 4 4 4 4 4 4 11 11 11 11 11 11 11 11 11 5 5 5 5 5 5 5 5 5 5 6 6 6 6 6 6 6 6 6 6 6 6 6 1 1 1 1 1 1 1 1 1 1 1 
1 1 1 1 1 1 1 1 2 2 2 2 2 2 2 2 2 2 2 2 2 3 3 3 3 3 3 3 3 3 3 3 3 3 3 3 4 4 4 4 4 4 4 4 4 4 4 4 4 4 4 4 4 4 4 4 11 11 11 11 11 11 11 11 11 11 11 11 5 5 5 5 5 5 5 5 6 6 6 6 6 6 6 6 6 6 6 6 1 1 1 1 1 1 1 1 1 1 1 1 
1 1 1 1 1 1 1 1 2 2 2 2 2 2 2 2 2 2 2 2 2 2 2 3 3 3 3 3 3 3 3 3 3 3 3 4 4 4 4 4 4 4 4 4 4 4 4 4 4 4 4 4 4 4 4 4 11 11 11 11 11 11 11 11 11 11 11 11 11 5 5 5 5 5 5 6 6 6 6 6 6 6 6 6 6 6 6 1 1 1 1 1 1 1 1 1 1 1 1 1 
1 1 1 1 1 1 1 2 2 2 2 2 2 2 2 2 2 2 2 2 2 2 2 2 2 3 3 3 3 3 3 3 3 3 3 4 4 4 4 4 4 4 4 4 4 4 4 4 4 4 4 4 4 4 4 11 11 11 11 11 11 11 11 11 11 11 11 11 11 11 11 5 5 5 5 6 6 6 6 6 6 6 6 6 6 6 1 1 1 1 1 1 1 1 1 1 1 1 1 1 
1 1 1 1 1 1 1 2 2 2 2 2 2 2 2 2 2 2 2 2 2 2 2 2 2 2 2 3 3 3 3 3 3 3 4 4 4 4 4 4 4 4 4 4 4 4 4 4 4 4 4 4 4 4 11 11 11 11 11 11 11 11 11 11 11 11 11 11 11 11 11 11 17 17 17 17 17 6 6 6 6 6 6 6 6 1 1 1 1 1 1 1 1 1 1 1 1 1 1 1 
1 1 1 1 1 1 1 2 2 2 2 2 2 2 2 2 2 2 2 2 2 2 2 2 2 2 2 2 9 9 9 9 9 3 4 4 4 4 4 4 4 4 4 4 4 4 4 4 4 4 4 4 4 10 11 11 11 11 11 11 11 11 11 11 11 11 11 11 11 11 11 11 17 17 17 17 17 17 6 6 6 6 6 6 1 1 1 1 1 1 1 1 1 1 1 1 1 1 1 1 
1 1 1 1 1 1 2 2 2 2 2 2 2 2 2 2 2 2 2 2 2 2 2 2 2 2 2 9 9 9 9 9 9 9 4 4 4 4 4 4 4 4 4 4 4 4 4 4 4 4 4 10 10 10 11 11 11 11 11 11 11 11 11 11 11 11 11 11 11 11 11 17 17 17 17 17 17 17 17 17 6 6 1 1 1 1 1 1 1 1 1 1 1 1 1 1 1 1 1 1 
1 1 1 1 1 1 2 2 2 2 2 2 2 2 2 2 2 2 2 2 2 2 2 2 2 2 9 9 9 9 9 9 9 9 9 4 4 4 4 4 4 4 4 4 4 4 4 4 4 10 10 10 10 10 11 11 11 11 11 11 11 11 11 11 11 11 11 11 11 11 11 17 17 17 17 17 17 17 17 17 17 17 1 1 1 1 1 1 1 1 1 1 1 1 1 1 1 1 1 1 
1 1 1 1 1 13 2 2 2 2 2 2 2 2 2 2 2 2 2 2 2 2 2 2 2 9 9 9 9 9 9 9 9 9 9 4 4 4 4 4 4 4 4 4 4 4 4 10 10 10 10 10 10 10 11 11 11 11 11 11 11 11 11 11 11 11 11 11 11 11 17 17 17 17 17 17 17 17 17 17 17 17 17 1 1 1 1 1 1 1 1 1 1 1 1 1 1 1 1 1 
1 1 1 13 13 13 13 2 2 2 2 2 2 2 2 2 2 2 2 2 2 2 2 2 9 9 9 9 9 9 9 9 9 9 9 9 4 4 4 4 4 4 4 4 4 10 10 10 10 10 10 10 10 10 11 11 11 11 11 11 11 11 11 11 11 11 11 11 11 11 17 17 17 17 17 17 17 17 17 17 17 17 17 17 1 1 1 1 1 1 1 1 1 1 1 1 1 1 1 1 
13 13 13 13 13 13 13 13 2 2 2 2 2 2 2 2 2 2 2 2 2 2 2 9 9 9 9 9 9 9 9 9 9 9 9 9 4 4 4 4 4 4 10 10 10 10 10 10 10 10 10 10 10 10 10 11 11 11 11 11 11 11 11 11 11 11 11 11 11 17 17 17 17 17 17 17 17 17 17 17 17 17 17 17 17 7 7 1 1 1 1 1 1 1 1 1 1 1 1 1 
13 13 13 13 13 13 13 13 2 2 2 2 2 2 2 2 2 2 2 2 2 2 9 9 9 9 9 9 9 9 9 9 9 9 9 9 9 4 4 4 10 10 10 10 10 10 10 10 10 10 10 10 10 10 10 11 11 11 11 11 11 11 11 11 11 11 11 11 11 17 17 17 17 17 17 17 17 17 17 17 17 17 17 17 7 7 7 7 7 7 7 7 1 1 1 1 1 1 13 13 
13 13 13 13 13 13 13 13 13 2 2 2 2 2 2 2 2 2 2 2 2 9 9 9 9 9 9 9 9 9 9 9 9 9 9 9 9 4 10 10 10 10 10 10 10 10 10 10 10 10 10 10 10 10 10 11 11 11 11 11 11 11 11 11 11 11 11 11 17 17 17 17 17 17 17 17 17 17 17 17 17 17 17 17 7 7 7 7 7 7 7 7 7 7 7 7 13 13 13 13 
13 13 13 13 13 13 13 13 13 13 2 2 2 2 2 2 2 2 2 2 9 9 9 9 9 9 9 9 9 9 9 9 9 9 9 9 9 9 10 10 10 10 10 10 10 10 10 10 10 10 10 10 10 10 10 11 11 11 11 11 11 11 11 11 11 11 11 11 17 17 17 17 17 17 17 17 17 17 17 17 17 17 17 17 7 7 7 7 7 7 7 7 7 7 7 7 7 13 13 13 
13 13 13 13 13 13 13 13 13 13 2 2 2 2 2 2 2 2 2 9 9 9 9 9 9 9 9 9 9 9 9 9 9 9 9 9 9 9 10 10 10 10 10 10 10 10 10 10 10 10 10 10 10 10 10 11 11 11 11 11 11 11 11 11 11 11 11 17 17 17 17 17 17 17 17 17 17 17 17 17 17 17 17 17 7 7 7 7 7 7 7 7 7 7 7 7 7 13 13 13 
13 13 13 13 13 13 13 13 13 13 13 2 2 2 2 2 2 2 9 9 9 9 9 9 9 9 9 9 9 9 9 9 9 9 9 9 9 15 10 10 10 10 10 10 10 10 10 10 10 10 10 10 10 10 10 11 11 11 11 11 11 11 11 11 11 11 11 17 17 17 17 17 17 17 17 17 17 17 17 17 17 17 17 17 7 7 7 7 7 7 7 7 7 7 7 7 7 13 13 13 
13 13 13 13 13 13 13 13 13 13 13 13 2 2 2 2 2 9 9 9 9 9 9 9 9 9 9 9 9 9 9 9 9 9 9 9 9 15 15 15 10 10 10 10 10 10 10 10 10 10 10 10 10 10 10 11 11 11 11 11 11 11 11 11 11 11 17 17 17 17 17 17 17 17 17 17 17 17 17 17 17 17 17 17 7 7 7 7 7 7 7 7 7 7 7 7 7 13 13 13 
13 13 13 13 13 13 13 13 13 13 13 13 2 2 2 2 9 9 9 9 9 9 9 9 9 9 9 9 9 9 9 9 9 9 9 9 15 15 15 15 15 15 10 10 10 10 10 10 10 10 10 10 10 10 10 11 11 11 11 11 11 11 11 11 11 11 17 17 17 17 17 17 17 17 17 17 17 17 17 17 17 17 17 17 7 7 7 7 7 7 7 7 7 7 7 7 7 13 13 13 
13 13 13 13 13 13 13 13 13 13 13 13 13 2 2 9 9 9 9 9 9 9 9 9 9 9 9 9 9 9 9 9 9 9 9 15 15 15 15 15 15 15 15 15 10 10 10 10 10 10 10 10 10 10 10 11 11 11 11 11 11 11 11 11 11 17 17 17 17 17 17 17 17 17 17 17 17 17 17 17 17 17 17 7 7 7 7 7 7 7 7 7 7 7 7 7 7 13 13 13 
13 13 13 13 13 13 13 13 13 13 13 13 13 13 9 9 9 9 9 9 9 9 9 9 9 9 9 9 9 9 9 9 9 9 15 15 15 15 15 15 15 15 15 15 15 10 10 10 10 10 10 10 10 10 10 10 11 11 11 11 11 11 11 11 11 17 17 17 17 17 17 17 17 17 17 17 17 17 17 17 17 17 17 7 7 7 7 7 7 7 7 7 7 7 7 7 7 13 13 13 
13 13 13 13 13 13 13 13 13 13 13 13 13 13 9 9 9 9 9 9 9 9 9 9 9 9 9 9 9 9 9 9 9 15 15 15 15 15 15 15 15 15 15 15 15 15 15 10 10 10 10 10 10 10 10 10 11 11 11 11 11 11 11 11 17 17 17 17 17 17 17 17 17 17 17 17 17 17 17 17 17 17 17 7 7 7 7 7 7 7 7 7 7 7 7 7 7 13 13 13 
13 13 13 13 13 13 13 13 13 13 13 13 13 13 8 8 8 9 9 9 9 9 9 9 9 9 9 9 9 9 9 9 9 15 15 15 15 15 15 15 15 15 15 15 15 15 15 15 15 10 10 10 10 10 10 10 11 11 11 11 11 11 11 11 17 17 17 17 17 17 17 17 17 17 17 17 17 17 17 17 17 17 17 7 7 7 7 7 7 7 7 7 7 7 7 7 7 13 13 13 
13 13 13 13 13 13 13 13 13 13 13 13 13 8 8 8 8 8 8 8 8 9 9 9 9 9 9 9 9 9 9 9 15 15 15 15 15 15 15 15 15 15 15 15 15 15 15 15 15 15 15 10 10 10 10 10 11 11 11 11 11 11 11 17 17 17 17 17 17 17 17 17 17 17 17 17 17 17 17 17 17 17 17 7 7 7 7 7 7 7 7 7 7 7 7 7 7 13 13 13 
13 13 13 13 13 13 13 13 13 13 13 13 13 8 8 8 8 8 8 8 8 8 8 8 8 9 9 9 9 9 9 15 15 15 15 15 15 15 15 15 15 15 15 15 15 15 15 15 15 15 15 15 10 10 10 10 11 11 11 11 11 11 11 17 17 17 17 17 17 17 17 17 17 17 17 17 17 17 17 17 17 17 17 7 7 7 7 7 7 7 7 7 7 7 7 7 7 13 13 13 
13 13 13 13 13 13 13 13 13 13 13 13 8 8 8 8 8 8 8 8 8 8 8 8 8 8 8 8 9 14 14 15 15 15 15 15 15 15 15 15 15 15 15 15 15 15 15 15 15 15 15 15 15 15 10 10 11 11 11 11 11 11 17 17 17 17 17 17 17 17 17 17 17 17 17 17 17 17 17 12 12 12 12 12 7 7 7 7 7 7 7 7 7 7 7 7 7 13 13 13 
13 13 13 13 13 13 13 13 13 13 13 8 8 8 8 8 8 8 8 8 8 8 8 8 8 8 8 8 14 14 14 15 15 15 15 15 15 15 15 15 15 15 15 15 15 15 15 15 15 15 15 15 15 15 15 15 11 11 11 11 11 11 17 17 17 17 17 17 17 17 17 17 17 17 12 12 12 12 12 12 12 12 12 12 7 7 7 7 7 7 7 7 7 7 7 7 7 13 13 13 
13 13 13 13 13 13 13 13 13 13 13 8 8 8 8 8 8 8 8 8 8 8 8 8 8 8 8 14 14 14 14 15 15 15 15 15 15 15 15 15 15 15 15 15 15 15 15 15 15 15 15 15 15 15 15 15 15 11 11 11 11 17 17 17 17 17 17 17 17 17 12 12 12 12 12 12 12 12 12 12 12 12 12 12 12 7 7 7 7 7 7 7 7 7 7 7 7 13 13 13 
13 13 13 13 13 13 13 13 13 13 8 8 8 8 8 8 8 8 8 8 8 8 8 8 8 8 14 14 14 14 14 14 15 15 15 15 15 15 15 15 15 15 15 15 15 15 15 15 15 15 15 15 15 15 15 15 16 16 16 16 23 23 23 23 17 17 12 12 12 12 12 12 12 12 12 12 12 12 12 12 12 12 12 12 12 12 7 7 7 7 7 7 7 7 7 7 7 13 13 13 
13 13 13 13 13 13 13 13 13 13 8 8 8 8 8 8 8 8 8 8 8 8 8 8 8 8 14 14 14 14 14 14 15 15 15 15 15 15 15 15 15 15 15 15 15 15 15 15 15 15 15 15 15 15 15 16 16 16 16 16 23 23 23 23 23 23 12 12 12 12 12 12 12 12 12 12 12 12 12 12 12 12 12 12 12 12 12 7 7 7 7 7 7 7 19 19 19 19 19 13 
19 13 13 13 13 13 13 13 13 8 8 8 8 8 8 8 8 8 8 8 8 8 8 8 8 14 14 14 14 14 14 14 14 15 15 15 15 15 15 15 15 15 15 15 15 15 15 15 15 15 15 15 15 16 16 16 16 16 16 16 23 23 23 23 23 23 23 12 12 12 12 12 12 12 12 12 12 12 12 12 12 12 12 12 12 12 12 7 7 7 19 19 19 19 19 19 19 19 19 19 
19 19 19 13 13 13 13 13 8 8 8 8 8 8 8 8 8 8 8 8 8 8 8 8 8 14 14 14 14 14 14 14 14 15 15 15 15 15 15 15 15 15 15 15 15 15 15 15 15 15 15 15 16 16 16 16 16 16 16 16 23 23 23 23 23 23 23 23 23 12 12 12 12 12 12 12 12 12 12 12 12 12 12 12 12 12 12 12 19 19 19 19 19 19 19 19 19 19 19 19 
19 19 19 19 19 13 13 13 8 8 8 8 8 8 8 8 8 8 8 8 8 8 8 8 14 14 14 14 14 14 14 14 14 14 15 15 15 15 15 15 15 15 15 15 15 15 15 15 15 15 16 16 16 16 16 16 16 16 16 16 23 23 23 23 23 23 23 23 23 23 12 12 12 12 12 12 12 12 12 12 12 12 12 12 12 12 12 19 19 19 19 19 19 19 19 19 19 19 19 19 
19 19 19 19 19 19 19 8 8 8 8 8 8 8 8 8 8 8 8 8 8 8 8 14 14 14 14 14 14 14 14 14 14 14 15 15 15 15 15 15 15 15 15 15 15 15 15 15 15 16 16 16 16 16 16 16 16 16 16 16 23 23 23 23 23 23 23 23 23 23 23 23 12 12 12 12 12 12 12 12 12 12 12 12 12 12 18 19 19 19 19 19 19 19 19 19 19 19 19 19 
19 19 19 19 19 19 19 8 8 8 8 8 8 8 8 8 8 8 8 8 8 8 8 14 14 14 14 14 14 14 14 14 14 14 14 15 15 15 15 15 15 15 15 15 15 15 15 16 16 16 16 16 16 16 16 16 16 16 16 16 23 23 23 23 23 23 23 23 23 23 23 23 23 12 12 12 12 12 12 12 12 12 12 18 18 18 18 18 19 19 19 19 19 19 19 19 19 19 19 19 
19 19 19 19 19 19 19 19 8 8 8 8 8 8 8 8 8 8 8 8 8 8 14 14 14 14 14 14 14 14 14 14 14 14 14 15 15 15 15 15 15 15 15 15 15 15 16 16 16 16 16 16 16 16 16 16 16 16 16 16 23 23 23 23 23 23 23 23 23 23 23 23 23 23 23 12 12 12 12 12 18 18 18 18 18 18 18 18 19 19 19 19 19 19 19 19 19 19 19 19 
19 19 19 19 19 19 19 19 8 8 8 8 8 8 8 8 8 8 8 8 8 8 14 14 14 14 14 14 14 14 14 14 14 14 14 14 15 15 15 15 15 15 15 15 16 16 16 16 16 16 16 16 16 16 16 16 16 16 16 16 16 23 23 23 23 23 23 23 23 23 23 23 23 23 23 23 12 18 18 18 18 18 18 18 18 18 18 18 19 19 19 19 19 19 19 19 19 19 19 19 
19 19 19 19 19 19 19 19 8 8 8 8 8 8 8 8 8 8 8 8 8 14 14 14 14 14 14 14 14 14 14 14 14 14 14 14 15 15 15 15 15 15 15 16 16 16 16 16 16 16 16 16 16 16 16 16 16 16 16 16 16 23 23 23 23 23 23 23 23 23 23 23 23 23 23 23 23 18 18 18 18 18 18 18 18 18 18 18 19 19 19 19 19 19 19 19 19 19 19 19 
19 19 19 19 19 19 19 19 8 8 8 8 8 8 8 8 8 8 8 8 14 14 14 14 14 14 14 14 14 14 14 14 14 14 14 14 14 15 15 15 15 16 16 16 16 16 16 16 16 16 16 16 16 16 16 16 16 16 16 16 16 23 23 23 23 23 23 23 23 23 23 23 23 23 23 23 23 18 18 18 18 18 18 18 18 18 18 18 19 19 19 19 19 19 19 19 19 19 19 19 
19 19 19 19 19 19 19 19 8 8 8 8 8 8 8 8 8 8 8 8 14 14 14 14 14 14 14 14 14 14 14 14 14 14 14 14 14 21 21 21 16 16 16 16 16 16 16 16 16 16 16 16 16 16 16 16 16 16 16 16 16 23 23 23 23 23 23 23 23 23 23 23 23 23 23 23 23 18 18 18 18 18 18 18 18 18 18 18 18 19 19 19 19 19 19 19 19 19 19 19 
19 19 19 19 19 19 19 19 19 8 8 8 8 8 8 8 8 8 8 14 14 14 14 14 14 14 14 14 14 14 14 14 14 14 14 14 21 21 21 21 21 16 16 16 16 16 16 16 16 16 16 16 16 16 16 16 16 16 16 16 16 23 23 23 23 23 23 23 23 23 23 23 23 23 23 23 23 18 18 18 18 18 18 18 18 18 18 18 18 19 19 19 19 19 19 19 19 19 19 19 
19 19 19 19 19 19 19 19 19 8 8 20 20 20 20 20 20 20 20 20 14 14 14 14 14 14 14 14 14 14 14 14 14 14 14 21 21 21 21 21 21 21 16 16 16 16 16 16 16 16 16 16 16 16 16 16 16 16 16 16 16 23 23 23 23 23 23 23 23 23 23 23 23 23 23 23 23 18 18 18 18 18 18 18 18 18 18 18 18 19 19 19 19 19 19 19 19 19 19 19 
19 19 19 19 19 19 19 19 19 20 20 20 20 20 20 20 20 20 20 20 20 20 20 14 14 14 14 14 14 14 14 14 14 14 21 21 21 21 21 21 21 21 21 16 16 16 16 16 16 16 16 16 16 16 16 16 16 16 16 16 16 23 23 23 23 23 23 23 23 23 23 23 23 23 23 23 23 18 18 18 18 18 18 18 18 18 18 18 18 19 19 19 19 19 19 19 19 19 19 19 
19 19 19 19 19 19 19 19 20 20 20 20 20 20 20 20 20 20 20 20 20 20 20 20 20 14 14 14 14 14 14 14 14 21 21 21 21 21 21 21 21 21 21 16 16 16 16 16 16 16 16 16 16 16 16 16 16 16 16 16 16 23 23 23 23 23 23 23 23 23 23 23 23 23 23 23 23 18 18 18 18 18 18 18 18 18 18 18 18 19 19 19 19 19 19 19 19 19 19 19 
19 19 19 19 19 19 19 19 20 20 20 20 20 20 20 20 20 20 20 20 20 20 20 20 20 20 20 14 14 14 14 14 21 21 21 21 21 21 21 21 21 21 21 21 16 16 16 16 16 16 16 16 16 16 16 16 16 16 16 16 16 23 23 23 23 23 23 23 23 23 23 23 23 23 23 23 23 18 18 18 18 18 18 18 18 18 18 18 18 19 19 19 19 19 19 19 19 19 19 19 
19 19 19 19 19 19 19 20 20 20 20 20 20 20 20 20 20 20 20 20 20 20 20 20 20 20 20 20 20 14 14 21 21 21 21 21 21 21 21 21 21 21 21 21 22 22 22 22 22 22 16 16 16 16 16 16 16 16 16 16 16 23 23 23 23 23 23 23 23 23 23 23 23 23 23 23 23 18 18 18 18 18 18 18 18 18 18 18 18 18 19 19 19 19 19 19 19 19 19 19 
19 19 19 19 19 19 19 20 20 20 20 20 20 20 20 20 20 20 20 20 20 20 20 20 20 20 20 20 20 20 20 21 21 21 21 21 21 21 21 21 21 21 21 21 22 22 22 22 22 22 22 22 22 22 22 16 16 16 16 16 16 23 23 23 23 23 23 23 23 23 23 23 23 23 23 23 24 24 24 18 18 18 18 18 18 18 18 18 18 18 19 19 19 19 19 19 19 19 19 19 
19 19 19 19 19 19 20 20 20 20 20 20 20 20 20 20 20 20 20 20 20 20 20 20 20 20 20 20 20 20 20 21 21 21 21 21 21 21 21 21 21 21 21 21 22 22 22 22 22 22 22 22 22 22 22 22 22 22 22 22 22 23 23 23 23 23 23 23 23 23 23 23 23 23 24 24 24 24 24 24 24 24 24 18 18 18 18 18 18 18 19 19 19 19 19 19 19 19 19 19 
19 19 19 19 19 19 20 20 20 20 20 20 20 20 20 20 20 20 20 20 20 20 20 20 20 20 20 20 20 20 20 21 21 21 21 21 21 21 21 21 21 21 21 21 22 22 22 22 22 22 22 22 22 22 22 22 22 22 22 22 22 22 23 23 23 23 23 23 23 23 23 23 24 24 24 24 24 24 24 24 24 24 24 24 24 24 24 18 18 18 19 19 19 19 19 19 19 19 19 19 
19 19 19 19 19 20 20 20 20 20 20 20 20 20 20 20 20 20 20 20 20 20 20 20 20 20 20 20 20 20 20 21 21 21 21 21 21 21 21 21 21 21 21 21 22 22 22 22 22 22 22 22 22 22 22 22 22 22 22 22 22 22 23 23 23 23 23 23 23 23 24 24 24 24 24 24 24 24 24 24 24 24 24 24 24 24 24 24 24 24 19 19 19 19 19 19 19 19 19 19 
19 19 19 19 19 20 20 20 20 20 20 20 20 20 20 20 20 20 20 20 20 20 20 20 20 20 20 20 20 20 20 21 21 21 21 21 21 21 21 21 21 21 21 21 22 22 22 22 22 22 22 22 22 22 22 22 22 22 22 22 22 22 23 23 23 23 23 24 24 24 24 24 24 24 24 24 24 24 24 24 24 24 24 24 24 24 24 24 24 24 24 19 19 19 19 19 19 19 19 19 
19 19 19 19 20 20 20 20 20 20 20 20 20 20 20 20 20 20 20 20 20 20 20 20 20 20 20 20 20 20 20 21 21 21 21 21 21 21 21 21 21 21 21 21 21 22 22 22 22 22 22 22 22 22 22 22 22 22 22 22 22 22 29 29 23 24 24 24 24 24 24 24 24 24 24 24 24 24 24 24 24 24 24 24 24 24 24 24 24 24 24 25 25 25 25 25 25 19 19 19 
25 25 25 25 20 20 20 20 20 20 20 20 20 20 20 20 20 20 20 20 20 20 20 20 20 20 20 20 20 20 20 21 21 21 21 21 21 21 21 21 21 21 21 21 21 22 22 22 22 22 22 22 22 22 22 22 22 22 22 22 22 22 29 29 29 24 24 24 24 24 24 24 24 24 24 24 24 24 24 24 24 24 24 24 24 24 24 24 24 24 25 25 25 25 25 25 25 25 25 25 
25 25 25 25 20 20 20 20 20 20 20 20 20 20 20 20 20 20 20 20 20 20 20 20 20 20 20 20 20 20 20 21 21 21 21 21 21 21 21 21 21 21 21 21 21 22 22 22 22 22 22 22 22 22 22 22 22 22 22 22 22 29 29 29 29 29 29 24 24 24 24 24 24 24 24 24 24 24 24 24 24 24 24 24 24 24 24 24 24 25 25 25 25 25 25 25 25 25 25 25 
25 25 25 25 25 20 20 20 20 20 20 20 20 20 20 20 20 20 20 20 20 20 20 20 20 20 20 20 20 20 20 21 21 21 21 21 21 21 21 21 21 21 21 21 21 22 22 22 22 22 22 22 22 22 22 22 22 22 22 22 29 29 29 29 29 29 29 29 24 24 24 24 24 24 24 24 24 24 24 24 24 24 24 24 24 24 24 24 24 25 25 25 25 25 25 25 25 25 25 25 
25 25 25 25 25 20 20 20 20 20 20 20 20 20 20 20 20 20 20 20 20 20 20 20 20 20 20 20 20 20 20 21 21 21 21 21 21 21 21 21 27 27 27 27 27 27 22 22 22 22 22 22 22 22 22 22 22 22 22 29 29 29 29 29 29 29 29 29 29 24 24 24 24 24 24 24 24 24 24 24 24 24 24 24 24 24 24 24 25 25 25 25 25 25 25 25 25 25 25 25 
25 25 25 25 25 25 20 20 20 20 20 20 20 20 20 20 20 20 20 20 20 20 20 20 20 20 20 20 20 20 20 21 21 27 27 27 27 27 27 27 27 27 27 27 27 27 27 27 27 22 22 22 22 22 22 22 22 22 29 29 29 29 29 29 29 29 29 29 29 29 24 24 24 24 24 24 24 24 24 24 24 24 24 24 24 24 24 25 25 25 25 25 25 25 25 25 25 25 25 25 
25 25 25 25 25 25 20 20 20 20 20 20 20 20 20 20 20 20 20 20 20 20 20 20 20 20 20 20 20 20 20 27 27 27 27 27 27 27 27 27 27 27 27 27 27 27 27 27 27 27 27 22 22 22 22 22 22 29 29 29 29 29 29 29 29 29 29 29 29 29 29 24 24 24 24 24 24 24 24 24 24 24 24 24 24 24 25 25 25 25 25 25 25 25 25 25 25 25 25 25 
25 25 25 25 25 25 25 20 20 20 20 20 20 20 20 20 20 20 20 20 20 20 20 20 20 20 20 20 20 20 27 27 27 27 27 27 27 27 27 27 27 27 27 27 27 27 27 27 27 27 27 27 27 22 22 22 29 29 29 29 29 29 29 29 29 29 29 29 29 29 29 29 24 24 24 24 24 24 24 24 24 24 24 24 24 25 25 25 25 25 25 25 25 25 25 25 25 25 25 25 
25 25 25 25 25 25 25 20 20 20 20 20 20 20 20 20 20 20 20 20 20 20 20 20 20 20 20 20 20 20 27 27 27 27 27 27 27 27 27 27 27 27 27 27 27 27 27 27 27 27 27 27 27 27 27 22 29 29 29 29 29 29 29 29 29 29 29 29 29 29 29 29 29 24 24 24 24 24 24 24 24 24 24 24 25 25 25 25 25 25 25 25 25 25 25 25 25 25 25 25 
25 25 25 25 25 25 25 25 20 20 20 20 20 20 20 20 20 20 20 20 20 20 20 20 20 20 20 20 20 27 27 27 27 27 27 27 27 27 27 27 27 27 27 27 27 27 27 27 27 27 27 27 27 27 27 29 29 29 29 29 29 29 29 29 29 29 29 29 29 29 29 29 29 29 24 24 24 24 24 24 24 24 24 24 25 25 25 25 25 25 25 25 25 25 25 25 25 25 25 25 
25 25 25 25 25 25 25 25 20 20 20 20 20 20 20 20 20 20 20 20 20 20 20 20 20 20 20 20 20 27 27 27 27 27 27 27 27 27 27 27 27 27 27 27 27 27 27 27 27 27 27 27 27 27 27 29 29 29 29 29 29 29 29 29 29 29 29 29 29 29 29 29 29 29 29 24 24 24 24 24 24 24 24 25 25 25 25 25 25 25 25 25 25 25 25 25 25 25 25 25 
25 25 25 25 25 25 25 25 25 20 20 20 20 20 20 20 20 20 20 20 20 20 20 20 20 20 20 20 27 27 27 27 27 27 27 27 27 27 27 27 27 27 27 27 27 27 27 27 27 27 27 27 27 27 27 29 29 29 29 29 29 29 29 29 29 29 29 29 29 29 29 29 29 29 29 29 24 24 24 24 24 24 25 25 25 25 25 25 25 25 25 25 25 25 25 25 25 25 25 25 
25 25 25 25 25 25 25 25 26 26 26 26 26 20 20 20 20 20 20 20 20 20 20 20 20 20 20 27 27 27 27 27 27 27 27 27 27 27 27 27 27 27 27 27 27 27 27 27 27 27 27 27 27 27 27 29 29 29 29 29 29 29 29 29 29 29 29 29 29 29 29 29 29 29 29 29 29 24 24 24 24 25 25 25 25 25 25 25 25 25 25 25 25 25 25 25 25 25 25 25 
25 25 25 25 25 25 25 25 26 26 26 26 26 26 26 26 26 26 26 26 20 20 20 20 20 20 20 27 27 27 27 27 27 27 27 27 27 27 27 27 27 27 27 27 27 27 27 27 27 27 27 27 27 27 27 35 35 29 29 29 29 29 29 29 29 29 29 29 29 29 29 29 29 29 29 29 29 29 24 24 25 25 25 25 25 25 25 25 25 25 25 25 25 25 25 25 25 25 25 25 
25 25 25 25 25 25 25 26 26 26 26 26 26 26 26 26 26 26 26 26 26 26 26 26 26 26 27 27 27 27 27 27 27 27 27 27 27 27 27 27 27 27 27 27 27 27 27 27 27 27 27 27 27 27 35 35 35 35 35 35 29 29 29 29 29 29 29 29 29 29 29 29 29 29 29 29 29 29 29 25 25 25 25 25 25 25 25 25 25 25 25 25 25 25 25 25 25 25 25 25 
25 25 25 25 25 25 25 26 26 26 26 26 26 26 26 26 26 26 26 26 26 26 26 26 26 26 26 27 27 27 27 27 27 27 27 27 27 27 27 27 27 27 27 27 27 27 27 27 27 27 27 27 28 28 35 35 35 35 35 35 35 35 35 29 29 29 29 29 29 29 29 29 29 29 29 29 29 29 29 25 25 25 25 25 25 25 25 25 25 25 25 25 25 25 25 25 25 25 25 25 
25 25 25 25 25 25 26 26 26 26 26 26 26 26 26 26 26 26 26 26 26 26 26 26 26 26 33 33 33 27 27 27 27 27 27 27 27 27 27 27 27 27 27 27 27 27 27 27 27 28 28 28 28 28 35 35 35 35 35 35 35 35 35 35 35 35 29 29 29 29 29 29 29 29 29 29 29 29 29 25 25 25 25 25 25 25 25 25 25 25 25 25 25 25 25 25 25 25 25 25 
25 25 25 25 25 26 26 26 26 26 26 26 26 26 26 26 26 26 26 26 26 26 26 26 26 26 33 33 33 33 27 27 27 27 27 27 27 27 27 27 27 27 27 27 27 27 28 28 28 28 28 28 28 28 28 35 35 35 35 35 35 35 35 35 35 35 35 35 35 29 29 29 29 29 29 29 29 29 29 25 25 25 25 25 25 25 25 25 25 25 25 25 25 25 25 25 25 25 25 25 
25 25 25 25 25 26 26 26 26 26 26 26 26 26 26 26 26 26 26 26 26 26 26 26 26 26 33 33 33 33 33 33 27 27 27 27 27 27 27 27 27 27 27 28 28 28 28 28 28 28 28 28 28 28 28 35 35 35 35 35 35 35 35 35 35 35 35 35 35 35 35 35 29 29 29 29 29 29 29 25 25 25 25 25 25 25 25 25 25 25 25 25 25 25 25 25 25 25 25 25 
25 25 25 25 26 26 26 26 26 26 26 26 26 26 26 26 26 26 26 26 26 26 26 26 26 26 33 33 33 33 33 33 33 33 27 27 27 27 27 27 28 28 28 28 28 28 28 28 28 28 28 28 28 28 28 35 35 35 35 35 35 35 35 35 35 35 35 35 35 35 35 35 35 35 35 29 29 29 29 25 25 25 25 25 25 25 25 25 25 25 25 25 25 25 25 25 25 25 25 25 
25 25 25 31 26 26 26 26 26 26 26 26 26 26 26 26 26 26 26 26 26 26 26 26 26 33 33 33 33 33 33 33 33 33 33 27 28 28 28 28 28 28 28 28 28 28 28 28 28 28 28 28 28 28 28 28 35 35 35 35 35 35 35 35 35 35 35 35 35 35 35 35 35 35 35 35 35 29 29 25 25 25 25 25 25 25 25 25 25 25 25 25 25 25 25 25 25 25 25 25 
25 31 31 31 31 26 26 26 26 26 26 26 26 26 26 26 26 26 26 26 26 26 26 26 26 33 33 33 33 33 33 33 33 33 33 33 28 28 28 28 28 28 28 28 28 28 28 28 28 28 28 28 28 28 28 28 35 35 35 35 35 35 35 35 35 35 35 35 35 35 35 35 35 35 35 35 35 35 35 36 25 25 25 25 25 25 25 25 25 25 25 25 25 25 25 25 25 25 25 25 
31 31 31 31 31 26 26 26 26 26 26 26 26 26 26 26 26 26 26 26 26 26 26 26 26 33 33 33 33 33 33 33 33 33 33 33 28 28 28 28 28 28 28 28 28 28 28 28 28 28 28 28 28 28 28 28 35 35 35 35 35 35 35 35 35 35 35 35 35 35 35 35 35 35 35 35 35 35 36 36 30 30 30 30 30 30 30 30 30 30 30 30 30 30 30 30 30 30 30 30 
31 31 31 31 31 31 26 26 26 26 26 26 26 26 26 26 26 26 26 26 26 26 26 26 33 33 33 33 33 33 33 33 33 33 33 33 33 28 28 28 28 28 28 28 28 28 28 28 28 28 28 28 28 28 28 28 28 35 35 35 35 35 35 35 35 35 35 35 35 35 35 35 35 35 35 35 35 36 36 36 36 30 30 30 30 30 30 30 30 30 30 30 30 30 30 30 30 30 30 31 
31 31 31 31 31 31 26 26 26 26 26 26 26 26 26 26 26 26 26 26 26 26 26 26 33 33 33 33 33 33 33 33 33 33 33 33 33 28 28 28 28 28 28 28 28 28 28 28 28 28 28 28 28 28 28 28 28 35 35 35 35 35 35 35 35 35 35 35 35 35 35 35 35 35 35 35 36 36 36 36 36 30 30 30 30 30 30 30 30 30 30 30 30 30 30 30 30 30 30 31 
31 31 31 31 31 31 26 26 26 26 26 26 26 26 26 26 26 26 26 26 26 26 26 26 33 33 33 33 33 33 33 33 33 33 33 33 33 28 28 28 28 28 28 28 28 28 28 28 28 28 28 28 28 28 28 28 28 35 35 35 35 35 35 35 35 35 35 35 35 35 35 35 35 35 35 36 36 36 36 36 36 36 30 30 30 30 30 30 30 30 30 30 30 30 30 30 30 30 30 31 
31 31 31 31 31 31 31 26 26 26 26 26 26 26 26 26 26 26 26 26 26 26 26 26 33 33 33 33 33 33 33 33 33 33 33 33 33 34 28 28 28 28 28 28 28 28 28 28 28 28 28 28 28 28 28 28 28 28 35 35 35 35 35 35 35 35 35 35 35 35 35 35 35 35 36 36 36 36 36 36 36 36 30 30 30 30 30 30 30 30 30 30 30 30 30 30 30 30 31 31 
31 31 31 31 31 31 31 26 26 26 26 26 26 26 26 26 26 26 26 26 26 26 26 33 33 33 33 33 33 33 33 33 33 33 33 33 33 34 34 34 34 28 28 28 28 28 28 28 28 28 28 28 28 28 28 28 28 28 35 35 35 35 35 35 35 35 35 35 35 35 35 35 35 36 36 36 36 36 36 36 36 36 36 30 30 30 30 30 30 30 30 30 30 30 30 30 30 30 31 31 
31 31 31 31 31 31 31 31 26 26 26 26 26 26 26 26 26 26 26 26 26 26 26 33 33 33 33 33 33 33 33 33 33 33 33 33 33 34 34 34 34 34 34 28 28 28 28 28 28 28 28 28 28 28 28 28 28 28 35 35 35 35 35 35 35 35 35 35 35 35 5 5 36 36 36 36 36 36 36 36 36 36 36 30 30 30 30 30 30 30 30 30 30 30 30 30 30 31 31 31 
31 31 31 31 31 31 31 31 26 26 26 26 26 26 26 26 26 26 26 26 26 26 26 33 33 33 33 33 33 33 33 33 33 33 33 33 33 34 34 34 34 34 34 34 34 34 28 28 28 28 28 28 28 28 28 28 28 28 28 35 35 35 35 35 35 35 5 5 5 5 5 5 36 36 36 36 36 36 36 36 36 36 36 36 30 30 30 30 30 30 30 30 30 30 30 30 30 31 31 31 
31 31 31 31 31 31 31 31 31 26 26 26 26 26 26 26 26 26 26 26 26 26 33 33 33 33 33 33 33 33 33 33 33 33 33 33 33 34 34 34 34 34 34 34 34 34 34 34 28 28 28 28 28 28 28 28 28 28 28 35 35 35 5 5 5 5 5 5 5 5 5 5 5 36 36 36 36 36 36 36 36 36 36 36 30 30 30 30 30 30 30 30 30 30 30 30 30 31 31 31 
31 31 31 31 31 31 31 31 31 26 26 26 26 26 26 26 26 26 26 26 26 26 33 33 33 33 33 33 33 33 33 33 33 33 33 33 33 34 34 34 34 34 34 34 34 34 34 34 34 34 34 28 28 28 28 28 28 28 28 5 5 5 5 5 5 5 5 5 5 5 5 5 5 36 36 36 36 36 36 36 36 36 36 36 36 30 30 30 30 30 30 30 30 30 30 30 31 31 31 31 
31 31 31 31 31 31 31 31 31 26 26 26 26 26 26 26 26 26 26 26 26 26 33 33 33 33 33 33 33 33 33 33 33 33 33 33 33 34 34 34 34 34 34 34 34 34 34 34 34 34 34 34 34 28 28 28 28 28 5 5 5 5 5 5 5 5 5 5 5 5 5 5 5 36 36 36 36 36 36 36 36 36 36 36 36 30 30 30 30 30 30 30 30 30 30 30 31 31 31 31 
31 31 31 31 31 31 31 31 31 31 26 26 26 26 26 26 26 26 26 26 26 32 32 33 33 33 33 33 33 33 33 33 33 33 33 33 34 34 34 34 34 34 34 34 34 34 34 34 34 34 34 34 34 34 34 34 28 28 5 5 5 5 5 5 5 5 5 5 5 5 5 5 5 5 36 36 36 36 36 36 36 36 36 36 36 36 30 30 30 30 30 30 30 30 30 31 31 31 31 31 
31 31 31 31 31 31 31 31 31 31 26 26 26 26 26 26 26 26 26 26 32 32 32 32 32 32 33 33 33 33 33 33 33 33 33 33 34 34 34 34 34 34 34 34 34 34 34 34 34 34 34 34 34 34 34 34 34 5 5 5 5 5 5 5 5 5 5 5 5 5 5 5 5 5 36 36 36 36 36 36 36 36 36 36 36 36 30 30 30 30 30 30 30 30 30 31 31 31 31 31 
31 31 31 31 31 31 31 31 31 31 31 26 26 26 26 26 26 26 26 32 32 32 32 32 32 32 32 32 32 33 33 33 33 33 33 33 34 34 34 34 34 34 34 34 34 34 34 34 34 34 34 34 34 34 34 34 34 5 5 5 5 5 5 5 5 5 5 5 5 5 5 5 5 5 36 36 36 36 36 36 36 36 36 36 36 36 36 30 30 30 30 30 30 30 30 31 31 31 31 31 
31 31 31 31 31 31 31 31 31 31 31 26 26 26 26 26 26 26 32 32 32 32 32 32 32 32 32 32 32 32 32 33 33 33 33 33 34 34 34 34 34 34 34 34 34 34 34 34 34 34 34 34 34 34 34 34 34 5 5 5 5 5 5 5 5 5 5 5 5 5 5 5 5 5 5 36 36 36 36 36 36 36 36 36 36 36 36 30 30 30 30 30 30 30 31 31 31 31 31 31 
