0 61775 64150 62025 62050
100 61800 64150 62025 62025
200 61725 64125 62050 62100
300 61750 64150 62050 62050
400 61800 64175 62025 62000
500 61825 64175 62050 61950
600 61875 64200 62050 61875
700 61875 64200 62050 61875
800 61800 64250 62025 61925
900 61775 64300 62025 61900
1000 61850 64275 62025 61850
1100 61825 64275 62050 61850
1200 61800 64250 62075 61875
1300 61850 64250 62075 61825
1400 61875 64275 62050 61800
1500 61875 64250 62050 61825
1600 61875 64250 62075 61800
1700 61925 64250 62075 61750
1800 62000 64250 62075 61675
1900 62000 64225 62075 61700
2000 62000 64250 62075 61675
2100 62025 64200 62100 61675
2200 62000 64175 62100 61725
2300 62000 64200 62075 61725
2400 61975 64225 62075 61725
2500 61975 64225 62100 61700
2600 61975 64175 62125 61725
2700 61950 64175 62125 61750
2800 61950 64150 62125 61775
2900 61975 64150 62150 61725
3000 61975 64150 62150 61725
3100 61975 64175 62125 61725
3200 61975 64175 62100 61750
3300 61975 64200 62125 61700
3400 62050 64125 62150 61675
3500 62025 64100 62175 61700
3600 62025 64075 62175 61725
3700 62075 64100 62150 61675
3800 62075 64075 62175 61675
3900 62100 64100 62175 61625
4000 62100 64125 62150 61625
4100 62150 64175 62125 61550
4200 62200 64200 62125 61475
4300 62150 64225 62125 61500
4400 62150 64225 62100 61525
4500 62175 64250 62075 61500
4600 62150 64225 62150 61475
4700 62175 64250 62125 61450
4800 62150 64275 62100 61475
4900 62150 64225 62100 61525
5000 62150 64250 62075 61525
5100 62100 64300 62100 61500
5200 62175 64300 62075 61450
5300 62175 64300 62100 61425
5400 62175 64325 62100 61400
5500 62150 64325 62100 61425
5600 62125 64350 62100 61425
5700 62150 64350 62100 61400
5800 62075 64325 62150 61450
5900 62100 64325 62150 61425
6000 62075 64350 62150 61425
6100 62050 64325 62150 61475
6200 62075 64325 62150 61450
6300 62100 64325 62125 61450
6400 62150 64325 62125 61400
6500 62150 64300 62125 61425
6600 62200 64300 62100 61400
6700 62200 64325 62100 61375
6800 62200 64350 62100 61350
6900 62225 64325 62150 61300
7000 62225 64325 62100 61350
7100 62225 64325 62125 61325
7200 62250 64300 62125 61325
7300 62275 64275 62125 61325
7400 62325 64275 62150 61250
7500 62325 64225 62150 61300
7600 62325 64200 62150 61325
7700 62325 64200 62150 61325
7800 62325 64200 62150 61325
7900 62300 64225 62125 61350
8000 62300 64250 62100 61350
8100 62300 64250 62100 61350
8200 62350 64250 62075 61325
8300 62350 64250 62075 61325
8400 62300 64250 62100 61350
8500 62300 64275 62100 61325
8600 62275 64250 62150 61325
8700 62275 64225 62150 61350
8800 62300 64200 62125 61375
8900 62300 64175 62125 61400
9000 62300 64175 62125 61400
9100 62300 64100 62150 61450
9200 62300 64100 62150 61450
9300 62250 64125 62125 61500
9400 62275 64125 62150 61450
9500 62275 64125 62150 61450
9600 62275 64150 62175 61400
9700 62275 64150 62175 61400
9800 62300 64150 62175 61375
9900 62325 64175 62175 61325
10000 62325 64175 62175 61325
10100 62275 64225 62175 61325
10200 62300 64225 62200 61275
10300 62300 64200 62225 61275
10400 62325 64225 62200 61250
10500 62300 64225 62200 61275
10600 62325 64200 62200 61275
10700 62350 64200 62200 61250
10800 62350 64225 62175 61250
10900 62375 64225 62175 61225
11000 62400 64250 62175 61175
11100 62400 64250 62175 61175
11200 62425 64275 62175 61125
11300 62500 64250 62175 61075
11400 62525 64250 62175 61050
11500 62550 64225 62175 61050
11600 62550 64250 62175 61025
11700 62550 64275 62125 61050
11800 62525 64250 62150 61075
11900 62525 64275 62150 61050
12000 62525 64250 62150 61075
12100 62525 64250 62150 61075
12200 62525 64250 62150 61075
12300 62525 64250 62125 61100
12400 62525 64250 62150 61075
12500 62500 64225 62175 61100
12600 62500 64250 62225 61025
12700 62475 64250 62225 61050
12800 62475 64250 62225 61050
12900 62475 64250 62225 61050
13000 62475 64250 62200 61075
13100 62500 64300 62150 61050
13200 62500 64275 62150 61075
13300 62500 64250 62150 61100
13400 62500 64250 62150 61100
13500 62500 64275 62150 61075
13600 62500 64300 62100 61100
13700 62550 64350 62075 61025
13800 62550 64375 62075 61000
13900 62500 64350 62175 60975
14000 62475 64325 62200 61000
14100 62475 64300 62175 61050
14200 62450 64300 62175 61075
14300 62475 64300 62175 61050
14400 62475 64300 62175 61050
14500 62475 64300 62175 61050
14600 62450 64300 62175 61075
14700 62475 64300 62150 61075
14800 62475 64300 62125 61100
14900 62450 64325 62125 61100
15000 62450 64325 62125 61100
15100 62400 64350 62150 61100
15200 62425 64350 62150 61075
15300 62450 64350 62150 61050
15400 62450 64350 62125 61075
15500 62425 64400 62100 61075
15600 62475 64400 62100 61025
15700 62500 64375 62100 61025
15800 62500 64375 62125 61000
15900 62525 64375 62125 60975
16000 62525 64325 62150 61000
16100 62525 64250 62150 61075
16200 62550 64225 62175 61050
16300 62550 64225 62200 61025
16400 62625 64225 62175 60975
16500 62675 64225 62175 60925
16600 62700 64225 62175 60900
16700 62700 64225 62175 60900
16800 62700 64225 62175 60900
16900 62700 64225 62175 60900
17000 62700 64200 62175 60925
17100 62700 64225 62150 60925
17200 62700 64225 62150 60925
17300 62700 64250 62125 60925
17400 62650 64275 62150 60925
17500 62650 64275 62150 60925
17600 62650 64250 62175 60925
17700 62650 64250 62175 60925
17800 62650 64250 62175 60925
17900 62650 64250 62175 60925
18000 62675 64250 62150 60925
18100 62675 64250 62150 60925
18200 62675 64250 62175 60900
18300 62650 64250 62175 60925
18400 62625 64250 62200 60925
18500 62625 64250 62200 60925
18600 62625 64225 62200 60950
18700 62625 64200 62225 60950
18800 62625 64175 62200 61000
18900 62600 64175 62225 61000
19000 62575 64175 62225 61025
19100 62575 64175 62225 61025
19200 62575 64175 62250 61000
19300 62525 64225 62275 60975
19400 62525 64275 62275 60925
19500 62525 64275 62275 60925
19600 62525 64250 62250 60975
19700 62525 64250 62250 60975
19800 62525 64250 62250 60975
19900 62500 64250 62275 60975
20000 62475 64250 62300 60975
20100 62475 64250 62325 60950
20200 62500 64250 62300 60950
20300 62500 64225 62300 60975
20400 62500 64200 62325 60975
20500 62500 64150 62350 61000
20600 62475 64150 62400 60975
20700 62475 64150 62400 60975
20800 62475 64150 62400 60975
20900 62475 64150 62400 60975
21000 62500 64175 62375 60950
21100 62475 64175 62400 60950
21200 62500 64175 62400 60925
21300 62500 64175 62400 60925
21400 62450 64175 62450 60925
21500 62450 64175 62400 60975
21600 62400 64175 62450 60975
21700 62375 64175 62475 60975
21800 62375 64175 62475 60975
21900 62375 64175 62475 60975
22000 62375 64175 62475 60975
22100 62375 64150 62475 61000
22200 62400 64175 62475 60950
22300 62400 64200 62450 60950
22400 62425 64225 62400 60950
22500 62475 64225 62375 60925
22600 62500 64225 62375 60900
22700 62500 64225 62375 60900
22800 62525 64225 62375 60875
22900 62550 64225 62375 60850
23000 62525 64275 62350 60850
23100 62525 64250 62350 60875
23200 62575 64225 62425 60775
23300 62625 64225 62450 60700
23400 62600 64250 62450 60700
23500 62600 64225 62450 60725
23600 62625 64250 62425 60700
23700 62625 64250 62425 60700
23800 62650 64250 62425 60675
23900 62650 64250 62425 60675
24000 62650 64250 62425 60675
24100 62650 64250 62425 60675
24200 62650 64250 62425 60675
24300 62650 64250 62425 60675
24400 62650 64250 62425 60675
24500 62650 64275 62450 60625
24600 62600 64300 62450 60650
24700 62625 64275 62425 60675
24800 62625 64300 62400 60675
24900 62650 64300 62375 60675
25000 62650 64300 62375 60675
25100 62625 64300 62375 60700
25200 62625 64300 62375 60700
25300 62625 64325 62375 60675
25400 62625 64325 62375 60675
25500 62625 64325 62375 60675
25600 62650 64325 62350 60675
25700 62650 64275 62375 60700
25800 62675 64325 62350 60650
25900 62675 64325 62350 60650
26000 62675 64350 62325 60650
26100 62675 64375 62300 60650
26200 62675 64400 62300 60625
26300 62700 64375 62300 60625
26400 62675 64450 62275 60600
26500 62675 64475 62275 60575
26600 62700 64450 62250 60600
26700 62700 64450 62250 60600
26800 62700 64475 62250 60575
26900 62725 64450 62250 60575
27000 62725 64425 62250 60600
27100 62750 64400 62225 60625
27200 62725 64400 62225 60650
27300 62750 64400 62200 60650
27400 62725 64400 62225 60650
27500 62750 64400 62200 60650
27600 62775 64375 62175 60675
27700 62825 64325 62175 60675
27800 62875 64325 62125 60675
27900 62875 64325 62125 60675
28000 62875 64275 62150 60700
28100 62875 64275 62150 60700
28200 62875 64200 62150 60775
28300 62850 64200 62150 60800
28400 62850 64175 62175 60800
28500 62850 64175 62175 60800
28600 62850 64175 62175 60800
28700 62850 64200 62150 60800
28800 62850 64200 62175 60775
28900 62850 64200 62175 60775
29000 62850 64225 62150 60775
29100 62850 64225 62150 60775
29200 62850 64225 62150 60775
29300 62850 64225 62175 60750
29400 62850 64225 62175 60750
29500 62850 64175 62200 60775
29600 62850 64200 62200 60750
29700 62825 64200 62200 60775
29800 62850 64175 62225 60750
29900 62850 64175 62225 60750
30000 62800 64175 62250 60775
30100 62800 64175 62250 60775
30200 62775 64200 62250 60775
30300 62775 64200 62250 60775
30400 62800 64200 62250 60750
30500 62800 64200 62225 60775
30600 62800 64200 62225 60775
30700 62800 64200 62225 60775
30800 62800 64200 62225 60775
30900 62825 64200 62225 60750
31000 62825 64200 62225 60750
31100 62800 64225 62225 60750
31200 62825 64225 62225 60725
31300 62800 64225 62225 60750
31400 62850 64225 62200 60725
31500 62875 64225 62200 60700
31600 62875 64225 62200 60700
31700 62900 64225 62200 60675
31800 62925 64225 62200 60650
31900 62925 64250 62175 60650
32000 62950 64225 62175 60650
32100 62950 64250 62175 60625
32200 63000 64275 62150 60575
32300 63075 64275 62150 60500
32400 63050 64250 62200 60500
32500 63050 64250 62200 60500
32600 63050 64250 62200 60500
32700 63050 64250 62250 60450
32800 63050 64250 62250 60450
32900 63050 64250 62250 60450
33000 63050 64250 62250 60450
33100 63050 64250 62250 60450
33200 63025 64250 62250 60475
33300 63025 64250 62225 60500
33400 63025 64250 62200 60525
33500 63000 64250 62225 60525
33600 63000 64250 62225 60525
33700 63000 64250 62225 60525
33800 63000 64275 62200 60525
33900 63000 64275 62200 60525
34000 63000 64275 62200 60525
34100 63000 64250 62200 60550
34200 63000 64275 62200 60525
34300 63000 64275 62200 60525
34400 63000 64300 62175 60525
34500 63000 64300 62150 60550
34600 63000 64300 62175 60525
34700 62950 64300 62175 60575
34800 62950 64300 62175 60575
34900 62950 64325 62150 60575
35000 62950 64325 62150 60575
35100 62950 64350 62125 60575
35200 62950 64350 62125 60575
35300 62950 64350 62125 60575
35400 62950 64325 62125 60600
35500 62950 64325 62125 60600
35600 62950 64325 62125 60600
35700 62950 64325 62125 60600
35800 62950 64325 62125 60600
35900 62950 64325 62125 60600
36000 62925 64325 62125 60625
36100 62925 64325 62125 60625
36200 62925 64325 62125 60625
36300 62925 64325 62125 60625
36400 62925 64325 62125 60625
36500 62925 64325 62125 60625
36600 62925 64300 62150 60625
36700 62925 64300 62150 60625
36800 62925 64300 62150 60625
36900 62900 64325 62175 60600
37000 62925 64300 62175 60600
37100 62925 64300 62175 60600
37200 62925 64300 62175 60600
37300 62950 64300 62150 60600
37400 62950 64300 62150 60600
37500 62950 64300 62150 60600
37600 62950 64300 62150 60600
37700 62950 64275 62150 60625
37800 62950 64275 62150 60625
37900 62950 64275 62150 60625
38000 62950 64275 62150 60625
38100 62950 64275 62150 60625
38200 62925 64275 62150 60650
38300 62925 64275 62150 60650
38400 62925 64275 62150 60650
38500 62925 64275 62150 60650
38600 62925 64250 62175 60650
38700 62925 64250 62175 60650
38800 62925 64250 62175 60650
38900 62925 64250 62175 60650
39000 62900 64250 62225 60625
39100 62875 64300 62225 60600
39200 62875 64300 62225 60600
39300 62850 64275 62225 60650
39400 62850 64275 62225 60650
39500 62850 64250 62225 60675
39600 62825 64275 62200 60700
39700 62825 64275 62200 60700
39800 62850 64275 62175 60700
39900 62850 64275 62175 60700
40000 62850 64275 62175 60700
40100 62850 64275 62175 60700
40200 62850 64275 62175 60700
40300 62850 64275 62175 60700
40400 62850 64275 62175 60700
40500 62875 64250 62175 60700
40600 62875 64225 62200 60700
40700 62875 64225 62250 60650
40800 62875 64225 62250 60650
40900 62875 64225 62250 60650
41000 62875 64250 62225 60650
41100 62875 64275 62225 60625
41200 62850 64275 62250 60625
41300 62850 64275 62225 60650
41400 62825 64275 62225 60675
41500 62800 64275 62250 60675
41600 62800 64275 62250 60675
41700 62800 64275 62250 60675
41800 62800 64250 62250 60700
41900 62800 64250 62250 60700
42000 62800 64250 62250 60700
42100 62800 64275 62225 60700
42200 62800 64275 62225 60700
42300 62825 64275 62200 60700
42400 62825 64275 62200 60700
42500 62825 64275 62200 60700
42600 62825 64250 62250 60675
42700 62825 64225 62250 60700
42800 62850 64250 62250 60650
42900 62875 64200 62250 60675
43000 62875 64200 62250 60675
43100 62875 64225 62225 60675
43200 62900 64225 62225 60650
43300 62850 64250 62250 60650
43400 62825 64250 62250 60675
43500 62825 64225 62250 60700
43600 62825 64225 62250 60700
43700 62825 64225 62250 60700
43800 62850 64225 62250 60675
43900 62850 64225 62250 60675
44000 62850 64225 62250 60675
44100 62825 64225 62250 60700
44200 62825 64200 62250 60725
44300 62850 64200 62250 60700
44400 62850 64200 62250 60700
44500 62850 64200 62250 60700
44600 62900 64150 62225 60725
44700 62925 64150 62225 60700
44800 62925 64150 62225 60700
44900 62925 64150 62200 60725
45000 62925 64100 62200 60775
45100 62950 64050 62200 60800
45200 62950 64025 62200 60825
45300 62925 64025 62225 60825
45400 62925 64050 62225 60800
45500 62975 64050 62200 60775
45600 62975 64050 62200 60775
45700 63000 64050 62200 60750
45800 63000 64075 62175 60750
45900 63025 64075 62200 60700
46000 63075 64075 62200 60650
46100 63125 64075 62200 60600
46200 63125 64100 62200 60575
46300 63125 64150 62200 60525
46400 63125 64150 62200 60525
46500 63125 64150 62225 60500
46600 63125 64125 62225 60525
46700 63100 64150 62225 60525
46800 63100 64150 62225 60525
46900 63100 64150 62225 60525
47000 63100 64175 62225 60500
47100 63100 64200 62225 60475
47200 63100 64200 62225 60475
47300 63100 64200 62225 60475
47400 63075 64200 62250 60475
47500 63075 64225 62250 60450
47600 63025 64275 62250 60450
47700 63025 64275 62250 60450
47800 63025 64275 62250 60450
47900 63000 64300 62250 60450
48000 63025 64350 62225 60400
48100 63025 64350 62250 60375
48200 63025 64400 62250 60325
48300 63025 64425 62250 60300
48400 63025 64475 62250 60250
48500 63025 64475 62250 60250
48600 63025 64475 62250 60250
48700 63025 64475 62250 60250
48800 63025 64475 62250 60250
48900 63025 64475 62250 60250
49000 63025 64475 62250 60250
49100 63050 64450 62225 60275
49200 63050 64450 62200 60300
49300 63050 64450 62200 60300
49400 63025 64450 62225 60300
49500 63025 64450 62200 60325
49600 63025 64450 62200 60325
49700 63025 64450 62200 60325
49800 63025 64425 62200 60350
49900 63025 64425 62200 60350
50000 63025 64425 62200 60350
50100 63025 64425 62200 60350
50200 63000 64425 62200 60375
50300 63025 64400 62200 60375
50400 63000 64400 62225 60375
50500 63000 64400 62225 60375
50600 63000 64400 62250 60350
50700 63000 64400 62250 60350
50800 63000 64400 62250 60350
50900 63000 64400 62250 60350
51000 63000 64425 62225 60350
51100 63000 64450 62200 60350
51200 63025 64450 62175 60350
51300 63000 64450 62200 60350
51400 63000 64450 62200 60350
51500 63000 64450 62200 60350
51600 63000 64450 62200 60350
51700 62975 64450 62200 60375
51800 62975 64450 62200 60375
51900 62975 64450 62200 60375
52000 62950 64450 62225 60375
52100 62950 64450 62225 60375
52200 62950 64450 62225 60375
52300 62950 64450 62225 60375
52400 62950 64450 62225 60375
52500 62975 64450 62200 60375
52600 62975 64450 62200 60375
52700 62975 64450 62200 60375
52800 62975 64450 62200 60375
52900 62975 64450 62200 60375
53000 62975 64450 62200 60375
53100 62950 64450 62225 60375
53200 62975 64450 62200 60375
53300 62950 64500 62175 60375
53400 62925 64500 62200 60375
53500 62925 64500 62200 60375
53600 62925 64500 62175 60400
53700 62925 64500 62175 60400
53800 62925 64500 62175 60400
53900 62925 64500 62175 60400
54000 62925 64500 62175 60400
54100 62925 64500 62175 60400
54200 62925 64500 62175 60400
54300 62925 64500 62175 60400
54400 62925 64500 62175 60400
54500 62925 64500 62175 60400
54600 62950 64500 62150 60400
54700 62950 64500 62150 60400
54800 62925 64500 62175 60400
54900 62925 64500 62175 60400
55000 62950 64475 62150 60425
55100 62950 64450 62175 60425
55200 62950 64450 62200 60400
55300 62950 64450 62200 60400
55400 62950 64450 62200 60400
55500 62950 64450 62200 60400
55600 62925 64450 62200 60425
55700 62925 64450 62225 60400
55800 62900 64450 62250 60400
55900 62900 64450 62250 60400
56000 62900 64450 62250 60400
56100 62900 64450 62250 60400
56200 62900 64450 62250 60400
56300 62900 64450 62250 60400
56400 62900 64450 62250 60400
56500 62900 64450 62225 60425
56600 62900 64450 62225 60425
56700 62925 64450 62200 60425
56800 62925 64450 62200 60425
56900 62925 64450 62200 60425
57000 62925 64475 62200 60400
57100 62925 64475 62200 60400
57200 62925 64450 62200 60425
57300 62925 64450 62200 60425
57400 62925 64450 62200 60425
57500 62925 64450 62200 60425
57600 62925 64450 62200 60425
57700 62900 64450 62225 60425
57800 62875 64450 62225 60450
57900 62875 64450 62225 60450
58000 62900 64450 62200 60450
58100 62875 64450 62225 60450
58200 62900 64450 62200 60450
58300 62900 64425 62225 60450
58400 62900 64425 62225 60450
58500 62900 64425 62225 60450
58600 62900 64425 62225 60450
58700 62900 64425 62225 60450
58800 62900 64425 62225 60450
58900 62900 64425 62225 60450
59000 62875 64425 62250 60450
59100 62875 64425 62250 60450
59200 62825 64425 62275 60475
59300 62850 64400 62250 60500
59400 62850 64400 62250 60500
59500 62875 64400 62225 60500
59600 62875 64400 62225 60500
59700 62875 64425 62200 60500
59800 62875 64425 62200 60500
59900 62850 64450 62200 60500
60000 62850 64450 62200 60500
60100 62825 64450 62225 60500
60200 62825 64450 62225 60500
60300 62825 64450 62225 60500
60400 62800 64425 62275 60500
60500 62825 64425 62250 60500
60600 62850 64450 62200 60500
60700 62850 64475 62200 60475
60800 62900 64475 62200 60425
60900 62900 64475 62200 60425
61000 62900 64475 62225 60400
61100 62900 64475 62225 60400
61200 62875 64475 62225 60425
61300 62875 64475 62225 60425
61400 62875 64475 62225 60425
61500 62900 64475 62200 60425
61600 62925 64475 62225 60375
61700 62900 64475 62250 60375
61800 62900 64450 62275 60375
61900 62900 64450 62275 60375
62000 62925 64450 62275 60350
62100 62950 64450 62275 60325
62200 62975 64425 62275 60325
62300 62950 64425 62300 60325
62400 63000 64400 62325 60275
62500 63000 64400 62325 60275
62600 63025 64400 62350 60225
62700 63050 64400 62325 60225
62800 63100 64400 62325 60175
62900 63175 64400 62325 60100
63000 63150 64375 62350 60125
63100 63150 64350 62375 60125
63200 63150 64350 62375 60125
63300 63100 64350 62425 60125
63400 63150 64350 62375 60125
63500 63150 64350 62375 60125
63600 63200 64350 62325 60125
63700 63200 64350 62325 60125
63800 63200 64350 62325 60125
63900 63175 64375 62325 60125
64000 63175 64375 62325 60125
64100 63150 64350 62325 60175
64200 63150 64350 62325 60175
64300 63150 64350 62325 60175
64400 63150 64350 62325 60175
64500 63150 64325 62300 60225
64600 63150 64325 62300 60225
64700 63150 64325 62300 60225
64800 63150 64325 62300 60225
64900 63150 64325 62300 60225
65000 63150 64325 62300 60225
65100 63150 64325 62300 60225
65200 63150 64325 62300 60225
65300 63150 64325 62300 60225
65400 63125 64350 62300 60225
65500 63125 64350 62325 60200
65600 63150 64325 62325 60200
65700 63150 64325 62325 60200
65800 63150 64300 62325 60225
65900 63150 64300 62325 60225
66000 63150 64300 62325 60225
66100 63150 64275 62350 60225
66200 63150 64275 62350 60225
66300 63150 64275 62350 60225
66400 63150 64275 62350 60225
66500 63150 64275 62350 60225
66600 63150 64300 62325 60225
66700 63150 64300 62325 60225
66800 63150 64300 62325 60225
66900 63150 64300 62325 60225
67000 63150 64300 62325 60225
67100 63150 64325 62300 60225
67200 63150 64325 62300 60225
67300 63150 64325 62300 60225
67400 63150 64325 62300 60225
67500 63150 64325 62300 60225
67600 63150 64325 62300 60225
67700 63150 64325 62350 60175
67800 63150 64325 62350 60175
67900 63150 64300 62350 60200
68000 63150 64300 62350 60200
68100 63150 64300 62350 60200
68200 63150 64300 62350 60200
68300 63150 64275 62375 60200
68400 63150 64275 62375 60200
68500 63150 64275 62375 60200
68600 63150 64250 62375 60225
68700 63150 64250 62375 60225
68800 63150 64250 62375 60225
68900 63150 64250 62375 60225
69000 63150 64225 62375 60250
69100 63150 64225 62350 60275
69200 63150 64200 62350 60300
69300 63150 64200 62325 60325
69400 63150 64200 62325 60325
69500 63125 64175 62325 60375
69600 63125 64200 62325 60350
69700 63125 64150 62325 60400
69800 63125 64150 62325 60400
69900 63125 64125 62350 60400
70000 63125 64100 62350 60425
70100 63125 64050 62375 60450
70200 63125 64025 62375 60475
70300 63125 64025 62375 60475
70400 63125 64025 62375 60475
70500 63125 64025 62375 60475
70600 63125 64025 62375 60475
70700 63125 64025 62375 60475
70800 63125 64025 62375 60475
70900 63125 64025 62375 60475
71000 63125 64025 62375 60475
71100 63125 64025 62375 60475
71200 63125 64025 62375 60475
71300 63125 64025 62375 60475
71400 63125 64025 62375 60475
71500 63150 64000 62375 60475
71600 63150 64025 62350 60475
71700 63150 64025 62350 60475
71800 63150 64025 62350 60475
71900 63150 64025 62350 60475
72000 63150 64025 62350 60475
72100 63150 64025 62350 60475
72200 63150 64050 62350 60450
72300 63150 64050 62350 60450
72400 63150 64050 62350 60450
72500 63150 64050 62350 60450
72600 63150 64050 62350 60450
72700 63150 64050 62350 60450
72800 63150 64050 62350 60450
72900 63150 64050 62375 60425
73000 63150 64050 62375 60425
73100 63150 64050 62375 60425
73200 63150 64050 62375 60425
73300 63150 64050 62375 60425
73400 63150 64050 62375 60425
73500 63150 64050 62375 60425
73600 63150 64050 62375 60425
73700 63150 64050 62350 60450
73800 63150 64050 62350 60450
73900 63150 64050 62350 60450
74000 63150 64050 62350 60450
74100 63150 64050 62350 60450
74200 63150 64050 62350 60450
74300 63125 64050 62350 60475
74400 63125 64050 62350 60475
74500 63125 64025 62350 60500
74600 63125 64050 62350 60475
74700 63125 64050 62350 60475
74800 63125 64050 62350 60475
74900 63125 64050 62350 60475
75000 63125 64050 62350 60475
75100 63125 64050 62350 60475
75200 63100 64050 62375 60475
75300 63100 64075 62350 60475
75400 63100 64075 62350 60475
75500 63100 64075 62350 60475
75600 63100 64075 62350 60475
75700 63100 64075 62350 60475
75800 63100 64075 62350 60475
75900 63100 64075 62350 60475
76000 63100 64075 62350 60475
76100 63100 64075 62350 60475
76200 63100 64075 62350 60475
76300 63100 64075 62350 60475
76400 63100 64075 62350 60475
76500 63100 64075 62350 60475
76600 63100 64075 62350 60475
76700 63100 64075 62350 60475
76800 63100 64100 62350 60450
76900 63100 64100 62350 60450
77000 63100 64100 62350 60450
77100 63100 64100 62350 60450
77200 63100 64100 62350 60450
77300 63100 64100 62350 60450
77400 63100 64100 62350 60450
77500 63100 64100 62350 60450
77600 63100 64100 62350 60450
77700 63100 64100 62350 60450
77800 63100 64100 62350 60450
77900 63100 64100 62350 60450
78000 63075 64150 62325 60450
78100 63075 64150 62325 60450
78200 63075 64150 62350 60425
78300 63050 64150 62350 60450
78400 63025 64150 62350 60475
78500 63025 64150 62350 60475
78600 63025 64125 62350 60500
78700 63025 64125 62350 60500
78800 63025 64150 62350 60475
78900 63025 64175 62325 60475
79000 63025 64175 62325 60475
79100 63025 64175 62325 60475
79200 63025 64175 62325 60475
79300 63025 64175 62325 60475
79400 63025 64175 62325 60475
79500 63025 64175 62325 60475
79600 63025 64175 62325 60475
79700 63025 64175 62325 60475
79800 63000 64175 62350 60475
79900 63000 64175 62350 60475
80000 63000 64175 62350 60475
80100 63000 64175 62350 60475
80200 63000 64175 62350 60475
80300 63000 64175 62350 60475
80400 63000 64175 62350 60475
80500 63000 64175 62350 60475
80600 63000 64200 62350 60450
80700 63000 64200 62325 60475
80800 63000 64200 62325 60475
80900 63000 64200 62325 60475
81000 63000 64200 62325 60475
81100 63000 64200 62325 60475
81200 63000 64200 62325 60475
81300 62975 64225 62325 60475
81400 62975 64225 62325 60475
81500 62975 64225 62325 60475
81600 62975 64225 62325 60475
81700 63000 64225 62300 60475
81800 63000 64225 62300 60475
81900 63000 64225 62300 60475
82000 62975 64250 62300 60475
82100 62975 64275 62300 60450
82200 62975 64250 62300 60475
82300 62975 64250 62300 60475
82400 62975 64250 62300 60475
82500 62950 64275 62300 60475
82600 62950 64275 62300 60475
82700 62950 64275 62300 60475
82800 62950 64275 62300 60475
82900 62950 64275 62300 60475
83000 62950 64275 62300 60475
83100 62950 64275 62300 60475
83200 62950 64275 62300 60475
83300 62950 64275 62325 60450
83400 62950 64325 62325 60400
83500 62950 64325 62325 60400
83600 62950 64325 62325 60400
83700 62950 64325 62325 60400
83800 62950 64325 62325 60400
83900 62950 64325 62325 60400
84000 62950 64325 62325 60400
84100 62925 64325 62350 60400
84200 62925 64325 62350 60400
84300 62925 64325 62350 60400
84400 62950 64300 62350 60400
84500 62950 64300 62350 60400
84600 62950 64350 62350 60350
84700 62950 64350 62350 60350
84800 62950 64350 62350 60350
84900 62950 64350 62350 60350
85000 62950 64350 62350 60350
85100 62950 64350 62350 60350
85200 62950 64350 62350 60350
85300 62950 64350 62350 60350
85400 62950 64350 62350 60350
85500 62950 64375 62350 60325
85600 62950 64375 62350 60325
85700 62950 64375 62325 60350
85800 62950 64375 62325 60350
85900 62950 64375 62325 60350
86000 62950 64375 62325 60350
86100 62950 64375 62325 60350
86200 62975 64400 62300 60325
86300 62975 64425 62300 60300
86400 62975 64425 62300 60300
86500 62975 64425 62300 60300
86600 62975 64425 62300 60300
86700 62975 64425 62300 60300
86800 62975 64450 62325 60250
86900 62975 64450 62325 60250
87000 62975 64450 62325 60250
87100 62975 64450 62325 60250
87200 62975 64500 62325 60200
87300 62975 64500 62325 60200
87400 62975 64500 62325 60200
87500 62975 64550 62325 60150
87600 62950 64625 62325 60100
87700 62950 64625 62325 60100
87800 62950 64650 62300 60100
87900 62950 64650 62300 60100
88000 62950 64650 62300 60100
88100 62950 64650 62300 60100
88200 62950 64650 62300 60100
88300 62950 64650 62300 60100
88400 62925 64650 62300 60125
88500 62900 64650 62325 60125
88600 62900 64625 62350 60125
88700 62900 64625 62350 60125
88800 62900 64625 62375 60100
88900 62900 64625 62375 60100
89000 62900 64625 62375 60100
89100 62900 64625 62375 60100
89200 62900 64625 62375 60100
89300 62900 64625 62375 60100
89400 62900 64625 62375 60100
89500 62900 64625 62375 60100
89600 62900 64625 62375 60100
89700 62900 64625 62375 60100
89800 62900 64625 62375 60100
89900 62900 64625 62375 60100
90000 62900 64625 62375 60100
90100 62900 64625 62375 60100
90200 62900 64625 62375 60100
90300 62900 64625 62375 60100
90400 62900 64625 62375 60100
90500 62900 64625 62375 60100
90600 62925 64625 62350 60100
90700 62925 64625 62350 60100
90800 62925 64625 62350 60100
90900 62925 64625 62350 60100
91000 62925 64625 62350 60100
91100 62925 64625 62350 60100
91200 62925 64600 62375 60100
91300 62925 64600 62375 60100
91400 62950 64575 62375 60100
91500 62950 64575 62375 60100
91600 62950 64550 62375 60125
91700 62950 64550 62375 60125
91800 62950 64550 62375 60125
91900 62950 64550 62375 60125
92000 62950 64550 62375 60125
92100 62950 64550 62375 60125
92200 62950 64550 62375 60125
92300 62950 64550 62375 60125
92400 62950 64550 62375 60125
92500 62950 64550 62375 60125
92600 62950 64550 62375 60125
92700 62925 64550 62400 60125
92800 62925 64550 62400 60125
92900 62925 64550 62400 60125
93000 62925 64550 62400 60125
93100 62925 64550 62400 60125
93200 62925 64550 62400 60125
93300 62925 64550 62400 60125
93400 62950 64550 62375 60125
93500 62950 64550 62375 60125
93600 62950 64550 62375 60125
93700 62950 64525 62400 60125
93800 62950 64525 62375 60150
93900 62950 64525 62375 60150
94000 62950 64525 62375 60150
94100 62950 64500 62400 60150
94200 62950 64500 62400 60150
94300 62950 64500 62375 60175
94400 62950 64475 62375 60200
94500 62950 64475 62375 60200
94600 62950 64475 62375 60200
94700 62950 64475 62375 60200
94800 62950 64475 62375 60200
94900 62975 64475 62350 60200
95000 62975 64500 62325 60200
95100 62975 64500 62325 60200
95200 62975 64500 62325 60200
95300 62975 64500 62325 60200
95400 62975 64500 62325 60200
95500 62975 64500 62325 60200
95600 62975 64500 62325 60200
95700 62975 64475 62375 60175
95800 62975 64475 62375 60175
95900 62975 64475 62375 60175
96000 62975 64450 62400 60175
96100 62975 64450 62400 60175
96200 62975 64450 62400 60175
96300 62950 64450 62400 60200
96400 62950 64450 62400 60200
96500 62950 64450 62375 60225
96600 62950 64450 62375 60225
96700 62950 64450 62375 60225
96800 62950 64425 62400 60225
96900 62925 64425 62425 60225
97000 62925 64375 62450 60250
97100 62925 64375 62450 60250
97200 62925 64375 62450 60250
97300 62925 64350 62475 60250
97400 62950 64350 62450 60250
97500 62925 64375 62450 60250
97600 62950 64375 62450 60225
97700 62950 64375 62450 60225
97800 62950 64375 62475 60200
97900 62950 64375 62475 60200
98000 62950 64375 62475 60200
98100 62950 64375 62475 60200
98200 62950 64375 62475 60200
98300 62950 64375 62475 60200
98400 62950 64375 62475 60200
98500 62950 64375 62475 60200
98600 62925 64400 62475 60200
98700 62925 64400 62475 60200
98800 62925 64400 62475 60200
98900 62925 64400 62475 60200
99000 62950 64400 62450 60200
99100 62950 64400 62450 60200
99200 62950 64400 62450 60200
99300 62975 64400 62450 60175
99400 62975 64375 62450 60200
99500 62975 64375 62450 60200
99600 62975 64375 62450 60200
99700 62975 64375 62450 60200
99800 62975 64375 62450 60200
99900 62975 64375 62450 60200
100000 62975 64375 62450 60200
