0 67050 62325 58475 62150
100 67050 62325 58475 62150
200 67050 62300 58450 62200
300 67050 62300 58475 62175
400 67025 62325 58500 62150
500 67025 62325 58500 62150
600 67025 62350 58475 62150
700 67000 62400 58425 62175
800 67050 62350 58375 62225
900 67050 62400 58375 62175
1000 67100 62400 58325 62175
1100 67100 62425 58275 62200
1200 67175 62400 58175 62250
1300 67200 62400 58175 62225
1400 67250 62375 58150 62225
1500 67300 62400 58075 62225
1600 67375 62375 58025 62225
1700 67450 62375 57950 62225
1800 67550 62375 57875 62200
1900 67675 62400 57750 62175
2000 67850 62425 57550 62175
2100 67850 62450 57525 62175
2200 67875 62450 57500 62175
2300 67900 62400 57525 62175
2400 67875 62400 57550 62175
2500 67875 62400 57550 62175
2600 67875 62375 57550 62200
2700 67900 62375 57550 62175
2800 67900 62375 57550 62175
2900 67900 62350 57575 62175
3000 67925 62375 57525 62175
3100 67900 62375 57575 62150
3200 67925 62350 57575 62150
3300 67975 62300 57575 62150
3400 67975 62300 57525 62200
3500 67975 62300 57550 62175
3600 68000 62300 57525 62175
3700 68000 62325 57500 62175
3800 67975 62325 57475 62225
3900 68000 62350 57450 62200
4000 67975 62375 57450 62200
4100 67975 62375 57450 62200
4200 68000 62375 57425 62200
4300 68000 62325 57425 62250
4400 68025 62300 57425 62250
4500 68050 62325 57400 62225
4600 68075 62325 57400 62200
4700 68075 62325 57400 62200
4800 68075 62275 57425 62225
4900 68100 62300 57400 62200
5000 68125 62325 57350 62200
5100 68150 62325 57300 62225
5200 68175 62325 57275 62225
5300 68150 62350 57275 62225
5400 68200 62350 57200 62250
5500 68200 62350 57200 62250
5600 68225 62325 57175 62275
5700 68225 62350 57150 62275
5800 68250 62375 57100 62275
5900 68250 62400 57075 62275
6000 68275 62400 57075 62250
6100 68375 62425 57025 62175
6200 68425 62425 56975 62175
6300 68475 62425 56925 62175
6400 68575 62425 56850 62150
6500 68725 62425 56725 62125
6600 68725 62425 56725 62125
6700 68725 62425 56750 62100
6800 68725 62425 56700 62150
6900 68725 62400 56700 62175
7000 68725 62400 56700 62175
7100 68725 62350 56725 62200
7200 68700 62375 56725 62200
7300 68725 62325 56750 62200
7400 68725 62325 56750 62200
7500 68725 62350 56750 62175
7600 68725 62350 56750 62175
7700 68725 62350 56750 62175
7800 68725 62325 56775 62175
7900 68725 62300 56775 62200
8000 68750 62300 56775 62175
8100 68725 62325 56775 62175
8200 68725 62325 56775 62175
8300 68725 62350 56775 62150
8400 68725 62350 56775 62150
8500 68725 62350 56775 62150
8600 68750 62375 56750 62125
8700 68750 62400 56725 62125
8800 68750 62375 56750 62125
8900 68750 62375 56750 62125
9000 68775 62375 56725 62125
9100 68775 62375 56725 62125
9200 68775 62350 56725 62150
9300 68725 62325 56725 62225
9400 68750 62325 56700 62225
9500 68775 62275 56750 62200
9600 68775 62275 56775 62175
9700 68775 62275 56750 62200
9800 68800 62275 56750 62175
9900 68825 62275 56725 62175
10000 68825 62275 56750 62150
10100 68825 62275 56750 62150
10200 68800 62300 56750 62150
10300 68800 62325 56750 62125
10400 68800 62425 56750 62025
10500 68800 62425 56750 62025
10600 68825 62425 56750 62000
10700 68825 62425 56700 62050
10800 68800 62450 56700 62050
10900 68800 62450 56675 62075
11000 68850 62450 56625 62075
11100 68850 62475 56625 62050
11200 68850 62475 56650 62025
11300 68850 62450 56625 62075
11400 68875 62475 56550 62100
11500 68875 62425 56600 62100
11600 68875 62425 56600 62100
11700 68900 62400 56550 62150
11800 68875 62425 56550 62150
11900 68900 62425 56525 62150
12000 68900 62425 56500 62175
12100 68900 62450 56500 62150
12200 68950 62450 56450 62150
12300 68975 62425 56475 62125
12400 68975 62425 56450 62150
12500 69000 62400 56450 62150
12600 69025 62400 56425 62150
12700 69100 62425 56350 62125
12800 69100 62425 56275 62200
12900 69125 62450 56225 62200
13000 69150 62475 56175 62200
13100 69250 62475 56075 62200
13200 69375 62475 55950 62200
13300 69425 62475 55875 62225
13400 69425 62475 55875 62225
13500 69425 62500 55875 62200
13600 69425 62550 55850 62175
13700 69450 62525 55850 62175
13800 69450 62500 55825 62225
13900 69450 62475 55850 62225
14000 69450 62475 55850 62225
14100 69450 62475 55850 62225
14200 69450 62475 55875 62200
14300 69450 62450 55875 62225
14400 69425 62475 55875 62225
14500 69400 62500 55875 62225
14600 69400 62500 55875 62225
14700 69450 62500 55850 62200
14800 69450 62500 55850 62200
14900 69450 62500 55825 62225
15000 69450 62525 55825 62200
15100 69450 62525 55850 62175
15200 69450 62500 55850 62200
15300 69450 62475 55850 62225
15400 69450 62475 55825 62250
15500 69450 62475 55825 62250
15600 69450 62475 55825 62250
15700 69450 62425 55850 62275
15800 69450 62425 55850 62275
15900 69450 62400 55900 62250
16000 69450 62400 55900 62250
16100 69425 62400 55900 62275
16200 69425 62425 55875 62275
16300 69425 62400 55900 62275
16400 69425 62400 55900 62275
16500 69425 62400 55900 62275
16600 69425 62400 55900 62275
16700 69425 62375 55925 62275
16800 69425 62375 55925 62275
16900 69425 62350 55925 62300
17000 69425 62350 55925 62300
17100 69425 62325 55925 62325
17200 69425 62350 55950 62275
17300 69425 62350 55950 62275
17400 69425 62375 55950 62250
17500 69425 62375 55950 62250
17600 69425 62375 55975 62225
17700 69425 62350 55975 62250
17800 69400 62375 55975 62250
17900 69400 62350 55950 62300
18000 69400 62350 55975 62275
18100 69400 62375 55975 62250
18200 69375 62400 56000 62225
18300 69375 62425 56000 62200
18400 69375 62425 56000 62200
18500 69425 62375 56025 62175
18600 69425 62375 56025 62175
18700 69450 62325 56100 62125
18800 69450 62325 56100 62125
18900 69450 62350 56100 62100
19000 69450 62325 56075 62150
19100 69450 62325 56075 62150
19200 69450 62350 56075 62125
19300 69450 62350 56075 62125
19400 69450 62350 56075 62125
19500 69450 62350 56075 62125
19600 69425 62350 56075 62150
19700 69400 62375 56075 62150
19800 69400 62375 56075 62150
19900 69400 62375 56050 62175
20000 69400 62375 56050 62175
20100 69400 62350 56050 62200
20200 69400 62350 56050 62200
20300 69425 62350 56050 62175
20400 69450 62350 56050 62150
20500 69450 62350 56050 62150
20600 69450 62350 56075 62125
20700 69425 62375 56075 62125
20800 69425 62375 56050 62150
20900 69450 62350 56050 62150
21000 69475 62375 56025 62125
21100 69475 62375 56025 62125
21200 69475 62400 56025 62100
21300 69475 62400 56025 62100
21400 69475 62400 56025 62100
21500 69475 62375 56025 62125
21600 69500 62325 56025 62150
21700 69525 62275 56050 62150
21800 69525 62250 56025 62200
21900 69525 62250 56000 62225
22000 69525 62250 56000 62225
22100 69525 62275 56000 62200
22200 69525 62275 55975 62225
22300 69550 62275 55950 62225
22400 69550 62275 55950 62225
22500 69575 62250 55950 62225
22600 69575 62250 55950 62225
22700 69575 62250 55950 62225
22800 69550 62250 55925 62275
22900 69525 62275 55925 62275
23000 69525 62275 55925 62275
23100 69525 62275 55875 62325
23200 69550 62275 55900 62275
23300 69550 62300 55875 62275
23400 69550 62275 55900 62275
23500 69550 62275 55900 62275
23600 69575 62275 55875 62275
23700 69600 62275 55850 62275
23800 69600 62300 55850 62250
23900 69600 62300 55850 62250
24000 69650 62325 55775 62250
24100 69650 62325 55750 62275
24200 69650 62325 55725 62300
24300 69700 62325 55675 62300
24400 69675 62375 55675 62275
24500 69700 62400 55650 62250
24600 69700 62425 55600 62275
24700 69700 62425 55600 62275
24800 69725 62425 55575 62275
24900 69750 62425 55550 62275
25000 69800 62400 55525 62275
25100 69825 62425 55475 62275
25200 69850 62450 55425 62275
25300 69925 62500 55325 62250
25400 70075 62500 55175 62250
25500 70075 62475 55175 62275
25600 70075 62500 55150 62275
25700 70100 62475 55150 62275
25800 70100 62450 55200 62250
25900 70100 62425 55225 62250
26000 70100 62425 55225 62250
26100 70075 62425 55225 62275
26200 70100 62425 55225 62250
26300 70125 62425 55225 62225
26400 70125 62425 55225 62225
26500 70125 62425 55225 62225
26600 70125 62425 55225 62225
26700 70125 62425 55225 62225
26800 70125 62425 55225 62225
26900 70125 62425 55200 62250
27000 70125 62425 55200 62250
27100 70125 62400 55200 62275
27200 70125 62400 55200 62275
27300 70125 62400 55200 62275
27400 70125 62400 55200 62275
27500 70125 62425 55200 62250
27600 70125 62425 55200 62250
27700 70125 62425 55200 62250
27800 70125 62450 55200 62225
27900 70150 62450 55200 62200
28000 70150 62450 55200 62200
28100 70150 62450 55200 62200
28200 70175 62450 55200 62175
28300 70175 62450 55175 62200
28400 70175 62450 55200 62175
28500 70175 62450 55175 62200
28600 70175 62450 55175 62200
28700 70200 62425 55175 62200
28800 70200 62425 55150 62225
28900 70175 62450 55175 62200
29000 70175 62425 55200 62200
29100 70175 62425 55200 62200
29200 70200 62400 55200 62200
29300 70200 62400 55175 62225
29400 70200 62375 55175 62250
29500 70200 62375 55175 62250
29600 70200 62350 55175 62275
29700 70200 62325 55200 62275
29800 70225 62325 55200 62250
29900 70225 62350 55200 62225
30000 70225 62350 55200 62225
30100 70225 62350 55200 62225
30200 70225 62350 55200 62225
30300 70225 62375 55200 62200
30400 70225 62375 55200 62200
30500 70225 62400 55200 62175
30600 70225 62400 55200 62175
30700 70225 62400 55200 62175
30800 70225 62400 55200 62175
30900 70225 62400 55200 62175
31000 70225 62400 55200 62175
31100 70225 62400 55200 62175
31200 70225 62350 55225 62200
31300 70200 62350 55250 62200
31400 70200 62325 55275 62200
31500 70200 62325 55275 62200
31600 70200 62300 55325 62175
31700 70200 62300 55325 62175
31800 70200 62300 55325 62175
31900 70200 62300 55325 62175
32000 70200 62300 55325 62175
32100 70200 62275 55325 62200
32200 70225 62250 55325 62200
32300 70225 62250 55325 62200
32400 70200 62275 55325 62200
32500 70200 62275 55325 62200
32600 70175 62300 55325 62200
32700 70175 62325 55325 62175
32800 70200 62325 55325 62150
32900 70200 62325 55325 62150
33000 70200 62325 55325 62150
33100 70200 62300 55300 62200
33200 70200 62275 55300 62225
33300 70200 62275 55300 62225
33400 70200 62275 55300 62225
33500 70200 62275 55300 62225
33600 70225 62275 55300 62200
33700 70225 62275 55300 62200
33800 70225 62275 55300 62200
33900 70225 62250 55350 62175
34000 70250 62250 55375 62125
34100 70250 62225 55400 62125
34200 70250 62225 55400 62125
34300 70250 62225 55400 62125
34400 70225 62225 55400 62150
34500 70225 62225 55400 62150
34600 70200 62250 55425 62125
34700 70200 62250 55425 62125
34800 70200 62250 55425 62125
34900 70175 62275 55425 62125
35000 70150 62300 55400 62150
35100 70150 62325 55400 62125
35200 70150 62350 55375 62125
35300 70150 62350 55350 62150
35400 70150 62350 55350 62150
35500 70125 62350 55350 62175
35600 70125 62350 55350 62175
35700 70125 62300 55375 62200
35800 70125 62325 55375 62175
35900 70125 62325 55375 62175
36000 70150 62300 55350 62200
36100 70150 62300 55325 62225
36200 70175 62300 55325 62200
36300 70175 62300 55325 62200
36400 70125 62325 55325 62225
36500 70150 62325 55325 62200
36600 70150 62350 55325 62175
36700 70125 62375 55300 62200
36800 70125 62350 55300 62225
36900 70125 62350 55300 62225
37000 70125 62350 55300 62225
37100 70100 62300 55325 62275
37200 70100 62300 55325 62275
37300 70125 62325 55325 62225
37400 70125 62325 55325 62225
37500 70125 62350 55325 62200
37600 70075 62375 55300 62250
37700 70050 62400 55275 62275
37800 70050 62425 55250 62275
37900 70050 62350 55300 62300
38000 70000 62375 55300 62325
38100 70000 62375 55300 62325
38200 69975 62375 55300 62350
38300 69975 62375 55325 62325
38400 70000 62350 55325 62325
38500 70000 62350 55325 62325
38600 70000 62350 55325 62325
38700 69975 62375 55325 62325
38800 69975 62375 55350 62300
38900 69975 62375 55350 62300
39000 69975 62375 55350 62300
39100 69975 62375 55350 62300
39200 69975 62400 55325 62300
39300 69975 62425 55325 62275
39400 69975 62425 55325 62275
39500 69975 62425 55325 62275
39600 69975 62450 55300 62275
39700 69975 62450 55300 62275
39800 70000 62450 55300 62250
39900 70000 62450 55300 62250
40000 69975 62425 55300 62300
40100 69975 62425 55300 62300
40200 69975 62425 55300 62300
40300 69975 62425 55300 62300
40400 69975 62450 55275 62300
40500 69975 62450 55275 62300
40600 69975 62500 55250 62275
40700 69975 62500 55225 62300
40800 69975 62500 55200 62325
40900 69975 62500 55200 62325
41000 69975 62500 55200 62325
41100 69975 62500 55225 62300
41200 69975 62500 55225 62300
41300 69975 62500 55225 62300
41400 69975 62500 55225 62300
41500 69975 62500 55225 62300
41600 69975 62475 55250 62300
41700 69975 62475 55250 62300
41800 69975 62475 55250 62300
41900 69975 62475 55275 62275
42000 69975 62475 55275 62275
42100 69975 62475 55275 62275
42200 69975 62450 55300 62275
42300 70000 62425 55300 62275
42400 70000 62425 55300 62275
42500 70000 62425 55300 62275
42600 70025 62400 55300 62275
42700 70025 62400 55300 62275
42800 70025 62425 55300 62250
42900 70025 62425 55300 62250
43000 70025 62425 55300 62250
43100 70025 62425 55300 62250
43200 70025 62425 55300 62250
43300 70025 62425 55300 62250
43400 70025 62425 55300 62250
43500 70000 62450 55300 62250
43600 70000 62450 55300 62250
43700 70000 62450 55300 62250
43800 70000 62450 55300 62250
43900 70000 62450 55300 62250
44000 70000 62425 55350 62225
44100 70000 62425 55350 62225
44200 70000 62425 55350 62225
44300 69975 62425 55350 62250
44400 70000 62425 55325 62250
44500 70025 62400 55325 62250
44600 70000 62400 55350 62250
44700 70000 62400 55350 62250
44800 70000 62375 55375 62250
44900 70000 62375 55375 62250
45000 70000 62375 55400 62225
45100 70000 62375 55400 62225
45200 70000 62375 55400 62225
45300 70000 62375 55400 62225
45400 70000 62350 55400 62250
45500 70000 62350 55400 62250
45600 70000 62350 55400 62250
45700 70000 62350 55425 62225
45800 70000 62350 55425 62225
45900 70000 62350 55425 62225
46000 70000 62350 55425 62225
46100 70000 62350 55425 62225
46200 70025 62350 55425 62200
46300 70025 62350 55425 62200
46400 70025 62350 55425 62200
46500 70025 62350 55425 62200
46600 70025 62350 55425 62200
46700 70025 62350 55425 62200
46800 70025 62350 55425 62200
46900 70050 62350 55425 62175
47000 70025 62375 55425 62175
47100 70025 62400 55400 62175
47200 70000 62425 55400 62175
47300 70000 62400 55425 62175
47400 70000 62400 55425 62175
47500 70000 62375 55450 62175
47600 70000 62375 55475 62150
47700 70000 62350 55475 62175
47800 70000 62325 55500 62175
47900 70025 62325 55500 62150
48000 70025 62325 55500 62150
48100 70000 62325 55500 62175
48200 70000 62325 55500 62175
48300 70000 62350 55475 62175
48400 70000 62350 55475 62175
48500 70000 62350 55475 62175
48600 70000 62350 55475 62175
48700 70000 62350 55475 62175
48800 69975 62375 55475 62175
48900 69975 62400 55475 62150
49000 69975 62400 55450 62175
49100 69975 62400 55475 62150
49200 69975 62400 55475 62150
49300 69975 62400 55500 62125
49400 69975 62400 55500 62125
49500 70000 62375 55500 62125
49600 70000 62375 55500 62125
49700 69975 62400 55500 62125
49800 69975 62400 55500 62125
49900 69950 62425 55500 62125
50000 69950 62425 55500 62125
50100 69950 62400 55500 62150
50200 69950 62400 55475 62175
50300 69975 62400 55475 62150
50400 69975 62375 55475 62175
50500 69975 62375 55475 62175
50600 69975 62375 55450 62200
50700 69975 62375 55450 62200
50800 69975 62375 55450 62200
50900 69975 62350 55500 62175
51000 70000 62350 55500 62150
51100 70000 62325 55500 62175
51200 70000 62325 55500 62175
51300 69975 62325 55500 62200
51400 69975 62325 55500 62200
51500 70000 62300 55525 62175
51600 70000 62300 55525 62175
51700 69975 62325 55500 62200
51800 69975 62350 55475 62200
51900 69975 62350 55475 62200
52000 69975 62350 55475 62200
52100 69975 62325 55500 62200
52200 69975 62325 55525 62175
52300 69975 62325 55525 62175
52400 69975 62325 55525 62175
52500 69975 62375 55525 62125
52600 69950 62400 55525 62125
52700 69950 62400 55525 62125
52800 69950 62425 55525 62100
52900 69950 62425 55525 62100
53000 69900 62475 55525 62100
53100 69900 62450 55525 62125
53200 69900 62450 55525 62125
53300 69900 62450 55525 62125
53400 69900 62450 55525 62125
53500 69900 62450 55525 62125
53600 69900 62450 55525 62125
53700 69925 62425 55525 62125
53800 69925 62425 55525 62125
53900 69900 62425 55525 62150
54000 69900 62425 55550 62125
54100 69900 62425 55550 62125
54200 69900 62400 55575 62125
54300 69900 62400 55575 62125
54400 69900 62375 55575 62150
54500 69900 62400 55550 62150
54600 69875 62400 55550 62175
54700 69875 62400 55550 62175
54800 69875 62375 55575 62175
54900 69875 62375 55575 62175
55000 69875 62375 55575 62175
55100 69875 62375 55575 62175
55200 69875 62375 55575 62175
55300 69875 62375 55575 62175
55400 69875 62350 55600 62175
55500 69875 62325 55600 62200
55600 69875 62325 55600 62200
55700 69875 62325 55600 62200
55800 69875 62350 55575 62200
55900 69850 62350 55575 62225
56000 69850 62375 55575 62200
56100 69850 62375 55575 62200
56200 69825 62375 55575 62225
56300 69850 62350 55575 62225
56400 69850 62350 55575 62225
56500 69850 62350 55575 62225
56600 69850 62375 55550 62225
56700 69850 62325 55575 62250
56800 69850 62325 55575 62250
56900 69850 62325 55550 62275
57000 69850 62325 55550 62275
57100 69850 62325 55575 62250
57200 69850 62325 55575 62250
57300 69825 62325 55575 62275
57400 69800 62325 55575 62300
57500 69800 62325 55575 62300
57600 69800 62325 55575 62300
57700 69800 62325 55575 62300
57800 69825 62275 55600 62300
57900 69825 62275 55575 62325
58000 69800 62250 55600 62350
58100 69775 62250 55600 62375
58200 69775 62275 55575 62375
58300 69800 62250 55600 62350
58400 69800 62250 55600 62350
58500 69800 62250 55600 62350
58600 69800 62250 55600 62350
58700 69825 62250 55600 62325
58800 69825 62250 55600 62325
58900 69825 62250 55600 62325
59000 69825 62250 55600 62325
59100 69825 62275 55575 62325
59200 69825 62300 55550 62325
59300 69825 62300 55550 62325
59400 69825 62325 55550 62300
59500 69800 62375 55525 62300
59600 69800 62375 55525 62300
59700 69775 62375 55525 62325
59800 69775 62375 55525 62325
59900 69775 62375 55525 62325
60000 69775 62375 55525 62325
60100 69775 62375 55525 62325
60200 69775 62350 55525 62350
60300 69775 62350 55525 62350
60400 69775 62350 55525 62350
60500 69775 62350 55525 62350
60600 69775 62350 55525 62350
60700 69775 62350 55525 62350
60800 69775 62350 55525 62350
60900 69800 62325 55550 62325
61000 69800 62300 55525 62375
61100 69800 62300 55525 62375
61200 69800 62325 55525 62350
61300 69800 62325 55525 62350
61400 69800 62325 55525 62350
61500 69800 62325 55525 62350
61600 69800 62325 55525 62350
61700 69800 62325 55525 62350
61800 69800 62325 55525 62350
61900 69800 62325 55525 62350
62000 69800 62325 55550 62325
62100 69800 62325 55550 62325
62200 69800 62325 55550 62325
62300 69800 62325 55550 62325
62400 69800 62325 55550 62325
62500 69800 62350 55550 62300
62600 69800 62325 55550 62325
62700 69800 62325 55550 62325
62800 69800 62325 55550 62325
62900 69800 62325 55550 62325
63000 69800 62325 55550 62325
63100 69800 62325 55550 62325
63200 69800 62325 55550 62325
63300 69800 62325 55550 62325
63400 69800 62325 55550 62325
63500 69800 62325 55550 62325
63600 69825 62300 55550 62325
63700 69825 62300 55550 62325
63800 69825 62300 55550 62325
63900 69825 62300 55550 62325
64000 69825 62300 55525 62350
64100 69825 62300 55525 62350
64200 69800 62300 55550 62350
64300 69800 62300 55550 62350
64400 69800 62300 55550 62350
64500 69800 62300 55575 62325
64600 69800 62300 55575 62325
64700 69800 62300 55575 62325
64800 69800 62300 55575 62325
64900 69800 62275 55600 62325
65000 69800 62275 55625 62300
65100 69800 62275 55625 62300
65200 69800 62275 55625 62300
65300 69800 62325 55625 62250
65400 69775 62350 55625 62250
65500 69775 62350 55625 62250
65600 69775 62350 55625 62250
65700 69775 62350 55625 62250
65800 69775 62350 55625 62250
65900 69775 62350 55625 62250
66000 69775 62350 55625 62250
66100 69775 62350 55575 62300
66200 69800 62325 55575 62300
66300 69800 62300 55600 62300
66400 69800 62300 55600 62300
66500 69800 62300 55600 62300
66600 69800 62275 55600 62325
66700 69800 62275 55625 62300
66800 69800 62275 55625 62300
66900 69800 62275 55625 62300
67000 69800 62275 55625 62300
67100 69800 62275 55625 62300
67200 69800 62275 55625 62300
67300 69800 62275 55650 62275
67400 69800 62275 55625 62300
67500 69800 62275 55625 62300
67600 69800 62275 55625 62300
67700 69775 62300 55625 62300
67800 69800 62300 55625 62275
67900 69800 62300 55600 62300
68000 69800 62300 55575 62325
68100 69775 62325 55575 62325
68200 69775 62325 55575 62325
68300 69775 62325 55575 62325
68400 69775 62350 55550 62325
68500 69750 62350 55550 62350
68600 69750 62350 55550 62350
68700 69750 62350 55550 62350
68800 69750 62350 55550 62350
68900 69750 62350 55575 62325
69000 69775 62350 55575 62300
69100 69775 62350 55575 62300
69200 69775 62350 55575 62300
69300 69800 62350 55575 62275
69400 69800 62325 55600 62275
69500 69800 62325 55600 62275
69600 69800 62325 55600 62275
69700 69800 62325 55600 62275
69800 69800 62325 55600 62275
69900 69800 62325 55600 62275
70000 69800 62350 55625 62225
70100 69725 62400 55625 62250
70200 69725 62400 55625 62250
70300 69750 62375 55650 62225
70400 69750 62375 55675 62200
70500 69750 62375 55675 62200
70600 69750 62375 55675 62200
70700 69750 62375 55675 62200
70800 69750 62375 55675 62200
70900 69750 62375 55675 62200
71000 69750 62350 55700 62200
71100 69750 62350 55700 62200
71200 69750 62350 55700 62200
71300 69750 62350 55700 62200
71400 69750 62350 55700 62200
71500 69725 62375 55700 62200
71600 69700 62400 55700 62200
71700 69700 62375 55725 62200
71800 69700 62375 55725 62200
71900 69700 62400 55725 62175
72000 69700 62400 55725 62175
72100 69675 62400 55725 62200
72200 69675 62400 55725 62200
72300 69650 62425 55725 62200
72400 69650 62450 55700 62200
72500 69650 62450 55700 62200
72600 69650 62450 55700 62200
72700 69650 62450 55675 62225
72800 69650 62450 55675 62225
72900 69650 62450 55675 62225
73000 69650 62450 55675 62225
73100 69650 62450 55675 62225
73200 69650 62450 55675 62225
73300 69650 62450 55675 62225
73400 69650 62450 55675 62225
73500 69650 62450 55675 62225
73600 69650 62475 55675 62200
73700 69650 62475 55675 62200
73800 69650 62475 55675 62200
73900 69650 62475 55675 62200
74000 69650 62475 55675 62200
74100 69675 62450 55675 62200
74200 69675 62450 55675 62200
74300 69675 62450 55675 62200
74400 69675 62450 55675 62200
74500 69675 62450 55675 62200
74600 69675 62450 55675 62200
74700 69675 62450 55675 62200
74800 69675 62450 55675 62200
74900 69675 62450 55675 62200
75000 69675 62450 55675 62200
75100 69675 62450 55675 62200
75200 69675 62450 55700 62175
75300 69650 62475 55700 62175
75400 69650 62500 55700 62150
75500 69650 62500 55700 62150
75600 69650 62500 55750 62100
75700 69650 62500 55750 62100
75800 69650 62500 55750 62100
75900 69650 62500 55750 62100
76000 69650 62500 55725 62125
76100 69675 62475 55725 62125
76200 69675 62450 55750 62125
76300 69650 62450 55750 62150
76400 69650 62450 55750 62150
76500 69650 62450 55750 62150
76600 69650 62450 55750 62150
76700 69650 62450 55750 62150
76800 69650 62475 55750 62125
76900 69650 62475 55750 62125
77000 69650 62475 55750 62125
77100 69650 62475 55750 62125
77200 69650 62475 55750 62125
77300 69650 62475 55750 62125
77400 69675 62450 55750 62125
77500 69675 62425 55775 62125
77600 69675 62425 55775 62125
77700 69675 62425 55775 62125
77800 69700 62425 55775 62100
77900 69700 62425 55775 62100
78000 69700 62425 55775 62100
78100 69675 62425 55775 62125
78200 69675 62425 55775 62125
78300 69675 62425 55775 62125
78400 69700 62425 55775 62100
78500 69700 62425 55775 62100
78600 69700 62425 55775 62100
78700 69700 62425 55775 62100
78800 69700 62425 55775 62100
78900 69700 62425 55775 62100
79000 69700 62425 55775 62100
79100 69700 62425 55775 62100
79200 69700 62450 55750 62100
79300 69700 62425 55775 62100
79400 69700 62425 55775 62100
79500 69700 62425 55775 62100
79600 69700 62425 55775 62100
79700 69700 62425 55775 62100
79800 69700 62425 55775 62100
79900 69700 62425 55775 62100
80000 69725 62425 55800 62050
80100 69725 62425 55800 62050
80200 69725 62425 55800 62050
80300 69725 62425 55800 62050
80400 69700 62425 55800 62075
80500 69700 62425 55775 62100
80600 69725 62400 55775 62100
80700 69725 62400 55775 62100
80800 69725 62400 55775 62100
80900 69725 62400 55775 62100
81000 69725 62400 55775 62100
81100 69725 62400 55775 62100
81200 69725 62400 55775 62100
81300 69725 62400 55775 62100
81400 69725 62400 55775 62100
81500 69725 62400 55775 62100
81600 69725 62400 55775 62100
81700 69725 62400 55775 62100
81800 69725 62400 55775 62100
81900 69725 62400 55775 62100
82000 69725 62400 55775 62100
82100 69725 62400 55775 62100
82200 69700 62400 55775 62125
82300 69675 62425 55775 62125
82400 69650 62425 55775 62150
82500 69650 62425 55775 62150
82600 69650 62425 55775 62150
82700 69650 62425 55775 62150
82800 69650 62425 55800 62125
82900 69650 62450 55800 62100
83000 69650 62450 55800 62100
83100 69650 62475 55800 62075
83200 69650 62475 55800 62075
83300 69650 62475 55800 62075
83400 69650 62475 55800 62075
83500 69650 62475 55800 62075
83600 69650 62475 55800 62075
83700 69650 62475 55825 62050
83800 69675 62450 55825 62050
83900 69650 62450 55825 62075
84000 69650 62450 55825 62075
84100 69650 62450 55825 62075
84200 69650 62475 55800 62075
84300 69650 62475 55800 62075
84400 69625 62500 55800 62075
84500 69625 62500 55800 62075
84600 69625 62500 55800 62075
84700 69625 62475 55800 62100
84800 69625 62450 55825 62100
84900 69625 62450 55825 62100
85000 69600 62450 55825 62125
85100 69600 62450 55825 62125
85200 69600 62450 55825 62125
85300 69600 62450 55825 62125
85400 69600 62450 55825 62125
85500 69600 62450 55825 62125
85600 69600 62425 55825 62150
85700 69600 62425 55825 62150
85800 69600 62425 55825 62150
85900 69600 62425 55825 62150
86000 69600 62425 55800 62175
86100 69625 62425 55775 62175
86200 69625 62425 55775 62175
86300 69625 62425 55775 62175
86400 69625 62425 55775 62175
86500 69625 62425 55775 62175
86600 69625 62425 55775 62175
86700 69625 62425 55800 62150
86800 69625 62425 55800 62150
86900 69625 62425 55825 62125
87000 69625 62425 55825 62125
87100 69600 62425 55825 62150
87200 69600 62425 55825 62150
87300 69600 62425 55825 62150
87400 69600 62425 55825 62150
87500 69600 62425 55825 62150
87600 69600 62425 55825 62150
87700 69550 62425 55825 62200
87800 69550 62425 55825 62200
87900 69550 62425 55825 62200
88000 69550 62425 55825 62200
88100 69550 62400 55850 62200
88200 69550 62400 55850 62200
88300 69550 62400 55850 62200
88400 69550 62400 55850 62200
88500 69550 62425 55825 62200
88600 69525 62475 55800 62200
88700 69525 62475 55800 62200
88800 69500 62500 55800 62200
88900 69500 62475 55825 62200
89000 69500 62475 55825 62200
89100 69500 62475 55850 62175
89200 69500 62475 55850 62175
89300 69500 62475 55850 62175
89400 69525 62475 55850 62150
89500 69525 62500 55825 62150
89600 69525 62500 55825 62150
89700 69525 62500 55825 62150
89800 69525 62500 55850 62125
89900 69525 62500 55825 62150
90000 69525 62525 55825 62125
90100 69525 62525 55825 62125
90200 69525 62525 55825 62125
90300 69525 62525 55825 62125
90400 69525 62525 55825 62125
90500 69525 62525 55825 62125
90600 69525 62525 55825 62125
90700 69550 62500 55825 62125
90800 69550 62500 55850 62100
90900 69575 62500 55850 62075
91000 69575 62500 55850 62075
91100 69575 62500 55850 62075
91200 69575 62500 55850 62075
91300 69575 62500 55850 62075
91400 69600 62500 55850 62050
91500 69600 62500 55850 62050
91600 69600 62500 55850 62050
91700 69600 62500 55850 62050
91800 69600 62500 55850 62050
91900 69600 62500 55850 62050
92000 69600 62500 55850 62050
92100 69575 62525 55850 62050
92200 69575 62525 55850 62050
92300 69575 62525 55850 62050
92400 69575 62525 55850 62050
92500 69575 62525 55825 62075
92600 69575 62525 55825 62075
92700 69575 62525 55825 62075
92800 69600 62525 55800 62075
92900 69600 62525 55800 62075
93000 69600 62525 55800 62075
93100 69600 62525 55800 62075
93200 69575 62525 55800 62100
93300 69575 62525 55825 62075
93400 69575 62525 55825 62075
93500 69550 62550 55825 62075
93600 69550 62550 55825 62075
93700 69575 62525 55825 62075
93800 69575 62525 55825 62075
93900 69575 62525 55825 62075
94000 69575 62525 55825 62075
94100 69575 62525 55800 62100
94200 69575 62525 55775 62125
94300 69575 62525 55775 62125
94400 69575 62525 55775 62125
94500 69575 62525 55775 62125
94600 69600 62500 55775 62125
94700 69600 62475 55800 62125
94800 69575 62525 55775 62125
94900 69575 62500 55725 62200
95000 69575 62500 55725 62200
95100 69575 62500 55725 62200
95200 69575 62500 55725 62200
95300 69575 62500 55725 62200
95400 69575 62500 55725 62200
95500 69575 62500 55725 62200
95600 69575 62500 55725 62200
95700 69575 62500 55725 62200
95800 69600 62475 55725 62200
95900 69575 62450 55750 62225
96000 69575 62450 55775 62200
96100 69575 62450 55775 62200
96200 69575 62450 55775 62200
96300 69575 62450 55775 62200
96400 69575 62450 55775 62200
96500 69575 62425 55775 62225
96600 69575 62450 55775 62200
96700 69550 62475 55775 62200
96800 69550 62475 55775 62200
96900 69550 62475 55775 62200
97000 69525 62500 55775 62200
97100 69525 62500 55775 62200
97200 69525 62500 55775 62200
97300 69525 62500 55775 62200
97400 69525 62500 55775 62200
97500 69525 62500 55775 62200
97600 69525 62500 55775 62200
97700 69525 62500 55775 62200
97800 69525 62500 55775 62200
97900 69525 62500 55775 62200
98000 69525 62500 55775 62200
98100 69525 62500 55775 62200
98200 69525 62500 55800 62175
98300 69525 62500 55800 62175
98400 69525 62500 55800 62175
98500 69500 62500 55800 62200
98600 69500 62500 55800 62200
98700 69475 62525 55800 62200
98800 69450 62550 55800 62200
98900 69450 62550 55800 62200
99000 69450 62550 55800 62200
99100 69450 62550 55800 62200
99200 69450 62550 55800 62200
99300 69450 62550 55800 62200
99400 69450 62550 55800 62200
99500 69450 62550 55800 62200
99600 69450 62550 55800 62200
99700 69425 62575 55800 62200
99800 69425 62575 55800 62200
99900 69400 62600 55800 62200
100000 69400 62600 55800 62200
