# Step gr0 gr1 gr2 gr3 
500 62800 20575 62800 92275
600 62925 20525 62775 92275
700 63025 20375 62750 92275
800 63150 20275 62725 92275
900 63225 20250 62775 92275
1000 63350 20225 62750 92275
1100 63400 20125 62725 92275
1200 63475 20075 62725 92275
1300 63550 19925 62775 92275
1400 63700 19875 62775 92225
1500 63725 19775 62750 92225
1600 63800 19700 62725 92225
1700 63850 19675 62550 92200
1800 63850 19650 62600 92200
1900 63550 19450 62175 91500
2000 63275 19200 61675 90775
2100 63475 19125 61675 90775
2200 63625 19075 61650 90775
2300 63625 19000 61600 90725
2400 63675 18925 61575 90725
2500 63675 18900 61500 90675
2600 63700 18900 61500 90675
2700 63700 18775 61500 90550
2800 63400 18675 61150 89925
2900 63450 18650 61100 89900
3000 63500 18625 61100 89875
3100 63525 18625 61000 89875
3200 63625 18600 60975 89875
3300 63700 18500 60900 89800
3400 63700 17475 60875 88675
3500 63450 17250 60375 88050
3600 63500 17175 60400 88000
3700 63500 17150 60350 87975
3800 63575 17100 60300 87850
3900 63600 17025 60275 87775
4000 63625 17000 60275 87775
4100 63700 17000 60225 87750
4200 63725 16950 60150 87725
4300 63750 16925 60075 87725
4400 63800 16925 60025 87725
4500 63825 16900 59850 87725
4600 63825 16900 59750 87625
4700 63625 16850 59575 87075
4800 63625 16825 59525 87075
4900 63700 16775 59525 87025
5000 63700 16750 59525 87025
5100 63700 16700 59500 87025
5200 63825 16600 59550 87025
5300 63825 16600 59550 87025
5400 63875 16600 59550 86975
5500 63850 16550 59550 86975
5600 63900 16525 59525 86975
5700 63925 16525 59575 86975
5800 63950 16475 59575 86975
5900 64000 16475 59625 86975
6000 64025 16450 59700 86975
6100 64050 16450 59700 86975
6200 64075 16425 59700 86925
6300 64100 16425 59700 86875
6400 64175 16425 59700 86875
6500 64225 16400 59675 86875
6600 64250 16400 59675 86875
6700 64325 16325 59650 86875
6800 64350 16325 59650 86875
6900 64400 16325 59650 86875
7000 64525 16275 59650 86875
7100 64550 16275 59625 86875
7200 64575 16275 59625 86875
7300 64575 16250 59600 86875
7400 64600 16250 59600 86875
7500 64600 16225 59575 86875
7600 64600 16225 59575 86875
7700 64625 16200 59550 86825
7800 64625 16200 59500 86775
7900 64625 16200 59500 86775
8000 64625 16200 59475 86775
8100 64625 16200 59450 86775
8200 64625 16200 59500 86775
8300 64625 16150 59475 86775
8400 64625 16150 59450 86775
8500 64625 16125 59425 86775
8600 64625 16050 59450 86775
8700 64675 16050 59450 86775
8800 64675 16025 59400 86750
8900 64675 16000 59400 86750
9000 64650 16000 59400 86750
9100 64675 15975 59350 86750
9200 64675 15975 59350 86750
9300 64475 15975 59100 86275
9400 64475 15950 59075 86275
9500 64475 15950 59025 86225
9600 64475 15950 59000 86225
9700 64425 15875 58950 86225
9800 64475 15850 58900 86225
9900 64475 15825 58750 86200
10000 64475 15775 58700 86150
10100 64450 15725 58550 86050
10200 64475 15725 58425 86050
10300 64500 15725 58175 86000
10400 64525 15725 58150 86000
10500 64550 15700 58125 86000
10600 64550 15675 58125 86000
10700 64575 15675 58125 86000
10800 64575 15650 58075 86000
10900 64325 15625 57900 85575
11000 64325 15600 57900 85525
11100 64325 15600 57900 85525
11200 64350 15600 57900 85500
11300 64375 15600 57850 85500
11400 64375 15600 57850 85500
11500 64375 15600 57850 85500
11600 64400 15600 57850 85400
11700 64400 15600 57850 85375
11800 64450 15600 57850 85350
11900 64475 15600 57850 85350
12000 64525 15575 57850 85350
12100 64550 15575 57825 85350
12200 64575 15575 57825 85350
12300 64650 15500 57825 85350
12400 64675 15500 57825 85350
12500 64675 15500 57825 85350
12600 64675 15500 57825 85350
12700 64675 15500 57825 85350
12800 64675 15500 57825 85350
12900 64675 15500 57825 85350
13000 64650 15475 57825 85350
13100 64675 15450 57800 85325
13200 64675 15450 57800 85325
13300 64700 15450 57800 85325
13400 64700 15450 57800 85325
13500 64700 15400 57800 85325
13600 64725 15375 57800 85325
13700 64750 15350 57800 85325
13800 64700 15300 57800 85325
13900 64725 15300 57800 85325
14000 64675 15300 57800 85325
14100 64675 15275 57800 85325
14200 64675 15275 57775 85325
14300 64675 15275 57775 85325
14400 64625 15275 57775 85325
14500 64000 15275 57775 85325
14600 64025 15275 57775 85275
14700 64025 15275 57775 85275
14800 64025 15275 57775 85225
14900 64025 15275 57775 85225
15000 64025 15275 57775 85225
15100 64025 15275 57775 85225
15200 64025 15275 57775 85225
15300 64025 15250 57775 85225
15400 64050 15250 57800 85225
15500 64050 15250 57800 85225
15600 64025 15200 57825 85225
15700 64025 15200 57825 85225
15800 64025 15200 57825 85225
15900 64025 15200 57825 85225
16000 64025 15200 57825 85200
16100 64025 15200 57825 85175
16200 64050 15200 57850 85175
16300 64025 15200 57850 85175
16400 64025 15200 57850 85175
16500 64025 15200 57825 85175
16600 64050 15200 57825 85175
16700 64050 15200 57850 85175
16800 64050 15200 57850 85175
16900 64050 15200 57875 85150
17000 64050 15200 57875 85125
17100 64050 15175 57875 85125
17200 64050 15175 57850 85125
17300 64050 15175 57850 85125
17400 64050 15175 57850 85125
17500 64075 15175 57850 85125
17600 64075 15150 57850 85125
17700 64075 15150 57850 85125
17800 64075 15125 57850 85125
17900 64100 15100 57850 85125
18000 64100 15100 57850 85125
18100 64100 15100 57850 85125
18200 64100 15100 57850 85125
18300 64100 15100 57850 85100
18400 64075 15100 57850 85100
18500 64000 15100 57850 85100
18600 64000 15100 57850 85100
18700 64000 15100 57825 85100
18800 64000 15075 57825 85100
18900 64000 15075 57825 85100
19000 64000 15000 57825 85100
19100 63975 15000 57825 85100
19200 63950 15000 57825 85100
19300 63950 14950 57825 85025
19400 63900 14950 57775 85025
19500 63925 14950 57775 85025
19600 63750 14950 57625 84725
19700 63725 14925 57625 84675
19800 63725 14925 57625 84675
19900 63725 14925 57625 84675
20000 63725 14925 57600 84625
20100 63725 14925 57600 84625
20200 63750 14925 57600 84625
20300 63750 14925 57600 84625
20400 63750 14925 57600 84625
20500 63700 14925 57600 84625
20600 63700 14925 57600 84625
20700 63650 14900 57575 84625
20800 63650 14900 57575 84625
20900 63650 14900 57575 84625
21000 63675 14900 57575 84600
21100 63650 14875 57550 84475
21200 63650 14825 57550 84450
21300 63650 14825 57550 84425
21400 63650 14825 57525 84425
21500 63675 14825 57525 84425
21600 63675 14825 57525 84425
21700 63700 14825 57525 84425
21800 63700 14825 57525 84425
21900 63700 14800 57525 84425
22000 63700 14800 57525 84425
22100 63700 14800 57525 84400
22200 63700 14800 57475 84400
22300 63675 14775 57475 84400
22400 63675 14775 57475 84400
22500 63675 14775 57475 84400
22600 63675 14775 57475 84400
22700 63650 14775 57475 84400
22800 63650 14750 57475 84400
22900 63650 14750 57475 84400
23000 63650 14750 57475 84400
23100 63650 14750 57475 84400
23200 63650 14750 57475 84400
23300 63650 14750 57475 84400
23400 63650 14725 57475 84400
23500 63650 14700 57475 84400
23600 63650 14700 57475 84400
23700 63650 14675 57475 84400
23800 63650 14675 57475 84400
23900 63650 14675 57475 84400
24000 63650 14675 57475 84400
24100 63650 14675 57475 84400
24200 63650 14675 57475 84400
24300 63650 14675 57475 84400
24400 63650 14675 57475 84400
24500 63650 14675 57475 84400
24600 63650 14675 57475 84400
24700 63650 14675 57475 84400
24800 63650 14675 57475 84400
24900 63650 14675 57475 84375
25000 63650 14675 57475 84375
25100 63650 14675 57475 84375
25200 63650 14675 57475 84350
25300 63650 14675 57475 84325
25400 63650 14675 57475 84300
25500 63650 14675 57475 84300
25600 63675 14675 57475 84300
25700 63675 14675 57475 84300
25800 63675 14675 57475 84300
25900 63675 14650 57475 84300
26000 63675 14650 57475 84300
26100 63675 14625 57475 84300
26200 63675 14625 57475 84300
26300 63700 14600 57475 84300
26400 63700 14600 57475 84300
26500 63700 14600 57475 84300
26600 63700 14575 57475 84300
26700 63700 14575 57475 84300
26800 63700 14575 57475 84300
26900 63700 14575 57475 84300
27000 63700 14575 57475 84300
27100 63700 14575 57475 84300
27200 63700 14575 57475 84300
27300 63700 14550 57475 84250
27400 63700 14550 57475 84225
27500 63700 14500 57475 84225
27600 63700 14450 57475 84225
27700 63700 14450 57475 84200
27800 63700 14425 57475 84175
27900 63700 14425 57475 84175
28000 63700 14425 57475 84175
28100 63700 14400 57450 84125
28200 63700 14350 57425 84125
28300 63700 14325 57425 84125
28400 63700 14125 57425 84025
28500 63700 13650 57425 83450
28600 63700 13650 57425 83400
28700 63700 13650 57425 83375
28800 63700 13650 57425 83325
28900 63700 13650 57425 83300
29000 63700 13650 57425 83300
29100 63700 13625 57425 83300
29200 63700 13625 57425 83300
29300 63700 13625 57450 83300
29400 63700 13625 57450 83275
29500 63700 13625 57475 83275
29600 63700 13625 57500 83225
29700 63700 13625 57500 83225
29800 63700 13600 57500 83200
29900 63700 13600 57525 83200
30000 63700 13600 57525 83200
30100 63700 13600 57525 83200
30200 63700 13600 57525 83200
30300 63700 13600 57525 83200
30400 63700 13600 57525 83200
30500 63700 13600 57525 83200
30600 63700 13575 57525 83200
30700 63700 13575 57525 83150
30800 63700 13575 57525 83150
30900 63700 13575 57525 83150
31000 63700 13575 57525 83125
31100 63700 13575 57525 83125
31200 63700 13575 57525 83125
31300 63700 13575 57525 83100
31400 63650 13575 57525 83100
31500 63650 13575 57525 83100
31600 63650 13575 57525 83100
31700 63650 13575 57525 83100
31800 63675 13575 57525 83100
31900 63675 13575 57475 83100
32000 63675 13575 57475 83100
32100 63675 13575 57475 83075
32200 63675 13575 57475 83075
32300 63675 13550 57475 83075
32400 63650 13550 57475 83075
32500 63650 13550 57475 83075
32600 63600 13550 57425 83050
32700 63500 13525 57325 82850
32800 63500 13525 57325 82800
32900 63500 13525 57325 82800
33000 63500 13525 57325 82800
33100 63500 13525 57325 82650
33200 63500 13525 57325 82650
33300 63500 13525 57325 82650
33400 63500 13525 57325 82650
33500 63500 13525 57325 82650
33600 63500 13525 57325 82650
33700 63500 13525 57325 82650
33800 63500 13525 57325 82650
33900 63500 13525 57325 82650
34000 63525 13525 57325 82650
34100 63525 13500 57325 82650
34200 63525 13500 57325 82650
34300 63525 13500 57325 82650
34400 63525 13475 57325 82650
34500 63525 13475 57325 82650
34600 63525 13475 57325 82650
34700 63525 13475 57325 82650
34800 63525 13475 57325 82650
34900 63525 13475 57325 82650
35000 63525 13475 57325 82650
35100 63525 13475 57325 82650
35200 63525 13475 57325 82650
35300 63525 13475 57325 82650
35400 63525 13475 57325 82650
35500 63550 13475 57325 82650
35600 63550 13475 57325 82650
35700 63550 13475 57325 82650
35800 63550 13450 57325 82650
35900 63550 13450 57325 82650
36000 63550 13450 57325 82650
36100 63550 13450 57325 82650
36200 63525 13450 57325 82650
36300 63525 13450 57325 82650
36400 63525 13425 57325 82650
36500 63500 13425 57325 82625
36600 63500 13425 57325 82625
36700 63500 13425 57325 82625
36800 63500 13425 57325 82625
36900 63500 13425 57325 82625
37000 63500 13425 57325 82625
37100 63500 13425 57325 82625
37200 63500 13425 57325 82625
37300 63500 13425 57325 82625
37400 63500 13425 57325 82625
37500 63500 13425 57325 82625
37600 63500 13425 57350 82625
37700 63500 13425 57375 82625
37800 63500 13425 57375 82625
37900 63500 13425 57375 82625
38000 63500 13425 57375 82625
38100 63500 13425 57375 82625
38200 63500 13425 57375 82625
38300 63500 13425 57375 82625
38400 63500 13425 57375 82625
38500 63500 13425 57375 82625
38600 63500 13425 57375 82625
38700 63500 13425 57375 82625
38800 63500 13425 57375 82625
38900 63500 13425 57375 82625
39000 63500 13425 57375 82625
39100 63500 13425 57375 82625
39200 63500 13425 57375 82625
39300 63500 13425 57375 82625
39400 63500 13425 57375 82625
39500 63500 13425 57375 82625
39600 63500 13425 57375 82625
39700 63500 13425 57375 82625
39800 63500 13425 57375 82625
39900 63500 13425 57375 82625
40000 63500 13425 57375 82625
40100 63500 13425 57375 82625
40200 63500 13425 57375 82625
40300 63500 13400 57375 82625
40400 63500 13400 57375 82625
40500 63500 13400 57375 82625
40600 63500 13400 57350 82625
40700 63500 13375 57350 82625
40800 63500 13350 57350 82625
40900 63500 13350 57350 82625
41000 63500 13350 57350 82625
41100 63500 13350 57350 82625
41200 63500 13325 57350 82625
41300 63500 13325 57350 82625
41400 63500 13325 57350 82625
41500 63500 13325 57350 82625
41600 63500 13325 57350 82625
41700 63500 13325 57350 82625
41800 63500 13325 57350 82625
41900 63500 13325 57350 82625
42000 63500 13325 57350 82625
42100 63500 13325 57350 82625
42200 63500 13325 57350 82625
42300 63500 13325 57350 82625
42400 63500 13325 57350 82625
42500 63500 13325 57350 82625
42600 63500 13325 57350 82625
42700 63500 13325 57350 82625
42800 63500 13325 57350 82625
42900 63500 13325 57350 82625
43000 63500 13325 57350 82625
43100 63500 13325 57350 82625
43200 63500 13325 57350 82625
43300 63500 13325 57350 82625
43400 63500 13325 57350 82625
43500 63500 13325 57350 82625
43600 63500 13325 57350 82625
43700 63500 13325 57350 82625
43800 63500 13325 57350 82625
43900 63500 13325 57350 82625
44000 63500 13325 57350 82625
44100 63500 13325 57350 82625
44200 63500 13325 57350 82625
44300 63525 13325 57350 82625
44400 63525 13325 57350 82625
44500 63525 13325 57350 82625
44600 63525 13325 57350 82625
44700 63525 13325 57350 82625
44800 63525 13325 57350 82625
44900 63550 13325 57350 82625
45000 63550 13325 57350 82625
45100 63550 13325 57350 82625
45200 63550 13325 57350 82625
45300 63550 13325 57350 82625
45400 63550 13325 57350 82625
45500 63550 13325 57350 82625
45600 63550 13325 57350 82625
45700 63550 13325 57350 82625
45800 63550 13325 57375 82625
45900 63550 13325 57375 82625
46000 63550 13325 57375 82625
46100 63550 13325 57375 82625
46200 63550 13325 57375 82625
46300 63550 13325 57375 82625
46400 63550 13325 57375 82625
46500 63550 13325 57375 82625
46600 63550 13325 57375 82625
46700 63550 13325 57375 82625
46800 63550 13325 57375 82625
46900 63550 13325 57375 82625
47000 63550 13325 57375 82625
47100 63550 13325 57375 82625
47200 63550 13325 57375 82625
47300 63550 13325 57400 82625
47400 63550 13325 57400 82625
47500 63550 13325 57400 82625
47600 63550 13325 57400 82625
47700 63550 13325 57400 82625
47800 63550 13325 57400 82625
47900 63550 13325 57400 82625
48000 63550 13325 57400 82625
48100 63550 13325 57400 82625
48200 63550 13325 57400 82625
48300 63550 13325 57400 82625
48400 63550 13325 57400 82625
48500 63550 13325 57400 82625
48600 63550 13325 57400 82625
48700 63550 13325 57400 82625
48800 63550 13325 57400 82625
48900 63550 13325 57400 82625
49000 63550 13325 57400 82625
49100 63550 13325 57400 82625
49200 63550 13325 57400 82625
49300 63550 13325 57400 82625
49400 63550 13325 57400 82625
49500 63550 13325 57400 82625
49600 63550 13325 57400 82625
49700 63550 13325 57400 82625
49800 63550 13325 57400 82625
49900 63600 13325 57400 82625
50000 63600 13325 57425 82625
50100 63600 13325 57400 82625
50200 63600 13325 57400 82625
50300 63600 13325 57400 82625
50400 63600 13325 57400 82625
50500 63600 13325 57400 82625
50600 63600 13325 57400 82625
50700 63600 13325 57400 82625
50800 63600 13325 57400 82625
50900 63600 13300 57400 82625
51000 63600 13300 57400 82625
51100 63600 13300 57400 82625
51200 63600 13300 57400 82625
51300 63600 13300 57400 82625
51400 63600 13300 57400 82625
51500 63600 13300 57400 82625
51600 63600 13300 57400 82625
51700 63600 13300 57400 82625
51800 63600 13300 57400 82625
51900 63600 13300 57400 82625
52000 63600 13300 57400 82625
52100 63600 13300 57400 82625
52200 63600 13300 57400 82625
52300 63600 13300 57400 82625
52400 63600 13300 57400 82625
52500 63600 13275 57400 82625
52600 63600 13275 57400 82625
52700 63600 13275 57400 82625
52800 63600 13275 57400 82625
52900 63600 13275 57400 82600
53000 63600 13275 57400 82600
53100 63600 13275 57400 82600
53200 63600 13275 57400 82600
53300 63600 13275 57400 82600
53400 63600 13275 57400 82600
53500 63600 13275 57400 82600
53600 63600 13275 57400 82600
53700 63600 13275 57400 82600
53800 63600 13275 57400 82600
53900 63600 13275 57400 82600
54000 63600 13275 57400 82600
54100 63600 13275 57400 82600
54200 63600 13275 57400 82600
54300 63600 13275 57400 82600
54400 63600 13275 57400 82600
54500 63600 13275 57400 82600
54600 63600 13275 57400 82600
54700 63600 13275 57400 82600
54800 63600 13275 57400 82600
54900 63600 13275 57400 82600
55000 63600 13275 57400 82600
55100 63600 13275 57400 82600
55200 63600 13275 57400 82600
55300 63600 13275 57400 82600
55400 63600 13275 57400 82600
55500 63600 13275 57400 82600
55600 63600 13250 57400 82600
55700 63600 13250 57400 82600
55800 63600 13250 57400 82600
55900 63600 13250 57400 82600
56000 63600 13250 57400 82600
56100 63600 13250 57400 82600
56200 63600 13250 57400 82600
56300 63600 13250 57400 82600
56400 63600 13250 57400 82600
56500 63600 13250 57400 82600
56600 63600 13250 57400 82600
56700 63600 13250 57400 82600
56800 63600 13250 57400 82600
56900 63600 13250 57400 82600
57000 63600 13250 57400 82600
57100 63600 13250 57400 82600
57200 63600 13250 57400 82600
57300 63600 13250 57400 82600
57400 63600 13250 57400 82600
57500 63600 13250 57400 82600
57600 63600 13250 57400 82600
57700 63600 13250 57400 82600
57800 63600 13250 57400 82600
57900 63600 13250 57400 82600
58000 63600 13250 57400 82600
58100 63600 13250 57400 82600
58200 63600 13250 57375 82600
58300 63625 13250 57375 82600
58400 63625 13250 57375 82600
58500 63625 13250 57375 82600
58600 63625 13250 57375 82600
58700 63625 13250 57375 82600
58800 63625 13250 57375 82600
58900 63625 13250 57375 82600
59000 63625 13250 57375 82600
59100 63625 13250 57375 82600
59200 63625 13250 57375 82600
59300 63650 13250 57375 82600
59400 63650 13250 57375 82600
59500 63650 13250 57375 82600
59600 63650 13225 57375 82575
59700 63650 13225 57375 82575
59800 63650 13225 57375 82575
59900 63650 13225 57375 82575
60000 63650 13225 57375 82575
60100 63650 13225 57375 82575
60200 63650 13200 57400 82575
60300 63650 13200 57400 82575
60400 63650 13200 57400 82575
60500 63650 13200 57400 82575
60600 63650 13200 57400 82575
60700 63650 13200 57400 82575
60800 63650 13200 57400 82575
60900 63650 13200 57400 82575
61000 63650 13200 57400 82575
61100 63650 13200 57400 82575
61200 63650 13200 57400 82575
61300 63650 13200 57400 82575
61400 63650 13200 57400 82575
61500 63650 13200 57400 82575
61600 63650 13200 57400 82575
61700 63650 13200 57400 82575
61800 63650 13200 57400 82575
61900 63650 13200 57400 82575
62000 63650 13200 57400 82575
62100 63650 13200 57400 82575
62200 63650 13200 57400 82575
62300 63650 13200 57400 82575
62400 63650 13200 57400 82575
62500 63650 13200 57400 82575
62600 63650 13200 57400 82575
62700 63650 13200 57400 82575
62800 63650 13200 57400 82575
62900 63650 13200 57400 82575
63000 63650 13200 57425 82575
63100 63650 13200 57425 82575
63200 63650 13200 57425 82575
63300 63650 13200 57425 82575
63400 63650 13200 57425 82550
63500 63650 13200 57425 82525
63600 63650 13200 57425 82525
63700 63650 13200 57425 82525
63800 63650 13200 57425 82525
63900 63650 13200 57425 82525
64000 63650 13200 57425 82525
64100 63650 13200 57425 82525
64200 63650 13200 57425 82525
64300 63650 13200 57425 82525
64400 63650 13200 57425 82525
64500 63650 13200 57425 82525
64600 63650 13200 57425 82525
64700 63650 13200 57425 82525
64800 63650 13200 57425 82525
64900 63650 13200 57425 82525
65000 63650 13175 57425 82525
65100 63650 13175 57425 82525
65200 63650 13175 57425 82525
65300 63650 13175 57425 82525
65400 63650 13175 57425 82525
65500 63650 13175 57425 82525
65600 63650 13175 57450 82525
65700 63650 13175 57450 82525
65800 63650 13175 57450 82525
65900 63650 13175 57450 82525
66000 63650 13175 57450 82525
66100 63650 13175 57450 82525
66200 63650 13175 57450 82525
66300 63650 13175 57450 82525
66400 63650 13175 57450 82525
66500 63650 13175 57450 82500
66600 63650 13175 57450 82500
66700 63650 13175 57450 82500
66800 63650 13175 57450 82500
66900 63650 13175 57450 82500
67000 63650 13175 57450 82500
67100 63650 13175 57450 82500
67200 63650 13175 57450 82500
67300 63650 13175 57450 82500
67400 63650 13175 57450 82500
67500 63650 13175 57450 82500
67600 63650 13175 57450 82500
67700 63650 13175 57450 82500
67800 63650 13175 57450 82500
67900 63650 13175 57450 82500
68000 63650 13175 57450 82500
68100 63650 13175 57400 82500
68200 63650 13175 57400 82500
68300 63650 13175 57400 82500
68400 63650 13175 57400 82500
68500 63650 13175 57400 82500
68600 63650 13175 57400 82500
68700 63650 13175 57400 82500
68800 63650 13175 57400 82500
68900 63650 13175 57400 82500
69000 63650 13150 57400 82500
69100 63650 13150 57400 82500
69200 63650 13150 57400 82500
69300 63650 13150 57400 82500
69400 63650 13150 57400 82500
69500 63650 13150 57400 82500
69600 63650 13150 57400 82500
69700 63650 13150 57400 82500
69800 63650 13150 57425 82500
69900 63650 13150 57425 82500
70000 63650 13150 57425 82500
70100 63650 13150 57425 82500
70200 63650 13150 57425 82500
70300 63650 13150 57425 82500
70400 63650 13150 57425 82500
70500 63650 13150 57425 82500
70600 63650 13150 57425 82500
70700 63650 13150 57425 82500
70800 63650 13150 57425 82500
70900 63650 13150 57425 82500
71000 63650 13150 57425 82500
71100 63650 13150 57425 82500
71200 63650 13150 57425 82500
71300 63650 13150 57425 82500
71400 63650 13150 57425 82500
71500 63650 13150 57425 82500
71600 63675 13150 57425 82500
71700 63675 13150 57425 82500
71800 63675 13150 57425 82500
71900 63675 13150 57425 82500
72000 63675 13150 57425 82500
72100 63675 13150 57425 82500
72200 63675 13150 57425 82500
72300 63675 13150 57425 82500
72400 63675 13150 57425 82500
72500 63675 13150 57425 82500
72600 63675 13150 57425 82500
72700 63675 13125 57425 82500
72800 63675 13125 57425 82500
72900 63675 13125 57425 82500
73000 63675 13125 57425 82500
73100 63675 13100 57425 82500
73200 63675 13100 57425 82500
73300 63675 13100 57425 82500
73400 63675 13100 57425 82500
73500 63675 13100 57425 82500
73600 63675 13100 57425 82500
73700 63675 13100 57425 82500
73800 63675 13100 57425 82500
73900 63675 13100 57425 82500
74000 63675 13100 57425 82500
74100 63675 13100 57425 82500
74200 63675 13100 57425 82500
74300 63675 13100 57425 82500
74400 63700 13100 57425 82500
74500 63700 13100 57425 82500
74600 63700 13100 57425 82500
74700 63700 13100 57425 82500
74800 63700 13100 57425 82500
74900 63700 13100 57425 82500
75000 63700 13100 57425 82500
75100 63700 13100 57425 82500
75200 63700 13100 57425 82500
75300 63700 13100 57425 82500
75400 63700 13100 57425 82500
75500 63700 13100 57425 82500
75600 63700 13100 57400 82500
75700 63700 13100 57400 82500
75800 63700 13100 57400 82500
75900 63700 13100 57400 82500
76000 63700 13100 57400 82500
76100 63700 13075 57400 82500
76200 63700 13075 57400 82500
76300 63700 13075 57400 82500
76400 63700 13075 57400 82500
76500 63700 13075 57400 82500
76600 63700 13075 57400 82500
76700 63700 13075 57400 82500
76800 63700 13075 57400 82500
76900 63700 13075 57400 82500
77000 63700 13075 57400 82500
77100 63700 13075 57400 82500
77200 63700 13075 57400 82500
77300 63700 13075 57400 82500
77400 63700 13075 57400 82500
77500 63700 13075 57400 82500
77600 63700 13075 57400 82500
77700 63700 13075 57400 82500
77800 63725 13075 57400 82475
77900 63725 13050 57400 82475
78000 63725 13050 57400 82475
78100 63725 13050 57400 82475
78200 63725 13050 57400 82475
78300 63725 13050 57400 82475
78400 63725 13050 57400 82475
78500 63725 13050 57400 82475
78600 63725 13050 57400 82475
78700 63750 13050 57400 82475
78800 63750 13050 57400 82475
78900 63750 13050 57375 82475
79000 63750 13050 57375 82475
79100 63750 13050 57325 82475
79200 63700 13050 57325 82450
79300 63700 13050 57325 82450
79400 63700 13050 57325 82450
79500 63700 13050 57325 82450
79600 63700 13050 57325 82450
79700 63700 13050 57325 82450
79800 63700 13050 57325 82450
79900 63700 13025 57325 82450
80000 63700 13025 57325 82450
80100 63725 13025 57325 82450
80200 63725 13025 57325 82450
80300 63725 13025 57325 82450
80400 63725 13025 57325 82450
80500 63725 13025 57325 82450
80600 63725 13025 57325 82450
80700 63725 13025 57325 82450
80800 63725 13025 57325 82450
80900 63725 13025 57325 82450
81000 63725 13025 57325 82450
81100 63725 13025 57325 82450
81200 63725 13025 57325 82450
81300 63725 13025 57325 82450
81400 63725 13025 57325 82450
81500 63725 13025 57325 82450
81600 63725 13025 57325 82450
81700 63725 13025 57325 82450
81800 63725 13025 57325 82450
81900 63725 13025 57325 82450
82000 63725 13025 57325 82450
82100 63725 13025 57325 82450
82200 63725 13025 57325 82450
82300 63725 13025 57325 82450
82400 63725 13025 57325 82450
82500 63725 13025 57325 82450
82600 63725 13025 57325 82450
82700 63725 13025 57325 82450
82800 63725 13025 57325 82450
82900 63725 13025 57325 82450
83000 63725 13025 57325 82450
83100 63725 13025 57325 82450
83200 63725 13025 57325 82450
83300 63725 13025 57325 82450
83400 63725 13025 57325 82450
83500 63725 13025 57325 82450
83600 63725 13025 57325 82450
83700 63725 13025 57325 82450
83800 63725 13025 57325 82450
83900 63725 13025 57325 82450
84000 63725 13025 57325 82450
84100 63725 13025 57325 82450
84200 63725 13025 57325 82450
84300 63750 13025 57325 82450
84400 63750 13025 57325 82450
84500 63750 13025 57325 82450
84600 63750 13025 57325 82450
84700 63750 13025 57325 82450
84800 63750 13025 57325 82450
84900 63750 13025 57325 82450
85000 63750 13025 57325 82450
85100 63750 13025 57325 82450
85200 63750 13025 57325 82450
85300 63750 13025 57325 82450
85400 63750 13025 57325 82450
85500 63750 13025 57325 82450
85600 63750 13025 57325 82450
85700 63750 13025 57325 82450
85800 63750 13025 57325 82450
85900 63775 13000 57325 82450
86000 63775 13000 57325 82450
86100 63775 13000 57325 82450
86200 63775 13000 57325 82450
86300 63775 13000 57325 82450
86400 63775 13000 57325 82450
86500 63775 13000 57325 82450
86600 63775 13000 57325 82450
86700 63775 13000 57325 82450
86800 63775 13000 57325 82450
86900 63775 13000 57325 82450
87000 63775 13000 57325 82450
87100 63775 13000 57325 82450
87200 63775 13000 57325 82450
87300 63775 13000 57325 82450
87400 63775 13000 57325 82450
87500 63775 13000 57325 82450
87600 63775 13000 57325 82450
87700 63775 13000 57325 82450
87800 63775 13000 57325 82450
87900 63775 13000 57325 82450
88000 63775 13000 57325 82450
88100 63800 13000 57325 82450
88200 63800 13000 57350 82450
88300 63800 13000 57350 82450
88400 63800 13000 57350 82450
88500 63800 13000 57350 82450
88600 63800 13000 57350 82450
88700 63800 13000 57350 82450
88800 63800 13000 57350 82450
88900 63800 13000 57350 82450
89000 63800 13000 57350 82450
89100 63800 13000 57350 82450
89200 63800 13000 57350 82450
89300 63800 13000 57350 82450
89400 63800 13000 57350 82450
89500 63800 13000 57350 82450
89600 63800 13000 57350 82450
89700 63800 13000 57350 82450
89800 63800 13000 57350 82450
89900 63800 13000 57350 82450
90000 63800 13000 57350 82450
90100 63800 13000 57350 82450
90200 63800 13000 57350 82450
90300 63800 13000 57350 82450
90400 63800 13000 57350 82450
90500 63800 13000 57350 82450
90600 63800 13000 57350 82450
90700 63800 13000 57350 82450
90800 63800 13000 57350 82450
90900 63750 13000 57350 82450
91000 63750 13000 57350 82450
91100 63750 13000 57350 82450
91200 63750 13000 57350 82450
91300 63750 13000 57350 82450
91400 63750 13000 57350 82450
91500 63750 13000 57350 82450
91600 63750 13000 57350 82450
91700 63750 13000 57350 82450
91800 63750 12975 57350 82450
91900 63750 12975 57350 82450
92000 63750 12975 57350 82450
92100 63750 12975 57350 82450
92200 63750 12975 57350 82450
92300 63750 12975 57350 82450
92400 63750 12975 57350 82450
92500 63750 12975 57350 82450
92600 63750 12975 57350 82450
92700 63750 12975 57350 82450
92800 63750 12975 57350 82450
92900 63750 12975 57350 82450
93000 63750 12975 57350 82450
93100 63750 12975 57350 82450
93200 63750 12975 57350 82450
93300 63750 12975 57350 82450
93400 63750 12975 57350 82450
93500 63750 12975 57350 82450
93600 63750 12975 57350 82450
93700 63750 12975 57350 82450
93800 63750 12975 57350 82450
93900 63750 12975 57350 82450
94000 63750 12975 57350 82450
94100 63750 12975 57350 82450
94200 63750 12975 57350 82450
94300 63750 12975 57350 82450
94400 63750 12975 57350 82450
94500 63750 12975 57350 82450
94600 63750 12975 57350 82450
94700 63750 12975 57350 82450
94800 63750 12975 57350 82450
94900 63750 12975 57350 82450
95000 63750 12975 57350 82450
95100 63750 12975 57350 82450
95200 63750 12975 57350 82450
95300 63750 12975 57350 82450
95400 63750 12975 57350 82450
95500 63750 12975 57350 82450
95600 63750 12975 57350 82450
95700 63750 12975 57350 82450
95800 63750 12975 57350 82450
95900 63750 12975 57350 82450
96000 63750 12975 57350 82450
96100 63750 12975 57350 82450
96200 63750 12975 57350 82450
96300 63750 12975 57350 82450
96400 63750 12975 57350 82450
96500 63750 12975 57350 82450
96600 63750 12975 57350 82450
96700 63750 12975 57350 82450
96800 63750 12975 57350 82450
96900 63750 12975 57350 82450
97000 63750 12975 57350 82450
97100 63750 12975 57350 82450
97200 63750 12975 57350 82450
97300 63750 12975 57350 82450
97400 63750 12975 57350 82450
97500 63750 12975 57350 82450
97600 63750 12975 57350 82450
97700 63750 12975 57350 82450
97800 63750 12975 57350 82450
97900 63750 12975 57350 82450
98000 63750 12975 57350 82450
98100 63750 12975 57350 82450
98200 63750 12975 57350 82450
98300 63750 12975 57350 82450
98400 63750 12975 57350 82425
98500 63750 12975 57350 82425
98600 63750 12975 57350 82425
98700 63750 12975 57350 82425
98800 63750 12975 57350 82425
98900 63750 12975 57350 82425
99000 63750 12975 57350 82425
99100 63750 12975 57350 82425
99200 63750 12975 57350 82425
99300 63750 12975 57350 82425
99400 63750 12975 57350 82425
99500 63750 12975 57350 82425
99600 63750 12975 57350 82425
99700 63750 12975 57350 82425
99800 63750 12975 57350 82425
99900 63750 12975 57350 82425
100000 63750 12950 57350 82425
100100 63750 12950 57350 82425
100200 63750 12950 57350 82425
100300 63750 12950 57350 82425
100400 63750 12950 57350 82425
100500 63750 12950 57350 82425
100600 63750 12950 57350 82425
100700 63750 12950 57350 82425
100800 63750 12950 57350 82425
100900 63750 12950 57350 82425
101000 63750 12950 57350 82425
101100 63750 12950 57350 82425
101200 63750 12950 57350 82425
101300 63750 12950 57350 82425
101400 63750 12950 57350 82425
101500 63750 12950 57350 82425
101600 63750 12950 57350 82425
101700 63750 12950 57350 82425
101800 63750 12950 57350 82425
101900 63750 12950 57350 82425
102000 63750 12950 57350 82425
102100 63750 12950 57350 82425
102200 63750 12950 57350 82425
102300 63750 12950 57350 82425
102400 63750 12950 57350 82425
102500 63750 12950 57350 82425
102600 63750 12950 57350 82425
102700 63750 12950 57350 82425
102800 63750 12950 57350 82425
102900 63750 12950 57350 82425
103000 63750 12950 57350 82425
103100 63750 12950 57350 82425
103200 63750 12950 57350 82425
103300 63750 12950 57350 82425
103400 63750 12950 57350 82425
103500 63750 12950 57350 82425
103600 63750 12950 57350 82425
103700 63750 12950 57350 82425
103800 63750 12950 57350 82425
103900 63750 12950 57350 82425
104000 63750 12950 57350 82425
104100 63750 12950 57350 82425
104200 63750 12950 57350 82425
104300 63750 12950 57350 82425
104400 63750 12950 57350 82425
104500 63750 12925 57350 82425
104600 63750 12925 57350 82425
104700 63750 12925 57350 82425
104800 63750 12925 57350 82425
104900 63750 12925 57375 82425
105000 63750 12925 57375 82425
105100 63750 12925 57375 82425
105200 63750 12925 57375 82425
105300 63750 12925 57375 82425
105400 63750 12925 57375 82425
105500 63750 12925 57375 82425
105600 63750 12925 57375 82425
105700 63750 12925 57375 82425
105800 63750 12925 57375 82425
105900 63750 12925 57375 82425
106000 63750 12925 57375 82425
106100 63750 12925 57375 82425
106200 63750 12925 57375 82425
106300 63750 12925 57400 82425
106400 63750 12925 57400 82425
106500 63750 12925 57400 82425
106600 63750 12925 57400 82425
106700 63750 12925 57400 82425
106800 63750 12925 57400 82425
106900 63750 12925 57400 82425
107000 63750 12925 57400 82425
107100 63750 12925 57400 82425
107200 63750 12900 57400 82425
107300 63750 12900 57400 82425
107400 63750 12900 57400 82425
107500 63750 12900 57400 82425
107600 63750 12900 57400 82425
107700 63750 12900 57400 82425
107800 63750 12900 57400 82425
107900 63750 12900 57400 82425
108000 63750 12900 57400 82425
108100 63750 12900 57400 82425
108200 63750 12900 57400 82425
108300 63750 12900 57400 82425
108400 63750 12900 57400 82425
108500 63750 12900 57400 82425
108600 63750 12900 57400 82425
108700 63750 12900 57400 82425
108800 63750 12900 57400 82425
108900 63750 12900 57400 82425
109000 63750 12900 57400 82425
109100 63700 12900 57400 82425
109200 63700 12900 57400 82425
109300 63700 12900 57400 82425
109400 63700 12900 57400 82425
109500 63700 12900 57400 82425
109600 63700 12900 57400 82425
109700 63700 12900 57400 82425
109800 63700 12900 57400 82425
109900 63700 12900 57400 82425
110000 63700 12900 57400 82425
110100 63700 12900 57400 82425
110200 63700 12900 57400 82425
110300 63700 12900 57400 82425
110400 63700 12900 57400 82425
110500 63700 12900 57400 82425
110600 63700 12900 57400 82425
110700 63700 12900 57400 82425
110800 63700 12900 57400 82425
110900 63700 12900 57400 82425
111000 63700 12900 57400 82425
111100 63700 12900 57400 82425
111200 63725 12900 57400 82425
111300 63725 12900 57400 82425
111400 63725 12900 57400 82425
111500 63725 12900 57400 82425
111600 63725 12900 57400 82425
111700 63725 12900 57400 82425
111800 63725 12900 57400 82425
111900 63725 12900 57400 82425
112000 63725 12900 57400 82425
112100 63725 12900 57400 82425
112200 63725 12900 57400 82425
112300 63725 12900 57400 82425
112400 63725 12900 57400 82425
112500 63725 12900 57400 82425
112600 63725 12900 57400 82425
112700 63725 12900 57400 82425
112800 63725 12900 57400 82425
112900 63725 12900 57400 82425
113000 63725 12900 57400 82425
113100 63725 12900 57400 82425
113200 63725 12900 57400 82425
113300 63725 12900 57400 82425
113400 63725 12900 57400 82425
113500 63725 12900 57400 82425
113600 63725 12900 57400 82425
113700 63725 12900 57400 82425
113800 63725 12900 57400 82425
113900 63725 12900 57400 82425
114000 63725 12900 57400 82425
114100 63725 12900 57400 82425
114200 63725 12900 57400 82425
114300 63725 12900 57400 82425
114400 63725 12900 57400 82425
114500 63725 12900 57400 82425
114600 63725 12900 57400 82425
114700 63725 12900 57400 82425
114800 63725 12900 57400 82425
114900 63725 12900 57400 82425
115000 63725 12900 57400 82425
115100 63725 12900 57400 82425
115200 63725 12900 57400 82425
115300 63725 12900 57400 82425
115400 63725 12900 57400 82425
115500 63725 12900 57400 82425
115600 63725 12900 57400 82425
115700 63725 12900 57400 82425
115800 63725 12875 57400 82425
115900 63725 12875 57400 82425
116000 63725 12875 57400 82425
116100 63725 12875 57400 82425
116200 63725 12875 57400 82425
116300 63725 12875 57400 82425
116400 63725 12875 57400 82425
116500 63725 12875 57400 82425
116600 63725 12875 57400 82425
116700 63725 12875 57400 82425
116800 63725 12875 57400 82425
116900 63725 12875 57400 82425
117000 63725 12875 57400 82425
117100 63725 12875 57400 82425
117200 63725 12875 57400 82425
117300 63725 12875 57400 82425
117400 63725 12875 57400 82425
117500 63725 12875 57400 82425
117600 63725 12875 57400 82425
117700 63725 12875 57400 82425
117800 63725 12875 57400 82425
117900 63725 12875 57400 82425
118000 63725 12875 57400 82425
118100 63725 12875 57400 82425
118200 63725 12875 57400 82425
118300 63725 12875 57400 82425
118400 63725 12875 57400 82425
118500 63725 12875 57400 82425
118600 63725 12875 57400 82425
118700 63725 12875 57400 82425
118800 63725 12850 57400 82425
118900 63725 12850 57400 82425
119000 63725 12850 57400 82425
119100 63725 12850 57400 82425
119200 63725 12850 57400 82425
119300 63725 12850 57400 82425
119400 63725 12850 57400 82425
119500 63725 12850 57400 82425
119600 63725 12850 57400 82425
119700 63725 12850 57400 82425
119800 63725 12850 57400 82425
119900 63725 12850 57400 82425
120000 63750 12850 57400 82425
120100 63750 12850 57400 82400
120200 63750 12850 57400 82400
120300 63750 12850 57400 82400
120400 63750 12850 57400 82400
120500 63750 12850 57400 82400
120600 63750 12850 57400 82400
120700 63750 12850 57400 82400
120800 63750 12850 57400 82400
120900 63750 12850 57400 82400
121000 63750 12850 57400 82400
121100 63750 12850 57400 82400
121200 63750 12850 57400 82400
121300 63750 12850 57400 82400
121400 63750 12850 57400 82400
121500 63750 12850 57400 82400
121600 63750 12850 57400 82400
121700 63750 12850 57400 82400
121800 63750 12850 57400 82400
121900 63750 12850 57400 82400
122000 63750 12850 57400 82400
122100 63750 12850 57400 82400
122200 63750 12850 57400 82400
122300 63750 12850 57400 82400
122400 63750 12850 57400 82400
122500 63750 12850 57400 82400
122600 63750 12850 57400 82375
122700 63750 12850 57400 82375
122800 63750 12850 57400 82375
122900 63750 12850 57400 82375
123000 63750 12850 57400 82375
123100 63750 12850 57400 82375
123200 63750 12850 57400 82375
123300 63750 12850 57400 82375
123400 63750 12850 57400 82375
123500 63750 12850 57400 82375
123600 63750 12850 57400 82375
123700 63750 12850 57400 82375
123800 63750 12850 57400 82375
123900 63750 12850 57400 82375
124000 63750 12850 57400 82375
124100 63750 12850 57400 82375
124200 63750 12850 57400 82375
124300 63750 12850 57400 82375
124400 63750 12850 57400 82375
124500 63750 12850 57400 82375
124600 63750 12850 57400 82375
124700 63750 12850 57400 82375
124800 63750 12850 57400 82375
124900 63750 12850 57400 82375
125000 63750 12850 57400 82375
125100 63750 12850 57400 82375
125200 63750 12850 57400 82375
125300 63750 12850 57400 82375
125400 63750 12850 57400 82375
125500 63750 12850 57400 82375
125600 63750 12850 57400 82375
125700 63750 12850 57400 82375
125800 63750 12850 57400 82375
125900 63750 12850 57400 82375
126000 63750 12850 57400 82375
126100 63750 12850 57400 82375
126200 63750 12850 57400 82375
126300 63750 12850 57400 82375
126400 63750 12850 57400 82375
126500 63750 12850 57400 82375
126600 63750 12850 57400 82375
126700 63750 12850 57400 82375
126800 63750 12850 57400 82375
126900 63750 12850 57400 82375
127000 63775 12850 57400 82375
127100 63775 12850 57400 82375
127200 63775 12850 57400 82375
127300 63775 12850 57400 82375
127400 63775 12850 57400 82375
127500 63775 12850 57400 82375
127600 63775 12850 57400 82375
127700 63775 12850 57400 82375
127800 63775 12850 57400 82375
127900 63775 12850 57400 82375
128000 63775 12850 57400 82375
128100 63775 12850 57400 82375
128200 63775 12850 57400 82375
128300 63775 12850 57400 82375
128400 63775 12850 57400 82375
128500 63775 12850 57400 82375
128600 63775 12850 57400 82375
128700 63775 12850 57400 82375
128800 63775 12850 57400 82375
128900 63775 12850 57400 82375
129000 63775 12850 57425 82375
129100 63775 12850 57425 82375
129200 63775 12850 57425 82375
129300 63775 12850 57425 82375
129400 63775 12850 57425 82375
129500 63775 12850 57425 82375
129600 63775 12850 57425 82375
129700 63775 12850 57425 82375
129800 63775 12850 57425 82375
129900 63775 12850 57425 82375
130000 63775 12850 57425 82375
130100 63775 12850 57425 82375
130200 63775 12850 57425 82375
130300 63775 12825 57425 82375
130400 63775 12825 57425 82375
130500 63775 12825 57425 82375
130600 63775 12825 57425 82375
130700 63775 12825 57425 82375
130800 63775 12825 57425 82375
130900 63775 12825 57425 82375
131000 63775 12825 57425 82375
131100 63775 12825 57425 82375
131200 63775 12825 57425 82375
131300 63775 12825 57425 82375
131400 63775 12825 57425 82375
131500 63775 12825 57425 82375
131600 63775 12825 57400 82375
131700 63775 12825 57400 82375
131800 63775 12825 57400 82375
131900 63775 12825 57400 82375
132000 63775 12825 57400 82375
132100 63775 12825 57400 82375
132200 63800 12825 57400 82375
132300 63800 12825 57400 82375
132400 63800 12800 57400 82375
132500 63800 12800 57400 82375
132600 63800 12800 57400 82375
132700 63800 12800 57400 82375
132800 63800 12800 57400 82375
132900 63800 12800 57400 82375
133000 63800 12800 57400 82375
133100 63800 12800 57400 82375
133200 63800 12800 57400 82375
133300 63800 12800 57400 82375
133400 63800 12800 57400 82375
133500 63800 12800 57400 82375
133600 63800 12800 57400 82375
133700 63800 12800 57400 82375
133800 63800 12800 57400 82375
133900 63800 12800 57400 82375
134000 63800 12800 57400 82375
134100 63800 12800 57400 82375
134200 63800 12800 57400 82375
134300 63800 12800 57400 82375
134400 63800 12800 57400 82375
134500 63800 12800 57400 82375
134600 63800 12800 57400 82375
134700 63800 12800 57400 82375
134800 63800 12800 57400 82375
134900 63800 12800 57400 82375
135000 63800 12800 57400 82375
135100 63800 12800 57400 82375
135200 63800 12800 57400 82375
135300 63800 12800 57400 82375
135400 63800 12800 57400 82375
135500 63800 12800 57400 82375
135600 63800 12800 57400 82375
135700 63800 12800 57400 82375
135800 63800 12800 57400 82375
135900 63800 12800 57400 82375
136000 63800 12800 57400 82375
136100 63800 12800 57400 82375
136200 63800 12800 57400 82375
136300 63800 12800 57400 82375
136400 63800 12800 57400 82375
136500 63800 12800 57400 82375
136600 63825 12800 57400 82375
136700 63825 12800 57400 82375
136800 63825 12800 57400 82375
136900 63825 12800 57400 82375
137000 63825 12800 57400 82375
137100 63825 12800 57400 82375
137200 63825 12800 57400 82375
137300 63825 12800 57400 82375
137400 63825 12775 57400 82375
137500 63825 12775 57400 82375
137600 63825 12775 57400 82375
137700 63825 12775 57400 82375
137800 63825 12775 57400 82375
137900 63825 12775 57400 82375
138000 63825 12775 57400 82375
138100 63825 12775 57400 82375
138200 63825 12775 57400 82375
138300 63825 12775 57400 82375
138400 63825 12775 57400 82375
138500 63825 12775 57400 82375
138600 63825 12775 57400 82375
138700 63825 12775 57400 82375
138800 63825 12775 57400 82375
138900 63825 12775 57400 82375
139000 63850 12775 57400 82375
139100 63850 12775 57400 82375
139200 63850 12775 57400 82375
139300 63850 12775 57400 82375
139400 63850 12775 57400 82375
139500 63850 12775 57400 82375
139600 63850 12775 57400 82375
139700 63850 12775 57400 82375
139800 63850 12775 57400 82375
139900 63850 12775 57400 82375
140000 63850 12775 57400 82375
140100 63850 12775 57400 82375
140200 63850 12775 57400 82375
140300 63850 12775 57400 82375
140400 63850 12775 57400 82375
140500 63850 12775 57400 82375
140600 63850 12775 57400 82375
140700 63850 12775 57400 82375
140800 63850 12775 57400 82375
140900 63850 12775 57400 82375
141000 63875 12775 57400 82375
141100 63875 12775 57400 82375
141200 63875 12775 57400 82375
141300 63875 12775 57400 82375
141400 63875 12775 57400 82375
141500 63875 12775 57400 82375
141600 63875 12775 57400 82375
141700 63875 12775 57400 82375
141800 63875 12775 57400 82375
141900 63875 12775 57400 82375
142000 63875 12775 57400 82375
142100 63875 12775 57400 82375
142200 63875 12775 57400 82375
142300 63875 12775 57400 82375
142400 63875 12775 57400 82375
142500 63875 12775 57400 82375
142600 63875 12775 57400 82375
142700 63875 12775 57400 82375
142800 63875 12775 57400 82375
142900 63875 12775 57400 82375
143000 63900 12775 57400 82375
143100 63900 12775 57400 82375
143200 63900 12775 57400 82375
143300 63900 12775 57400 82375
143400 63900 12775 57400 82375
143500 63900 12775 57400 82375
143600 63900 12775 57400 82375
143700 63900 12775 57400 82375
143800 63900 12775 57400 82375
143900 63900 12775 57400 82375
144000 63900 12775 57400 82375
144100 63900 12775 57400 82375
144200 63900 12775 57400 82375
144300 63900 12775 57400 82375
144400 63900 12775 57400 82375
144500 63900 12775 57400 82375
144600 63900 12775 57400 82375
144700 63900 12775 57400 82375
144800 63900 12775 57400 82375
144900 63900 12775 57400 82375
145000 63900 12775 57400 82375
145100 63900 12775 57400 82375
145200 63900 12775 57400 82375
145300 63900 12775 57400 82375
145400 63900 12775 57400 82375
145500 63900 12775 57400 82375
145600 63900 12775 57400 82375
145700 63900 12775 57400 82375
145800 63900 12775 57400 82375
145900 63900 12775 57400 82375
146000 63900 12775 57400 82375
146100 63900 12775 57400 82375
146200 63900 12775 57400 82375
146300 63900 12775 57400 82375
146400 63900 12775 57400 82375
146500 63900 12775 57400 82375
146600 63900 12775 57400 82375
146700 63900 12775 57400 82375
146800 63900 12775 57400 82375
146900 63900 12775 57400 82375
147000 63900 12775 57400 82375
147100 63900 12775 57400 82375
147200 63900 12775 57400 82375
147300 63900 12775 57400 82375
147400 63900 12775 57400 82375
147500 63900 12775 57400 82375
147600 63900 12775 57400 82375
147700 63900 12775 57400 82375
147800 63900 12775 57400 82375
147900 63900 12775 57400 82375
148000 63900 12775 57400 82375
148100 63900 12775 57400 82375
148200 63900 12775 57400 82375
148300 63900 12775 57400 82375
148400 63900 12775 57400 82375
148500 63900 12775 57400 82375
148600 63900 12775 57400 82375
148700 63900 12775 57400 82375
148800 63900 12775 57400 82375
148900 63900 12775 57400 82375
149000 63900 12775 57400 82375
149100 63900 12775 57400 82375
149200 63900 12775 57400 82375
149300 63900 12775 57400 82375
149400 63900 12775 57400 82375
149500 63900 12775 57400 82375
149600 63900 12775 57400 82375
149700 63900 12775 57400 82375
149800 63900 12775 57400 82375
149900 63900 12775 57400 82375
150000 63900 12775 57400 82375
150100 63900 12775 57400 82375
150200 63900 12775 57400 82375
150300 63900 12775 57400 82375
150400 63900 12775 57400 82375
150500 63900 12775 57400 82375
150600 63900 12775 57400 82375
150700 63900 12775 57400 82375
150800 63900 12775 57400 82375
150900 63900 12775 57400 82375
151000 63900 12775 57400 82375
151100 63900 12775 57400 82375
151200 63900 12775 57400 82375
151300 63900 12775 57400 82375
151400 63900 12775 57400 82375
151500 63900 12775 57400 82375
151600 63900 12775 57400 82375
151700 63900 12775 57400 82375
151800 63900 12775 57400 82375
151900 63900 12775 57400 82375
152000 63900 12775 57400 82375
152100 63900 12775 57400 82375
152200 63900 12775 57400 82375
152300 63900 12775 57400 82375
152400 63900 12775 57400 82375
152500 63900 12775 57400 82375
152600 63925 12775 57400 82375
152700 63925 12775 57400 82375
152800 63925 12775 57400 82375
152900 63925 12775 57400 82375
153000 63925 12775 57400 82375
153100 63925 12775 57400 82375
153200 63925 12775 57400 82375
153300 63925 12775 57400 82375
153400 63925 12775 57400 82375
153500 63925 12775 57400 82375
153600 63925 12775 57400 82375
153700 63925 12775 57400 82375
153800 63925 12775 57400 82375
153900 63925 12775 57400 82375
154000 63925 12775 57400 82375
154100 63925 12775 57400 82375
154200 63925 12775 57400 82375
154300 63925 12750 57400 82375
154400 63925 12750 57400 82375
154500 63925 12750 57400 82375
154600 63925 12750 57400 82375
154700 63925 12750 57400 82375
154800 63925 12750 57400 82375
154900 63925 12750 57400 82375
155000 63925 12750 57400 82375
155100 63925 12750 57400 82375
155200 63925 12750 57400 82375
155300 63925 12750 57400 82375
155400 63925 12750 57400 82375
155500 63925 12750 57400 82375
155600 63925 12750 57400 82375
155700 63925 12750 57400 82375
155800 63925 12750 57400 82375
155900 63925 12750 57400 82375
156000 63925 12750 57400 82375
156100 63925 12750 57425 82375
156200 63925 12750 57425 82375
156300 63925 12750 57425 82375
156400 63925 12750 57425 82375
156500 63925 12750 57425 82375
156600 63925 12750 57425 82375
156700 63925 12750 57425 82375
156800 63925 12750 57425 82375
156900 63925 12750 57425 82375
157000 63925 12750 57425 82375
157100 63925 12750 57425 82375
157200 63925 12750 57425 82375
157300 63925 12750 57425 82375
157400 63925 12750 57425 82375
157500 63925 12750 57425 82375
157600 63925 12750 57425 82375
157700 63925 12750 57425 82375
157800 63925 12750 57425 82375
157900 63925 12750 57425 82375
158000 63925 12750 57425 82375
158100 63925 12750 57425 82375
158200 63925 12750 57425 82375
158300 63925 12750 57425 82375
158400 63925 12750 57425 82375
158500 63925 12750 57425 82375
158600 63925 12750 57425 82375
158700 63925 12750 57425 82375
158800 63925 12750 57425 82375
158900 63925 12750 57425 82375
159000 63925 12750 57425 82375
159100 63925 12750 57425 82375
159200 63925 12750 57425 82375
159300 63925 12750 57425 82375
159400 63925 12750 57425 82375
159500 63925 12750 57425 82375
159600 63925 12750 57425 82375
159700 63925 12750 57425 82375
159800 63925 12750 57425 82375
159900 63925 12750 57425 82375
160000 63925 12750 57425 82375
160100 63925 12750 57425 82375
160200 63925 12750 57425 82375
160300 63925 12750 57425 82375
160400 63925 12750 57425 82375
160500 63925 12750 57425 82375
160600 63925 12750 57425 82375
160700 63925 12750 57425 82375
160800 63925 12750 57425 82375
160900 63925 12750 57425 82375
161000 63925 12750 57425 82375
161100 63925 12750 57425 82375
161200 63925 12750 57425 82375
161300 63925 12750 57425 82375
161400 63925 12750 57425 82375
161500 63925 12750 57425 82375
161600 63925 12750 57425 82375
161700 63925 12750 57425 82375
161800 63925 12750 57425 82375
161900 63925 12750 57425 82375
162000 63925 12750 57425 82375
162100 63925 12750 57425 82375
162200 63925 12750 57425 82375
162300 63925 12750 57425 82375
162400 63925 12750 57425 82375
162500 63925 12750 57425 82375
162600 63925 12750 57425 82375
162700 63925 12750 57425 82375
162800 63925 12750 57425 82375
162900 63925 12750 57425 82375
163000 63925 12750 57425 82375
163100 63925 12750 57425 82375
163200 63925 12750 57425 82375
163300 63925 12750 57425 82375
163400 63925 12750 57425 82375
163500 63925 12750 57425 82375
163600 63925 12750 57425 82375
163700 63925 12750 57425 82375
163800 63925 12750 57425 82375
163900 63925 12750 57425 82375
164000 63925 12750 57425 82375
164100 63925 12750 57425 82375
164200 63925 12750 57425 82375
164300 63925 12750 57425 82375
164400 63925 12750 57425 82375
164500 63925 12725 57425 82375
164600 63925 12725 57425 82375
164700 63925 12725 57425 82375
164800 63925 12725 57425 82375
164900 63925 12725 57425 82375
165000 63925 12725 57425 82375
165100 63925 12725 57425 82375
165200 63925 12725 57425 82375
165300 63925 12725 57425 82375
165400 63925 12750 57425 82375
165500 63925 12750 57425 82375
165600 63925 12750 57425 82375
165700 63925 12750 57425 82375
165800 63925 12750 57425 82375
165900 63925 12750 57425 82375
166000 63925 12750 57425 82375
166100 63925 12750 57425 82375
166200 63925 12750 57425 82375
166300 63925 12750 57425 82375
166400 63925 12750 57425 82375
166500 63925 12750 57425 82375
166600 63925 12750 57425 82375
166700 63925 12750 57425 82375
166800 63925 12750 57425 82375
166900 63925 12750 57425 82375
167000 63925 12750 57425 82375
167100 63925 12750 57425 82375
167200 63925 12750 57425 82375
167300 63925 12750 57425 82375
167400 63925 12750 57425 82375
167500 63925 12750 57425 82375
167600 63925 12750 57425 82375
167700 63925 12750 57425 82375
167800 63925 12750 57425 82375
167900 63925 12750 57425 82375
168000 63925 12750 57425 82375
168100 63925 12750 57425 82375
168200 63925 12750 57425 82375
168300 63925 12750 57425 82375
168400 63925 12750 57425 82375
168500 63925 12750 57425 82375
168600 63925 12750 57425 82375
168700 63925 12750 57425 82375
168800 63925 12750 57425 82375
168900 63925 12750 57425 82375
169000 63925 12750 57425 82375
169100 63925 12750 57425 82375
169200 63925 12750 57425 82375
169300 63925 12750 57425 82375
169400 63925 12750 57425 82375
169500 63925 12750 57425 82375
169600 63925 12750 57425 82375
169700 63925 12750 57425 82375
169800 63925 12750 57425 82375
169900 63925 12750 57425 82375
170000 63925 12750 57425 82375
170100 63925 12750 57425 82375
170200 63925 12750 57425 82375
170300 63925 12750 57425 82375
170400 63925 12750 57450 82375
170500 63925 12750 57450 82375
170600 63925 12750 57450 82375
170700 63925 12750 57450 82375
170800 63925 12750 57450 82375
170900 63925 12750 57450 82375
171000 63925 12750 57450 82375
171100 63925 12750 57450 82375
171200 63925 12750 57450 82375
171300 63925 12750 57450 82375
171400 63925 12750 57450 82375
171500 63925 12750 57450 82375
171600 63925 12750 57450 82375
171700 63925 12750 57450 82375
171800 63925 12750 57450 82375
171900 63925 12750 57450 82375
172000 63925 12750 57450 82375
172100 63925 12750 57450 82375
172200 63925 12750 57450 82375
172300 63925 12750 57450 82375
172400 63925 12750 57450 82375
172500 63925 12750 57450 82375
172600 63925 12750 57450 82375
172700 63925 12750 57450 82375
172800 63925 12750 57450 82375
172900 63925 12750 57450 82375
173000 63925 12750 57450 82375
173100 63925 12750 57450 82375
173200 63925 12750 57450 82375
173300 63925 12750 57450 82375
173400 63925 12750 57450 82375
173500 63925 12750 57450 82375
173600 63925 12750 57450 82375
173700 63925 12750 57450 82375
173800 63925 12750 57450 82375
173900 63925 12750 57450 82375
174000 63925 12750 57450 82375
174100 63925 12750 57450 82375
174200 63925 12750 57450 82375
174300 63925 12750 57450 82375
174400 63925 12750 57450 82375
174500 63925 12750 57450 82375
174600 63925 12750 57450 82375
174700 63925 12750 57450 82375
174800 63925 12750 57450 82375
174900 63925 12750 57450 82375
175000 63925 12750 57450 82375
175100 63925 12750 57450 82375
175200 63925 12750 57450 82375
175300 63925 12750 57450 82375
175400 63925 12750 57450 82375
175500 63925 12750 57450 82375
175600 63925 12750 57450 82375
175700 63925 12750 57450 82375
175800 63925 12750 57450 82375
175900 63925 12750 57450 82375
176000 63925 12750 57450 82375
176100 63925 12750 57450 82375
176200 63925 12750 57450 82375
176300 63925 12750 57450 82375
176400 63925 12750 57450 82375
176500 63925 12750 57450 82375
176600 63925 12750 57450 82375
176700 63925 12750 57450 82375
176800 63925 12750 57450 82375
176900 63925 12750 57450 82375
177000 63925 12750 57450 82375
177100 63925 12750 57450 82375
177200 63925 12750 57450 82375
177300 63925 12750 57450 82375
177400 63925 12725 57450 82375
177500 63925 12725 57450 82375
177600 63925 12725 57450 82375
177700 63925 12725 57450 82375
177800 63925 12725 57450 82375
177900 63925 12725 57450 82375
178000 63925 12725 57450 82375
178100 63925 12725 57450 82375
178200 63925 12700 57450 82375
178300 63925 12700 57450 82375
178400 63925 12700 57450 82375
178500 63925 12700 57450 82375
178600 63925 12700 57450 82375
178700 63925 12700 57450 82375
178800 63925 12700 57450 82375
178900 63925 12700 57450 82375
179000 63925 12700 57450 82375
179100 63925 12700 57450 82375
179200 63925 12700 57450 82375
179300 63925 12700 57450 82375
179400 63925 12700 57450 82375
179500 63925 12700 57450 82375
179600 63925 12700 57450 82375
179700 63925 12700 57450 82375
179800 63925 12700 57450 82375
179900 63925 12700 57450 82375
180000 63925 12700 57450 82375
180100 63925 12700 57450 82375
180200 63925 12700 57450 82375
180300 63925 12700 57450 82375
180400 63950 12700 57450 82375
180500 63950 12700 57450 82375
180600 63950 12700 57450 82375
180700 63950 12700 57450 82375
180800 63950 12700 57450 82375
180900 63950 12700 57450 82375
181000 63950 12700 57450 82375
181100 63950 12700 57450 82375
181200 63950 12700 57450 82375
181300 63950 12700 57450 82375
181400 63950 12700 57450 82375
181500 63950 12675 57450 82375
181600 63950 12675 57450 82375
181700 63950 12675 57450 82375
181800 63950 12675 57450 82375
181900 63950 12675 57450 82375
182000 63950 12675 57450 82375
182100 63950 12675 57450 82375
182200 63950 12675 57450 82375
182300 63950 12675 57450 82375
182400 63950 12675 57450 82375
182500 63950 12675 57450 82375
182600 63950 12675 57450 82375
182700 63950 12675 57450 82375
182800 63950 12675 57450 82375
182900 63950 12675 57450 82375
183000 63950 12675 57450 82375
183100 63950 12675 57450 82375
183200 63950 12675 57450 82375
183300 63950 12675 57450 82375
183400 63950 12675 57450 82375
183500 63950 12675 57450 82375
183600 63950 12675 57450 82375
183700 63950 12675 57450 82375
183800 63950 12675 57450 82375
183900 63950 12675 57450 82375
184000 63950 12675 57450 82375
184100 63950 12675 57450 82375
184200 63950 12675 57450 82375
184300 63950 12675 57450 82375
184400 63950 12675 57450 82375
184500 63950 12675 57450 82375
184600 63950 12675 57450 82375
184700 63950 12675 57450 82375
184800 63950 12675 57450 82375
184900 63950 12675 57450 82375
185000 63950 12675 57450 82375
185100 63950 12675 57450 82375
185200 63950 12675 57450 82375
185300 63950 12675 57450 82375
185400 63950 12675 57450 82375
185500 63950 12675 57450 82375
185600 63950 12675 57450 82375
185700 63950 12675 57450 82375
185800 63950 12675 57450 82375
185900 63950 12675 57450 82375
186000 63950 12675 57450 82375
186100 63950 12675 57450 82375
186200 63950 12675 57450 82375
186300 63950 12675 57450 82375
186400 63950 12675 57450 82375
186500 63950 12700 57450 82375
186600 63950 12700 57450 82375
186700 63950 12700 57450 82375
186800 63950 12700 57450 82375
186900 63950 12700 57450 82375
187000 63950 12700 57450 82375
187100 63950 12700 57450 82375
187200 63950 12700 57450 82375
187300 63950 12700 57450 82375
187400 63950 12700 57450 82375
187500 63950 12700 57450 82375
187600 63950 12700 57450 82375
187700 63950 12700 57450 82375
187800 63950 12700 57450 82375
187900 63950 12700 57450 82375
188000 63950 12700 57450 82375
188100 63950 12700 57450 82375
188200 63950 12700 57450 82375
188300 63950 12700 57450 82375
188400 63950 12700 57450 82375
188500 63950 12700 57450 82375
188600 63950 12700 57450 82375
188700 63950 12700 57450 82375
188800 63950 12700 57450 82375
188900 63950 12700 57450 82375
189000 63950 12700 57450 82375
189100 63950 12700 57450 82375
189200 63950 12725 57450 82375
189300 63950 12725 57450 82375
189400 63950 12725 57450 82375
189500 63950 12725 57450 82375
189600 63950 12725 57450 82375
189700 63950 12725 57450 82375
189800 63950 12725 57450 82375
189900 63950 12725 57450 82375
190000 63950 12725 57450 82375
190100 63950 12725 57450 82375
190200 63950 12725 57450 82375
190300 63950 12725 57450 82375
190400 63950 12725 57450 82375
190500 63950 12725 57450 82375
190600 63950 12725 57450 82375
190700 63950 12725 57450 82375
190800 63950 12725 57450 82375
190900 63950 12725 57450 82375
191000 63950 12725 57450 82375
191100 63950 12725 57450 82375
191200 63950 12725 57450 82375
191300 63950 12725 57450 82375
191400 63950 12725 57450 82375
191500 63950 12725 57450 82375
191600 63950 12725 57450 82375
191700 63950 12725 57450 82375
191800 63950 12725 57450 82375
191900 63950 12725 57450 82375
192000 63950 12725 57450 82375
192100 63950 12725 57450 82375
192200 63950 12725 57450 82375
192300 63950 12725 57450 82375
192400 63950 12725 57450 82375
192500 63950 12725 57450 82375
192600 63950 12725 57450 82375
192700 63950 12725 57450 82375
192800 63950 12725 57450 82375
192900 63950 12725 57450 82375
193000 63950 12725 57450 82375
193100 63950 12725 57450 82375
193200 63950 12725 57450 82375
193300 63950 12725 57450 82375
193400 63950 12725 57450 82375
193500 63950 12725 57450 82375
193600 63950 12725 57450 82375
193700 63950 12725 57450 82375
193800 63950 12725 57450 82375
193900 63950 12725 57450 82375
194000 63950 12725 57450 82375
194100 63950 12725 57450 82375
194200 63950 12725 57450 82375
194300 63950 12725 57450 82375
194400 63950 12725 57450 82375
194500 63950 12725 57450 82375
194600 63950 12725 57450 82375
194700 63950 12725 57450 82375
194800 63950 12725 57450 82375
194900 63950 12725 57450 82375
195000 63950 12725 57450 82375
195100 63950 12725 57450 82375
195200 63950 12725 57450 82375
195300 63950 12725 57450 82375
195400 63950 12725 57450 82375
195500 63950 12725 57450 82375
195600 63950 12725 57450 82375
195700 63950 12725 57450 82375
195800 63950 12725 57450 82375
195900 63950 12725 57450 82375
196000 63950 12725 57450 82375
196100 63950 12725 57450 82375
196200 63950 12725 57450 82375
196300 63950 12725 57450 82375
196400 63950 12725 57450 82375
196500 63950 12725 57475 82375
196600 63950 12725 57475 82375
196700 63950 12725 57475 82375
196800 63950 12725 57475 82375
196900 63950 12725 57475 82375
197000 63950 12725 57475 82375
197100 63950 12725 57475 82375
197200 63950 12725 57475 82375
197300 63950 12725 57475 82375
197400 63950 12725 57475 82375
197500 63950 12725 57475 82375
197600 63950 12725 57500 82375
197700 63950 12725 57500 82375
197800 63950 12725 57500 82375
197900 63950 12725 57500 82375
198000 63950 12725 57500 82375
198100 63950 12725 57500 82375
198200 63950 12725 57500 82375
198300 63950 12725 57500 82375
198400 63950 12725 57500 82375
198500 63950 12725 57500 82375
198600 63950 12725 57500 82375
198700 63950 12725 57500 82375
198800 63950 12725 57500 82375
198900 63950 12725 57500 82375
199000 63950 12725 57500 82375
199100 63950 12725 57500 82375
199200 63950 12725 57500 82375
199300 63950 12725 57500 82375
199400 63950 12725 57500 82375
199500 63950 12725 57500 82375
199600 63950 12725 57500 82375
199700 63950 12725 57500 82375
199800 63950 12725 57500 82375
199900 63950 12725 57500 82375
200000 63950 12725 57500 82425
200100 63950 12725 57500 82425
200200 63950 12725 57500 82425
200300 63950 12725 57500 82425
200400 63950 12725 57500 82425
200500 63950 12725 57500 82425
200600 63950 12725 57500 82425
200700 63950 12725 57500 82425
200800 63950 12725 57500 82425
200900 63950 12725 57500 82425
201000 63950 12725 57500 82425
201100 63950 12725 57500 82425
201200 63950 12725 57500 82425
201300 63950 12725 57500 82425
201400 63950 12725 57500 82425
201500 63950 12725 57500 82425
201600 63950 12725 57500 82425
201700 63950 12725 57500 82425
201800 63950 12725 57500 82425
201900 63950 12725 57500 82425
202000 63950 12725 57500 82425
202100 63950 12725 57500 82425
202200 63950 12725 57500 82425
202300 63950 12725 57500 82425
202400 63950 12725 57500 82425
202500 63950 12725 57500 82425
202600 63950 12725 57500 82425
202700 63950 12725 57500 82425
202800 63950 12725 57500 82425
202900 63950 12725 57500 82425
203000 63950 12725 57500 82425
203100 63950 12725 57500 82425
203200 63950 12725 57500 82425
203300 63950 12725 57500 82425
203400 63950 12725 57500 82425
203500 63950 12725 57500 82425
203600 63950 12725 57500 82425
203700 63950 12725 57500 82425
203800 63950 12725 57500 82425
203900 63950 12725 57500 82425
204000 63950 12725 57500 82425
204100 63950 12725 57500 82425
204200 63950 12725 57500 82425
204300 63950 12725 57500 82425
204400 63950 12725 57500 82425
204500 63950 12725 57500 82425
204600 63950 12725 57500 82425
204700 63950 12725 57500 82425
204800 63950 12725 57500 82425
204900 63950 12725 57500 82425
205000 63950 12725 57500 82425
205100 63950 12725 57500 82425
205200 63950 12725 57500 82425
205300 63950 12725 57500 82425
205400 63950 12725 57500 82425
205500 63950 12725 57500 82425
205600 63950 12725 57500 82425
205700 63950 12725 57500 82425
205800 63950 12725 57500 82425
205900 63950 12725 57500 82425
206000 63950 12725 57500 82425
206100 63950 12725 57500 82425
206200 63950 12725 57500 82425
206300 63950 12725 57500 82425
206400 63950 12725 57500 82425
206500 63950 12725 57500 82425
206600 63950 12725 57500 82425
206700 63950 12725 57500 82425
206800 63950 12725 57500 82425
206900 63975 12725 57500 82425
207000 63975 12725 57500 82425
207100 63975 12725 57500 82425
207200 63975 12725 57500 82425
207300 63975 12725 57500 82425
207400 63975 12725 57500 82425
207500 63975 12725 57500 82425
207600 63975 12725 57500 82425
207700 63975 12725 57500 82425
207800 63975 12725 57500 82425
207900 63975 12725 57500 82425
208000 63975 12725 57500 82425
208100 63975 12725 57500 82425
208200 63975 12725 57500 82425
208300 63975 12725 57500 82425
208400 63975 12725 57500 82425
208500 63975 12725 57500 82425
208600 63975 12725 57500 82425
208700 63975 12725 57500 82425
208800 63975 12725 57500 82425
208900 63975 12725 57500 82425
209000 63975 12725 57500 82425
209100 63975 12725 57500 82425
209200 63975 12725 57500 82425
209300 63975 12725 57500 82425
209400 63975 12725 57500 82425
209500 63975 12725 57500 82425
209600 63975 12725 57500 82425
209700 63975 12725 57500 82425
209800 63975 12725 57500 82425
209900 63975 12725 57500 82425
210000 63975 12725 57500 82425
210100 63975 12700 57500 82425
210200 63975 12700 57500 82425
210300 63975 12700 57500 82425
210400 63975 12700 57500 82425
210500 63975 12700 57500 82425
210600 63975 12700 57500 82425
210700 63975 12700 57500 82425
210800 63975 12700 57500 82425
210900 63975 12700 57500 82425
211000 63975 12700 57500 82425
211100 63975 12700 57500 82425
211200 63975 12700 57500 82425
211300 63975 12700 57500 82425
211400 63975 12700 57500 82425
211500 63975 12700 57500 82425
211600 63975 12700 57500 82425
211700 63975 12700 57500 82425
211800 63975 12700 57500 82425
211900 63975 12700 57500 82425
212000 63975 12700 57500 82425
212100 63975 12700 57500 82425
212200 63975 12700 57500 82425
212300 63975 12700 57500 82425
212400 63975 12700 57500 82425
212500 63975 12700 57500 82425
212600 63975 12700 57500 82425
212700 63975 12700 57500 82425
212800 63975 12700 57500 82425
212900 63975 12700 57500 82425
213000 63975 12700 57500 82425
213100 63975 12700 57500 82425
213200 63975 12700 57500 82425
213300 63975 12700 57500 82425
213400 63975 12700 57500 82425
213500 63975 12700 57500 82425
213600 63975 12700 57500 82425
213700 63975 12700 57500 82425
213800 63975 12700 57500 82425
213900 63975 12700 57500 82425
214000 63975 12700 57500 82425
214100 63975 12700 57500 82425
214200 64000 12700 57500 82425
214300 64000 12700 57500 82425
214400 64000 12700 57500 82425
214500 64000 12700 57500 82425
214600 64000 12700 57500 82425
214700 64000 12700 57500 82425
214800 64000 12700 57500 82425
214900 64000 12700 57500 82425
215000 64000 12700 57500 82425
215100 64000 12700 57500 82425
215200 64000 12700 57500 82425
215300 64000 12700 57500 82425
215400 64000 12700 57500 82425
215500 64000 12700 57500 82425
215600 64000 12700 57500 82425
215700 64000 12700 57500 82425
215800 64000 12700 57500 82425
215900 64000 12700 57500 82425
216000 64000 12700 57500 82425
216100 64000 12700 57500 82425
216200 64000 12700 57500 82425
216300 64000 12700 57500 82425
216400 64000 12700 57500 82425
216500 64000 12700 57500 82425
216600 64000 12700 57500 82425
216700 64000 12700 57500 82425
216800 64000 12675 57500 82425
216900 64000 12675 57500 82425
217000 64000 12675 57500 82425
217100 64000 12675 57500 82425
217200 64000 12675 57500 82425
217300 64000 12675 57500 82425
217400 64000 12675 57500 82425
217500 64000 12675 57500 82425
217600 64000 12675 57500 82425
217700 64000 12675 57500 82425
217800 64000 12675 57500 82425
217900 64000 12675 57500 82425
218000 64000 12675 57500 82425
218100 64000 12675 57500 82425
218200 64000 12675 57500 82425
218300 64000 12675 57500 82425
218400 64000 12675 57500 82425
218500 64000 12675 57500 82425
218600 64000 12675 57500 82425
218700 64000 12675 57500 82425
218800 64000 12675 57500 82425
218900 64000 12675 57500 82425
219000 64000 12675 57500 82425
219100 64000 12675 57500 82425
219200 64000 12675 57500 82425
219300 64000 12675 57500 82425
219400 64000 12675 57500 82425
219500 64000 12675 57500 82425
219600 64025 12675 57500 82425
219700 64025 12675 57500 82425
219800 64025 12675 57500 82425
219900 64025 12675 57500 82425
220000 64025 12675 57500 82425
220100 64050 12675 57500 82425
220200 64050 12675 57500 82425
220300 64050 12675 57500 82425
220400 64050 12675 57500 82425
220500 64050 12675 57500 82425
220600 64050 12675 57500 82425
220700 64050 12675 57500 82425
220800 64050 12675 57500 82425
220900 64050 12675 57500 82425
221000 64050 12675 57500 82425
221100 64050 12675 57500 82425
221200 64050 12675 57500 82425
221300 64050 12675 57500 82425
221400 64050 12675 57500 82425
221500 64075 12675 57500 82425
221600 64075 12675 57500 82425
221700 64075 12675 57500 82425
221800 64075 12675 57500 82425
221900 64075 12675 57500 82425
222000 64075 12675 57500 82425
222100 64075 12675 57500 82425
222200 64075 12675 57500 82425
222300 64075 12675 57500 82425
222400 64075 12675 57500 82425
222500 64075 12675 57500 82425
222600 64100 12675 57500 82425
222700 64100 12675 57500 82425
222800 64100 12675 57500 82425
222900 64100 12675 57500 82425
223000 64100 12675 57500 82425
223100 64100 12675 57500 82425
223200 64100 12675 57500 82425
223300 64100 12675 57500 82425
223400 64100 12675 57500 82425
223500 64100 12675 57500 82425
223600 64100 12675 57500 82425
223700 64100 12675 57500 82425
223800 64100 12675 57500 82425
223900 64100 12675 57500 82425
224000 64100 12675 57500 82425
224100 64100 12675 57500 82425
224200 64100 12675 57500 82425
224300 64100 12675 57500 82425
224400 64100 12675 57500 82425
224500 64100 12675 57500 82425
224600 64100 12675 57500 82425
224700 64100 12675 57500 82425
224800 64100 12675 57500 82425
224900 64100 12675 57500 82425
225000 64100 12675 57500 82425
225100 64100 12675 57500 82425
225200 64100 12675 57500 82425
225300 64100 12675 57500 82425
225400 64100 12675 57500 82425
225500 64100 12675 57500 82475
225600 64100 12675 57500 82475
225700 64100 12675 57500 82475
225800 64100 12675 57500 82475
225900 64100 12675 57500 82475
226000 64100 12675 57500 82475
226100 64100 12675 57500 82475
226200 64100 12675 57500 82475
226300 64100 12675 57500 82475
226400 64100 12675 57500 82475
226500 64100 12675 57500 82475
226600 64100 12675 57500 82475
226700 64100 12675 57500 82475
226800 64100 12675 57500 82475
226900 64100 12675 57500 82475
227000 64100 12675 57500 82475
227100 64100 12675 57500 82475
227200 64100 12675 57500 82475
227300 64100 12675 57500 82475
227400 64100 12675 57500 82475
227500 64100 12675 57500 82475
227600 64100 12675 57500 82475
227700 64100 12675 57500 82475
227800 64100 12675 57500 82475
227900 64100 12675 57500 82475
228000 64100 12675 57500 82475
228100 64100 12675 57500 82475
228200 64100 12675 57500 82475
228300 64100 12675 57500 82475
228400 64100 12675 57500 82475
228500 64100 12675 57500 82475
228600 64100 12675 57500 82475
228700 64100 12675 57500 82475
228800 64100 12675 57500 82475
228900 64100 12675 57500 82475
229000 64100 12675 57500 82475
229100 64100 12675 57500 82475
229200 64100 12675 57500 82475
229300 64100 12675 57500 82475
229400 64100 12675 57500 82475
229500 64100 12675 57500 82475
229600 64100 12675 57500 82475
229700 64100 12675 57500 82475
229800 64100 12675 57500 82475
229900 64100 12675 57500 82475
230000 64100 12675 57500 82475
230100 64100 12675 57500 82475
230200 64100 12675 57525 82475
230300 64100 12675 57525 82475
230400 64100 12675 57525 82475
230500 64100 12675 57525 82475
230600 64100 12675 57525 82475
230700 64100 12675 57525 82475
230800 64100 12675 57525 82475
230900 64100 12675 57525 82475
231000 64100 12675 57525 82475
231100 64100 12675 57525 82475
231200 64100 12675 57525 82475
231300 64100 12675 57525 82475
231400 64100 12675 57525 82475
231500 64100 12675 57525 82475
231600 64100 12675 57525 82475
231700 64100 12675 57525 82475
231800 64100 12675 57525 82475
231900 64100 12675 57525 82475
232000 64100 12675 57525 82475
232100 64100 12675 57525 82475
232200 64100 12675 57525 82475
232300 64100 12675 57525 82475
232400 64100 12675 57525 82475
232500 64100 12675 57525 82475
232600 64100 12675 57525 82475
232700 64100 12675 57525 82475
232800 64100 12675 57525 82475
232900 64100 12675 57525 82475
233000 64100 12675 57525 82450
233100 64100 12675 57525 82450
233200 64100 12675 57525 82450
233300 64100 12675 57525 82450
233400 64100 12675 57525 82450
233500 64100 12675 57525 82450
233600 64100 12675 57525 82450
233700 64100 12675 57525 82450
233800 64100 12675 57525 82450
233900 64100 12675 57525 82450
234000 64100 12675 57525 82450
234100 64100 12675 57525 82450
234200 64100 12675 57525 82450
234300 64100 12675 57525 82450
234400 64100 12675 57525 82450
234500 64100 12675 57525 82450
234600 64100 12675 57525 82450
234700 64100 12675 57525 82450
234800 64100 12675 57525 82450
234900 64100 12675 57525 82450
235000 64100 12675 57525 82450
235100 64100 12675 57525 82450
235200 64100 12675 57525 82450
235300 64100 12675 57525 82450
235400 64100 12675 57525 82450
235500 64100 12675 57525 82450
235600 64100 12675 57525 82450
235700 64100 12675 57525 82450
235800 64100 12675 57525 82450
235900 64100 12675 57525 82450
236000 64100 12675 57525 82450
236100 64100 12675 57525 82450
236200 64100 12675 57525 82450
236300 64100 12675 57525 82450
236400 64100 12675 57525 82450
236500 64100 12700 57525 82450
236600 64100 12700 57525 82450
236700 64100 12700 57525 82450
236800 64100 12700 57525 82450
236900 64100 12700 57525 82450
237000 64100 12700 57525 82450
237100 64100 12700 57525 82450
237200 64100 12700 57525 82450
237300 64100 12700 57525 82450
237400 64100 12700 57525 82450
237500 64100 12700 57525 82450
237600 64100 12700 57525 82450
237700 64100 12700 57525 82450
237800 64100 12700 57525 82450
237900 64100 12700 57525 82450
238000 64100 12700 57525 82450
238100 64100 12700 57525 82450
238200 64100 12700 57525 82450
238300 64100 12700 57525 82450
238400 64100 12700 57525 82450
238500 64100 12700 57525 82450
238600 64100 12700 57525 82450
238700 64100 12700 57525 82450
238800 64100 12700 57525 82450
238900 64100 12700 57525 82450
239000 64100 12700 57525 82450
239100 64100 12700 57525 82450
239200 64100 12700 57525 82450
239300 64100 12700 57525 82450
239400 64100 12700 57525 82450
239500 64100 12700 57525 82450
239600 64100 12700 57525 82450
239700 64100 12700 57525 82450
239800 64100 12700 57525 82450
239900 64100 12700 57525 82450
240000 64100 12700 57525 82450
240100 64100 12700 57525 82450
240200 64100 12700 57525 82450
240300 64100 12700 57525 82450
240400 64100 12700 57525 82450
240500 64100 12700 57525 82450
240600 64100 12700 57525 82450
240700 64100 12700 57525 82450
240800 64100 12700 57525 82450
240900 64100 12700 57525 82450
241000 64100 12700 57525 82450
241100 64100 12700 57525 82450
241200 64100 12700 57525 82450
241300 64100 12700 57525 82450
241400 64100 12700 57525 82450
241500 64100 12700 57525 82450
241600 64100 12700 57525 82450
241700 64100 12700 57525 82450
241800 64100 12700 57525 82450
241900 64100 12700 57525 82450
242000 64100 12700 57525 82450
242100 64100 12700 57525 82450
242200 64100 12700 57525 82450
242300 64100 12700 57525 82450
242400 64100 12700 57525 82450
242500 64100 12700 57525 82450
242600 64100 12700 57525 82450
242700 64100 12700 57525 82425
242800 64100 12700 57525 82425
242900 64100 12700 57525 82425
243000 64100 12700 57525 82425
243100 64100 12700 57525 82425
243200 64100 12700 57525 82425
243300 64100 12700 57525 82425
243400 64100 12700 57525 82425
243500 64100 12700 57525 82425
243600 64100 12700 57525 82425
243700 64100 12700 57525 82425
243800 64100 12700 57525 82425
243900 64100 12700 57525 82425
244000 64100 12700 57525 82425
244100 64100 12700 57525 82425
244200 64100 12700 57525 82425
244300 64100 12700 57525 82425
244400 64100 12700 57525 82425
244500 64100 12700 57525 82425
244600 64100 12700 57525 82425
244700 64100 12700 57525 82425
244800 64100 12700 57525 82425
244900 64100 12700 57525 82425
245000 64100 12700 57525 82425
245100 64100 12700 57525 82425
245200 64100 12700 57525 82425
245300 64100 12700 57525 82425
245400 64100 12700 57525 82425
245500 64100 12700 57525 82425
245600 64100 12700 57525 82425
245700 64100 12700 57525 82425
245800 64100 12700 57525 82425
245900 64100 12700 57525 82425
246000 64100 12700 57525 82425
246100 64100 12700 57525 82425
246200 64100 12675 57525 82425
246300 64100 12675 57525 82425
246400 64100 12675 57525 82425
246500 64100 12675 57525 82425
246600 64100 12675 57525 82425
246700 64100 12675 57525 82425
246800 64100 12675 57525 82425
246900 64100 12675 57525 82425
247000 64100 12675 57525 82425
247100 64100 12675 57525 82425
247200 64100 12675 57525 82425
247300 64100 12675 57525 82425
247400 64100 12675 57525 82425
247500 64100 12675 57525 82425
247600 64100 12675 57525 82425
247700 64100 12675 57525 82425
247800 64100 12675 57525 82425
247900 64100 12675 57525 82425
248000 64100 12675 57525 82425
248100 64100 12675 57525 82425
248200 64100 12675 57525 82425
248300 64100 12675 57525 82425
248400 64100 12675 57525 82425
248500 64100 12675 57525 82425
248600 64100 12675 57525 82425
248700 64100 12675 57525 82425
248800 64100 12675 57525 82425
248900 64100 12675 57525 82425
249000 64100 12675 57525 82425
249100 64100 12675 57525 82425
249200 64100 12675 57525 82425
249300 64100 12675 57525 82425
249400 64100 12675 57525 82425
249500 64100 12675 57525 82425
249600 64100 12675 57525 82425
249700 64100 12675 57525 82425
249800 64100 12675 57525 82425
249900 64100 12675 57525 82425
250000 64100 12675 57525 82425
