# gr0gr1_gb gr0gr2_gb gr0gr3_gb gr1gr2_gb gr1gr3_gb gr2gr3_gb total (total2 if different)
610 1515 155 90 95 90 2310 2555
605 1520 160 105 100 90 2300 2580
605 1520 170 90 105 90 2315 2580
600 1515 170 90 105 100 2315 2580
620 1510 180 100 110 100 2295 2620
610 1505 190 105 115 100 2280 2625
605 1490 190 110 120 100 2295 2615
595 1480 190 110 120 100 2290 2595
600 1470 185 110 125 100 2295 2590
580 1470 185 105 125 100 2285 2565
610 1475 185 110 125 100 2305 2605
595 1480 180 110 130 100 2310 2595
590 1475 180 120 130 120 2345 2615
585 1470 190 125 130 120 2340 2620
565 1470 345 140 130 260 2665 2910
570 1465 490 225 130 380 3015 3260
550 1455 490 220 130 380 2990 3225
550 1460 495 225 130 390 2975 3250
550 1465 495 230 130 415 3010 3285
555 1465 500 230 130 420 3020 3300
555 1475 505 230 130 420 3050 3315
550 1465 510 230 130 430 3045 3315
560 1465 520 240 130 440 3095 3355
550 1455 640 240 130 570 3370 3585
565 1465 650 240 135 570 3380 3625
575 1460 655 245 140 570 3380 3645
575 1470 660 240 140 580 3395 3665
580 1470 660 240 140 580 3385 3670
590 1475 660 240 150 580 3420 3695
585 1470 670 240 590 590 3855 4145
580 1470 800 325 630 700 4175 4505
580 1475 810 325 630 700 4185 4520
575 1480 810 325 630 710 4205 4530
560 1490 810 330 630 720 4235 4540
565 1495 820 330 635 720 4265 4565
560 1490 820 335 640 720 4265 4565
560 1500 820 330 640 720 4265 4570
560 1510 820 330 640 720 4290 4580
565 1530 820 330 640 720 4305 4605
570 1540 820 340 645 720 4305 4635
570 1575 820 335 655 720 4340 4675
560 1575 840 330 670 750 4380 4725
565 1570 940 335 670 850 4575 4930
555 1560 940 330 670 860 4590 4915
560 1560 945 340 670 860 4595 4935
555 1555 950 340 670 865 4600 4935
555 1555 960 345 670 870 4615 4955
555 1540 970 355 670 885 4600 4975
550 1540 970 350 670 885 4600 4965
545 1530 970 340 670 885 4600 4940
545 1520 970 345 670 890 4615 4940
545 1520 970 345 675 890 4615 4945
540 1505 975 340 675 890 4600 4925
550 1500 975 340 675 890 4605 4930
550 1490 990 340 675 890 4585 4935
550 1470 990 340 675 890 4570 4915
555 1470 990 340 675 890 4565 4920
555 1470 990 340 675 900 4575 4930
565 1470 990 340 675 900 4580 4940
560 1465 990 340 675 900 4565 4930
560 1460 995 340 675 910 4565 4940
560 1455 995 340 680 910 4560 4940
570 1455 995 340 680 920 4565 4960
570 1450 1000 335 680 920 4560 4955
570 1445 1000 335 680 920 4550 4950
575 1430 1000 335 680 920 4535 4940
580 1420 995 335 680 920 4535 4930
575 1425 1000 335 680 920 4530 4935
570 1425 1000 335 680 920 4540 4930
570 1430 1000 330 680 925 4535 4935
570 1430 1000 330 680 925 4545 4935
565 1435 1000 335 680 930 4545 4945
560 1435 1000 330 680 930 4560 4935
555 1440 1000 340 680 930 4580 4945
560 1440 1000 340 680 940 4580 4960
560 1445 1000 345 680 940 4585 4970
560 1450 1000 345 680 940 4590 4975
560 1450 1000 345 680 940 4580 4975
560 1450 1000 345 680 940 4595 4975
565 1455 1000 340 680 940 4600 4980
565 1460 1000 340 680 940 4610 4985
565 1465 1000 345 685 940 4620 5000
560 1465 1000 340 685 940 4610 4990
565 1475 1000 340 685 950 4630 5015
565 1485 1000 340 685 950 4635 5025
560 1490 1010 340 685 950 4640 5035
555 1500 1010 335 685 950 4650 5035
555 1500 1010 335 685 950 4650 5035
550 1505 1100 335 685 1040 4835 5215
550 1510 1100 335 685 1040 4845 5220
550 1520 1100 335 685 1040 4865 5230
545 1520 1100 335 680 1040 4870 5220
545 1530 1110 350 690 1045 4905 5270
550 1545 1110 360 690 1045 4910 5300
545 1555 1110 380 695 1060 4950 5345
545 1555 1120 385 695 1060 4980 5360
550 1575 1140 385 695 1080 5045 5425
545 1605 1140 385 690 1080 5065 5445
545 1655 1140 385 690 1080 5120 5495
540 1655 1140 385 690 1080 5120 5490
540 1655 1140 390 690 1080 5125 5495
545 1645 1140 390 690 1080 5130 5490
540 1645 1140 395 690 1080 5125 5490
540 1645 1140 395 690 1090 5140 5500
535 1645 1230 395 690 1170 5315 5665
535 1655 1240 400 690 1180 5330 5700
540 1645 1240 400 690 1180 5330 5695
535 1645 1250 405 690 1180 5330 5705
530 1645 1250 405 690 1190 5335 5710
540 1645 1250 405 690 1190 5335 5720
545 1640 1250 405 685 1190 5335 5715
545 1635 1250 405 685 1200 5350 5720
545 1635 1245 405 680 1200 5355 5710
550 1635 1255 410 680 1200 5350 5730
545 1635 1270 410 680 1200 5345 5740
550 1635 1270 410 680 1200 5340 5745
550 1630 1270 415 680 1200 5340 5745
545 1625 1270 415 680 1200 5335 5735
550 1630 1270 415 680 1200 5335 5745
555 1630 1275 415 680 1200 5330 5755
555 1630 1280 415 680 1200 5330 5760
560 1635 1280 415 680 1200 5330 5770
560 1635 1280 415 685 1200 5330 5775
560 1635 1280 415 685 1200 5330 5775
560 1630 1280 415 685 1200 5330 5770
565 1630 1275 415 680 1200 5340 5765
565 1630 1275 415 680 1210 5350 5775
570 1630 1275 415 675 1210 5350 5775
570 1635 1275 415 675 1210 5345 5780
575 1635 1280 410 680 1210 5345 5790
575 1635 1280 410 680 1210 5355 5790
570 1635 1280 410 680 1210 5355 5785
565 1635 1280 400 680 1210 5355 5770
565 1635 1280 400 680 1215 5375 5775
565 1635 1280 400 680 1215 5370 5775
555 1635 1280 395 680 1220 5380 5765
565 1635 1290 395 680 1220 5385 5785
565 1635 1290 395 680 1220 5390 5785
565 1635 1290 395 680 1225 5390 5790
570 1635 1290 395 680 1225 5400 5795
570 1745 1290 395 680 1230 5525 5910
570 1795 1290 395 680 1230 5530 5960
570 1795 1290 395 680 1230 5530 5960
570 1795 1290 395 680 1230 5540 5960
565 1795 1290 390 680 1230 5540 5950
565 1800 1290 390 680 1240 5540 5965
565 1800 1290 390 680 1240 5540 5965
560 1800 1290 385 680 1240 5540 5955
560 1800 1290 385 680 1240 5545 5955
560 1800 1290 380 680 1240 5535 5950
560 1800 1290 385 680 1240 5535 5955
560 1800 1290 385 680 1240 5545 5955
560 1800 1290 385 680 1240 5545 5955
560 1800 1290 385 680 1250 5545 5965
555 1800 1290 385 680 1250 5545 5960
555 1805 1290 385 680 1250 5550 5965
550 1805 1290 390 680 1250 5555 5965
550 1805 1290 390 680 1250 5545 5965
550 1805 1290 390 680 1250 5550 5965
550 1810 1290 390 680 1250 5550 5970
540 1810 1290 390 680 1250 5555 5960
540 1810 1290 390 680 1260 5550 5970
540 1810 1290 390 680 1260 5545 5970
545 1810 1290 390 680 1260 5545 5975
545 1810 1290 390 680 1265 5545 5980
545 1810 1290 390 680 1265 5550 5980
550 1810 1290 390 680 1270 5555 5990
555 1810 1290 390 680 1270 5560 5995
555 1810 1290 390 680 1270 5560 5995
550 1810 1290 385 680 1270 5560 5985
550 1810 1290 385 680 1270 5555 5985
550 1810 1290 385 680 1270 5560 5985
550 1810 1290 385 685 1270 5560 5990
550 1810 1290 385 685 1270 5565 5990
550 1810 1290 385 685 1270 5565 5990
550 1810 1290 385 685 1280 5565 6000
550 1810 1290 385 685 1280 5565 6000
550 1810 1290 385 685 1280 5565 6000
550 1810 1290 385 685 1285 5570 6005
550 1810 1290 385 685 1285 5575 6005
550 1820 1300 385 685 1285 5590 6025
550 1820 1300 385 685 1285 5590 6025
550 1820 1300 385 685 1285 5595 6025
550 1825 1300 390 685 1285 5600 6035
555 1825 1305 390 685 1285 5600 6045
555 1825 1305 390 685 1290 5615 6050
555 1830 1305 400 690 1290 5620 6070
555 1830 1305 400 690 1290 5625 6070
550 1830 1315 405 690 1295 5650 6085
550 1830 1325 405 690 1305 5670 6105
555 1830 1330 405 690 1305 5665 6115
555 1830 1390 400 695 1365 5790 6235
555 1830 1400 400 695 1365 5810 6245
550 1835 1400 400 695 1365 5810 6245
550 1840 1400 400 695 1365 5810 6250
550 1840 1400 400 695 1375 5825 6260
550 1840 1400 400 695 1375 5825 6260
550 1840 1400 405 695 1375 5820 6265
550 1840 1400 405 695 1380 5820 6270
550 1840 1400 405 695 1380 5820 6270
550 1840 1400 405 695 1380 5830 6270
550 1840 1400 405 695 1380 5830 6270
550 1840 1400 405 695 1380 5850 6270
545 1840 1400 405 695 1380 5850 6265
550 1840 1400 405 695 1380 5850 6270
550 1850 1400 405 695 1380 5850 6280
550 1850 1420 405 695 1395 5890 6315
550 1850 1420 405 695 1395 5905 6315
550 1850 1420 405 695 1395 5910 6315
550 1850 1420 415 695 1400 5915 6330
550 1850 1420 415 695 1400 5910 6330
550 1850 1420 415 695 1400 5910 6330
550 1850 1420 415 695 1400 5905 6330
550 1850 1420 415 695 1400 5905 6330
550 1855 1420 415 695 1400 5910 6335
550 1860 1420 415 695 1400 5910 6340
550 1860 1420 415 695 1405 5915 6345
550 1860 1420 415 695 1410 5925 6350
550 1860 1420 415 695 1410 5935 6350
550 1860 1425 415 695 1410 5935 6355
545 1860 1425 415 695 1410 5935 6350
545 1860 1430 415 695 1410 5935 6355
545 1860 1430 415 695 1410 5940 6355
545 1870 1435 415 695 1410 5945 6370
545 1870 1440 415 695 1410 5945 6375
540 1870 1440 420 695 1410 5945 6375
540 1870 1440 420 695 1410 5945 6375
540 1870 1440 420 695 1410 5945 6375
545 1870 1440 420 695 1410 5945 6380
550 1870 1440 425 700 1410 5950 6395
550 1880 1440 425 700 1410 5955 6405
550 1880 1440 425 705 1410 5955 6410
550 1880 1440 425 705 1410 5960 6410
550 1880 1445 425 705 1410 5960 6415
550 1880 1445 425 710 1410 5960 6420
555 1880 1445 425 710 1410 5960 6425
555 1880 1445 425 710 1410 5960 6425
555 1890 1450 425 710 1410 5960 6440
555 1890 1450 425 710 1410 5960 6440
555 1890 1450 425 710 1410 5960 6440
560 1890 1450 425 715 1410 5960 6450
560 1890 1450 425 715 1410 5960 6450
560 1900 1450 425 715 1420 5960 6470
565 1900 1450 425 715 1420 5960 6475
565 1900 1450 425 715 1420 5965 6475
565 1900 1450 425 715 1420 5965 6475
565 1900 1450 425 715 1420 5965 6475
565 1900 1450 430 715 1420 5970 6480
570 1900 1450 430 715 1420 5975 6485
570 1900 1450 430 715 1420 5980 6485
565 1900 1450 430 715 1420 5980 6480
565 1900 1450 430 715 1420 5975 6480
565 1900 1450 430 715 1420 5975 6480
565 1900 1450 430 715 1420 5975 6480
565 1905 1450 430 715 1420 5980 6485
565 1910 1450 430 715 1420 5980 6490
565 1910 1450 430 715 1420 5985 6490
560 1910 1450 430 720 1420 5985 6490
560 1910 1450 435 725 1420 5985 6500
560 1910 1450 435 730 1420 5985 6505
560 1910 1450 430 730 1420 5985 6500
560 1910 1450 430 735 1420 5990 6505
560 1910 1450 430 735 1420 5990 6505
560 1910 1450 430 735 1420 5990 6505
560 1910 1445 425 735 1420 5990 6495
560 1910 1445 425 735 1420 5990 6495
560 1910 1445 425 735 1420 5990 6495
560 1910 1445 425 735 1420 5990 6495
560 1910 1445 425 735 1420 6005 6495
560 1910 1445 425 740 1420 6010 6500
560 1910 1445 425 740 1420 6020 6500
560 1910 1445 425 745 1420 6030 6505
555 1910 1445 420 750 1420 6035 6500
555 1910 1445 420 750 1425 6045 6505
555 1910 1445 420 750 1425 6045 6505
555 1910 1445 420 755 1425 6045 6510
550 1910 1445 415 760 1425 6065 6505
550 1910 1445 415 775 1430 6080 6525
550 1910 1445 415 775 1430 6085 6525
550 1910 1445 415 805 1430 6145 6555
550 1910 1440 415 1070 1430 6355 6815
550 1910 1440 415 1095 1430 6365 6840
550 1910 1445 415 1095 1430 6370 6845
550 1910 1445 415 1100 1430 6380 6850
550 1910 1450 415 1120 1430 6385 6875
550 1910 1450 415 1120 1430 6385 6875
550 1910 1450 415 1120 1430 6390 6875
550 1910 1450 415 1120 1430 6390 6875
550 1910 1450 415 1120 1420 6385 6865
550 1910 1450 415 1125 1420 6390 6870
550 1910 1450 420 1135 1420 6385 6885
555 1910 1450 420 1135 1420 6390 6890
555 1910 1450 420 1140 1420 6390 6895
555 1910 1450 420 1140 1420 6400 6895
555 1910 1450 420 1145 1420 6395 6900
555 1910 1450 420 1145 1420 6395 6900
550 1910 1450 420 1145 1420 6395 6895
550 1910 1450 420 1150 1420 6395 6900
555 1910 1450 420 1150 1420 6395 6905
555 1910 1450 420 1150 1420 6395 6905
555 1910 1450 420 1150 1420 6395 6905
555 1910 1450 420 1150 1420 6400 6905
550 1910 1450 420 1150 1420 6410 6900
550 1910 1450 420 1150 1420 6410 6900
550 1910 1450 420 1150 1420 6410 6900
545 1910 1450 420 1150 1420 6415 6895
545 1910 1450 420 1155 1420 6415 6900
545 1910 1450 420 1160 1420 6415 6905
540 1910 1450 425 1160 1420 6420 6905
540 1910 1445 425 1160 1420 6430 6900
545 1915 1445 425 1165 1420 6430 6915
545 1915 1445 430 1165 1420 6430 6920
545 1920 1445 440 1170 1425 6430 6945
545 1925 1445 445 1175 1425 6425 6960
545 1925 1445 445 1175 1435 6435 6970
545 1925 1440 445 1175 1435 6435 6965
550 1930 1440 445 1175 1435 6440 6975
550 1930 1440 445 1175 1435 6440 6975
550 1930 1440 445 1175 1435 6445 6975
555 1935 1440 445 1175 1435 6450 6985
555 1935 1450 445 1180 1435 6450 7000
560 1940 1460 445 1180 1445 6475 7030
560 1940 1500 445 1180 1485 6560 7110
560 1940 1510 445 1180 1485 6570 7120
560 1940 1510 445 1180 1485 6570 7120
560 1940 1510 445 1180 1485 6570 7120
560 1940 1520 450 1180 1505 6600 7155
560 1940 1520 450 1180 1505 6600 7155
560 1940 1520 450 1180 1505 6600 7155
560 1940 1520 450 1180 1505 6600 7155
560 1940 1520 450 1185 1505 6600 7160
560 1940 1520 450 1190 1505 6600 7165
560 1940 1520 455 1195 1505 6600 7175
560 1940 1520 455 1195 1505 6600 7175
560 1940 1520 455 1195 1505 6600 7175
560 1940 1520 455 1195 1505 6595 7175
560 1940 1520 455 1195 1505 6600 7175
560 1940 1520 455 1195 1505 6600 7175
560 1940 1520 455 1200 1505 6600 7180
560 1940 1520 455 1200 1505 6605 7180
560 1940 1520 455 1200 1505 6605 7180
560 1940 1520 455 1200 1505 6605 7180
560 1940 1520 455 1200 1505 6605 7180
560 1940 1520 455 1205 1515 6605 7195
560 1940 1520 455 1205 1515 6605 7195
560 1940 1520 455 1205 1515 6605 7195
560 1940 1520 455 1205 1515 6605 7195
560 1940 1520 455 1205 1515 6605 7195
560 1940 1520 455 1205 1515 6605 7195
560 1940 1520 455 1205 1515 6605 7195
560 1940 1520 460 1210 1515 6600 7205
560 1940 1520 460 1215 1515 6600 7210
560 1940 1520 460 1220 1520 6600 7220
560 1940 1520 460 1220 1520 6605 7220
560 1940 1520 460 1220 1520 6605 7220
565 1940 1520 460 1220 1520 6605 7225
565 1940 1520 460 1220 1520 6605 7225
565 1940 1520 460 1220 1520 6610 7225
565 1940 1525 460 1220 1520 6610 7230
560 1940 1525 455 1220 1520 6615 7220
560 1940 1525 450 1220 1520 6625 7215
565 1940 1530 450 1220 1520 6625 7225
565 1940 1530 450 1220 1520 6625 7225
560 1940 1530 445 1220 1525 6625 7220
555 1940 1530 445 1220 1525 6625 7215
555 1940 1530 445 1220 1525 6625 7215
550 1940 1530 440 1220 1525 6625 7205
550 1940 1530 440 1220 1525 6625 7205
550 1940 1530 440 1220 1525 6625 7205
550 1940 1530 440 1220 1525 6625 7205
550 1940 1530 440 1220 1525 6625 7205
550 1940 1530 440 1220 1525 6620 7205
550 1940 1530 440 1220 1525 6615 7205
550 1940 1530 440 1220 1525 6615 7205
550 1945 1530 445 1220 1525 6615 7215
550 1950 1530 450 1220 1525 6615 7225
550 1950 1530 450 1225 1525 6615 7230
550 1950 1530 450 1225 1525 6615 7230
550 1950 1530 450 1225 1525 6615 7230
550 1950 1530 450 1225 1525 6615 7230
550 1950 1530 450 1225 1525 6615 7230
550 1950 1530 450 1225 1525 6615 7230
550 1950 1530 450 1225 1525 6615 7230
545 1950 1530 445 1225 1525 6615 7220
545 1950 1530 445 1225 1525 6615 7220
540 1950 1530 440 1225 1525 6615 7210
540 1950 1530 440 1225 1525 6615 7210
540 1950 1530 440 1225 1525 6615 7210
540 1950 1530 440 1225 1525 6615 7210
540 1950 1530 440 1225 1525 6615 7210
540 1950 1530 440 1225 1525 6615 7210
540 1950 1530 440 1225 1525 6615 7210
540 1950 1530 440 1225 1525 6615 7210
540 1950 1530 440 1225 1525 6615 7210
540 1950 1530 440 1225 1525 6615 7210
540 1950 1530 440 1225 1525 6615 7210
540 1950 1530 440 1225 1525 6615 7210
540 1950 1530 440 1225 1525 6615 7210
540 1950 1530 440 1225 1525 6620 7210
540 1950 1530 440 1225 1525 6620 7210
540 1950 1530 440 1225 1525 6620 7210
540 1950 1530 440 1225 1530 6625 7215
535 1950 1530 440 1225 1530 6630 7210
535 1950 1530 440 1225 1530 6635 7210
535 1950 1530 440 1225 1530 6635 7210
535 1950 1530 440 1225 1530 6635 7210
535 1950 1530 440 1225 1530 6635 7210
535 1950 1530 440 1225 1530 6640 7210
535 1950 1530 430 1225 1530 6640 7200
530 1950 1530 430 1225 1530 6640 7195
530 1950 1530 430 1225 1530 6640 7195
530 1950 1530 430 1225 1530 6640 7195
530 1950 1530 430 1225 1530 6640 7195
530 1950 1530 430 1225 1530 6640 7195
530 1950 1530 430 1225 1530 6640 7195
530 1950 1530 430 1225 1530 6640 7195
530 1950 1530 430 1225 1530 6640 7195
530 1950 1530 425 1225 1530 6640 7190
530 1950 1530 425 1225 1530 6640 7190
530 1950 1530 425 1225 1530 6640 7190
530 1950 1530 430 1225 1530 6640 7195
535 1950 1530 430 1225 1530 6640 7200
535 1950 1530 425 1225 1530 6640 7195
540 1950 1530 425 1225 1530 6640 7200
540 1950 1530 425 1225 1530 6640 7200
540 1950 1530 425 1225 1530 6640 7200
540 1950 1530 425 1225 1530 6640 7200
540 1950 1530 430 1225 1530 6640 7205
540 1950 1530 430 1225 1530 6640 7205
540 1950 1530 430 1225 1530 6640 7205
540 1950 1530 430 1225 1530 6640 7205
540 1950 1530 430 1225 1530 6640 7205
540 1950 1530 430 1225 1530 6640 7205
540 1950 1530 430 1225 1530 6640 7205
540 1950 1530 430 1225 1530 6640 7205
540 1950 1530 430 1225 1530 6640 7205
540 1950 1530 430 1225 1530 6640 7205
540 1950 1530 430 1225 1530 6640 7205
540 1950 1530 435 1225 1530 6635 7210
540 1950 1530 435 1225 1530 6635 7210
540 1950 1530 435 1225 1530 6635 7210
540 1950 1530 435 1225 1530 6635 7210
540 1950 1530 435 1225 1530 6635 7210
540 1950 1530 440 1230 1530 6635 7220
540 1950 1530 440 1230 1530 6630 7220
540 1950 1530 440 1230 1530 6630 7220
540 1950 1530 440 1230 1530 6630 7220
540 1950 1530 435 1230 1530 6630 7215
540 1950 1530 435 1230 1530 6630 7215
540 1950 1530 435 1230 1530 6630 7215
540 1950 1530 435 1230 1530 6630 7215
540 1950 1530 435 1230 1530 6630 7215
540 1950 1530 435 1230 1530 6630 7215
540 1950 1530 435 1230 1530 6625 7215
540 1950 1530 435 1230 1530 6625 7215
540 1950 1530 435 1230 1530 6625 7215
540 1950 1530 435 1230 1530 6625 7215
540 1950 1530 435 1230 1530 6625 7215
540 1950 1530 435 1230 1530 6625 7215
540 1950 1530 430 1230 1530 6625 7210
540 1950 1530 430 1230 1530 6625 7210
540 1950 1530 430 1230 1530 6625 7210
540 1950 1530 430 1230 1530 6625 7210
540 1950 1530 430 1230 1530 6625 7210
540 1950 1530 430 1230 1530 6625 7210
540 1950 1530 430 1230 1530 6625 7210
540 1950 1530 430 1230 1530 6625 7210
540 1950 1530 430 1230 1530 6625 7210
540 1955 1530 435 1230 1530 6620 7220
540 1955 1530 435 1230 1530 6620 7220
540 1955 1530 435 1230 1530 6620 7220
540 1955 1530 435 1230 1530 6620 7220
540 1955 1530 435 1230 1530 6620 7220
540 1955 1530 435 1230 1530 6620 7220
540 1955 1530 435 1230 1530 6620 7220
540 1955 1530 435 1230 1530 6620 7220
540 1955 1530 435 1230 1530 6620 7220
540 1960 1530 440 1230 1530 6620 7230
540 1960 1530 440 1230 1530 6620 7230
540 1960 1530 440 1230 1530 6620 7230
540 1960 1530 440 1230 1530 6620 7230
540 1960 1530 440 1230 1530 6620 7230
540 1960 1530 440 1230 1530 6620 7230
540 1960 1530 440 1230 1530 6620 7230
540 1960 1530 440 1230 1530 6620 7230
540 1960 1530 440 1230 1530 6620 7230
540 1960 1530 440 1230 1530 6620 7230
540 1960 1530 440 1230 1530 6620 7230
540 1960 1530 440 1230 1530 6620 7230
535 1960 1530 440 1230 1530 6620 7225
530 1960 1530 440 1230 1530 6620 7220
530 1960 1530 440 1230 1530 6620 7220
530 1960 1530 440 1230 1530 6620 7220
530 1960 1530 440 1230 1530 6620 7220
530 1960 1530 440 1230 1530 6610 7220
530 1960 1530 440 1230 1530 6605 7220
530 1960 1530 440 1230 1530 6610 7220
530 1960 1530 440 1230 1530 6610 7220
530 1960 1530 440 1230 1530 6610 7220
530 1960 1530 440 1230 1530 6610 7220
530 1960 1530 440 1230 1530 6610 7220
535 1960 1530 440 1230 1530 6610 7225
535 1960 1530 440 1230 1530 6610 7225
535 1960 1530 445 1230 1530 6610 7230
535 1960 1530 445 1230 1530 6615 7230
540 1960 1530 445 1230 1530 6615 7235
540 1960 1530 445 1230 1530 6615 7235
540 1960 1530 445 1230 1530 6615 7235
540 1960 1530 445 1230 1530 6615 7235
540 1960 1530 445 1230 1530 6615 7235
540 1960 1530 445 1230 1530 6615 7235
540 1960 1530 445 1230 1530 6615 7235
540 1960 1530 445 1230 1530 6615 7235
540 1960 1530 450 1230 1530 6615 7240
540 1960 1530 450 1230 1530 6615 7240
540 1960 1530 455 1230 1530 6615 7245
540 1960 1530 455 1230 1530 6615 7245
540 1960 1530 455 1230 1530 6615 7245
545 1960 1530 455 1230 1530 6615 7250
545 1960 1530 455 1230 1530 6615 7250
545 1960 1530 455 1230 1530 6620 7250
545 1960 1530 455 1230 1530 6620 7250
550 1960 1530 455 1230 1530 6620 7255
550 1960 1530 455 1230 1530 6620 7255
550 1960 1530 455 1230 1535 6625 7260
550 1960 1530 455 1230 1535 6625 7260
550 1960 1530 455 1230 1535 6625 7260
550 1960 1530 455 1230 1535 6625 7260
550 1960 1530 455 1230 1535 6625 7260
550 1960 1530 455 1230 1535 6625 7260
550 1960 1530 455 1230 1535 6625 7260
550 1960 1530 455 1230 1535 6625 7260
550 1960 1530 455 1230 1535 6625 7260
550 1960 1530 455 1230 1535 6625 7260
550 1960 1530 455 1230 1535 6625 7260
550 1960 1530 455 1230 1535 6625 7260
550 1960 1530 455 1230 1535 6625 7260
550 1960 1530 455 1230 1535 6625 7260
550 1960 1530 455 1230 1535 6625 7260
550 1960 1530 455 1230 1535 6625 7260
550 1960 1530 455 1230 1535 6625 7260
550 1960 1530 455 1235 1535 6625 7265
550 1960 1530 455 1235 1535 6625 7265
550 1960 1530 455 1235 1535 6625 7265
550 1960 1530 455 1235 1535 6625 7265
550 1960 1530 455 1235 1535 6625 7265
550 1960 1530 455 1235 1535 6625 7265
550 1960 1530 455 1235 1535 6625 7265
550 1960 1530 455 1235 1535 6625 7265
550 1960 1530 455 1235 1535 6625 7265
550 1960 1530 455 1235 1535 6625 7265
550 1960 1530 455 1235 1535 6630 7265
550 1960 1530 455 1235 1535 6630 7265
550 1960 1530 455 1235 1535 6630 7265
550 1960 1530 450 1235 1535 6630 7260
550 1960 1530 450 1235 1535 6630 7260
550 1960 1530 450 1235 1535 6630 7260
550 1960 1530 450 1235 1535 6630 7260
550 1960 1530 450 1235 1535 6630 7260
550 1960 1530 450 1235 1535 6630 7260
550 1960 1530 450 1235 1535 6630 7260
550 1960 1530 450 1235 1535 6630 7260
550 1960 1530 450 1235 1535 6630 7260
550 1960 1530 450 1235 1535 6630 7260
550 1960 1530 450 1235 1535 6630 7260
550 1960 1530 450 1235 1535 6630 7260
550 1960 1530 450 1235 1535 6630 7260
550 1960 1530 450 1235 1535 6630 7260
550 1960 1530 450 1235 1535 6630 7260
545 1960 1530 450 1235 1535 6630 7255
545 1960 1530 455 1235 1535 6630 7260
545 1960 1530 455 1235 1535 6630 7260
545 1960 1530 455 1235 1535 6630 7260
545 1960 1530 455 1235 1535 6630 7260
545 1960 1530 455 1235 1535 6630 7260
545 1960 1530 455 1235 1535 6630 7260
545 1960 1530 455 1235 1535 6630 7260
545 1960 1530 455 1235 1535 6635 7260
540 1960 1530 455 1235 1535 6630 7255
540 1960 1530 455 1235 1535 6630 7255
540 1960 1530 455 1235 1535 6630 7255
540 1960 1530 455 1235 1535 6630 7255
540 1960 1530 455 1235 1535 6630 7255
540 1960 1530 455 1235 1535 6630 7255
540 1960 1530 455 1235 1535 6630 7255
540 1960 1530 455 1235 1535 6630 7255
540 1960 1530 455 1235 1535 6630 7255
540 1960 1530 455 1235 1535 6630 7255
540 1960 1530 455 1235 1535 6625 7255
540 1960 1530 455 1235 1535 6625 7255
540 1960 1530 455 1235 1535 6625 7255
540 1960 1530 450 1235 1535 6635 7250
540 1960 1530 450 1235 1535 6635 7250
540 1960 1530 450 1235 1535 6635 7250
540 1960 1530 450 1235 1535 6635 7250
550 1960 1540 450 1235 1535 6635 7270
550 1960 1540 450 1235 1535 6635 7270
550 1960 1540 450 1235 1535 6635 7270
550 1960 1540 450 1235 1535 6635 7270
550 1960 1540 455 1240 1535 6635 7280
550 1960 1540 455 1240 1535 6635 7280
550 1960 1540 455 1240 1535 6635 7280
550 1960 1540 455 1240 1535 6635 7280
550 1960 1540 455 1240 1535 6635 7280
550 1960 1540 455 1240 1535 6635 7280
550 1960 1540 455 1240 1535 6635 7280
550 1960 1540 455 1240 1535 6635 7280
550 1960 1540 455 1240 1535 6635 7280
550 1960 1540 455 1240 1535 6635 7280
550 1960 1540 455 1240 1535 6635 7280
550 1960 1540 455 1240 1535 6635 7280
550 1960 1540 455 1240 1535 6635 7280
550 1960 1540 455 1240 1535 6635 7280
550 1960 1540 455 1240 1535 6635 7280
550 1960 1540 455 1240 1535 6635 7280
550 1960 1540 455 1240 1535 6635 7280
550 1960 1540 450 1240 1535 6635 7275
550 1960 1540 450 1240 1535 6635 7275
550 1960 1540 450 1240 1535 6635 7275
550 1960 1540 450 1240 1535 6635 7275
550 1960 1540 450 1240 1535 6635 7275
550 1960 1540 450 1240 1535 6635 7275
550 1960 1540 450 1240 1535 6635 7275
550 1960 1540 450 1240 1535 6635 7275
550 1960 1540 450 1240 1535 6635 7275
550 1960 1540 450 1240 1535 6630 7275
550 1960 1540 450 1240 1535 6630 7275
550 1960 1540 450 1240 1535 6630 7275
550 1960 1540 450 1240 1535 6630 7275
550 1960 1540 450 1240 1540 6635 7280
545 1960 1540 450 1235 1540 6640 7270
545 1960 1540 450 1235 1540 6640 7270
550 1960 1540 450 1235 1540 6640 7275
550 1960 1540 450 1235 1540 6640 7275
550 1960 1540 450 1235 1540 6640 7275
545 1960 1540 450 1230 1540 6640 7265
545 1960 1540 450 1230 1540 6640 7265
545 1960 1540 450 1230 1540 6640 7265
545 1960 1540 450 1230 1540 6640 7265
545 1960 1540 450 1230 1540 6640 7265
545 1960 1540 450 1230 1540 6640 7265
545 1960 1540 450 1230 1540 6640 7265
545 1960 1540 450 1225 1540 6640 7260
545 1960 1540 450 1225 1540 6640 7260
550 1960 1540 450 1225 1540 6640 7265
550 1960 1540 450 1225 1540 6645 7265
550 1960 1540 450 1225 1540 6645 7265
550 1960 1545 450 1225 1540 6645 7270
550 1960 1545 450 1225 1540 6645 7270
545 1960 1545 450 1225 1540 6645 7265
545 1960 1550 450 1225 1540 6645 7270
545 1960 1550 450 1225 1540 6640 7270
540 1960 1550 445 1225 1540 6640 7260
540 1960 1550 445 1225 1540 6640 7260
540 1960 1550 445 1225 1540 6640 7260
540 1960 1550 445 1225 1540 6640 7260
540 1960 1555 445 1225 1540 6640 7265
540 1960 1555 445 1225 1540 6640 7265
540 1960 1555 445 1225 1540 6640 7265
540 1960 1555 445 1225 1540 6640 7265
540 1960 1555 445 1225 1540 6645 7265
540 1960 1555 445 1225 1540 6645 7265
540 1960 1555 445 1225 1540 6645 7265
545 1960 1560 445 1225 1540 6645 7275
545 1960 1560 445 1225 1540 6645 7275
550 1960 1565 445 1225 1540 6645 7285
550 1960 1565 445 1225 1540 6645 7285
550 1960 1565 445 1230 1545 6645 7295
550 1960 1565 445 1230 1545 6645 7295
550 1960 1565 445 1230 1545 6645 7295
550 1960 1565 445 1230 1545 6645 7295
550 1960 1565 445 1230 1545 6645 7295
550 1960 1565 445 1230 1545 6645 7295
550 1960 1565 445 1230 1545 6645 7295
545 1960 1565 445 1230 1545 6645 7290
545 1960 1565 445 1230 1545 6645 7290
545 1960 1565 445 1230 1545 6655 7290
545 1960 1570 445 1230 1545 6655 7295
545 1960 1570 445 1230 1545 6655 7295
545 1960 1570 445 1230 1545 6655 7295
545 1960 1570 445 1230 1545 6655 7295
545 1960 1570 445 1230 1545 6655 7295
545 1960 1570 445 1230 1555 6655 7305
545 1960 1570 445 1230 1555 6655 7305
545 1960 1570 445 1230 1555 6655 7305
545 1960 1570 445 1230 1555 6660 7305
545 1960 1570 445 1230 1555 6660 7305
545 1960 1570 445 1230 1555 6660 7305
545 1960 1570 445 1230 1555 6660 7305
545 1960 1570 445 1230 1555 6660 7305
540 1960 1570 440 1230 1555 6660 7295
540 1960 1570 440 1230 1555 6660 7295
540 1960 1570 440 1230 1555 6660 7295
540 1960 1570 440 1230 1555 6655 7295
540 1960 1570 440 1230 1555 6655 7295
540 1960 1570 440 1230 1555 6655 7295
540 1960 1570 440 1230 1555 6655 7295
540 1960 1570 440 1230 1555 6655 7295
540 1960 1570 440 1230 1555 6655 7295
540 1960 1570 440 1230 1555 6655 7295
540 1960 1570 440 1230 1555 6655 7295
540 1960 1570 440 1230 1555 6655 7295
540 1960 1570 440 1230 1555 6655 7295
540 1960 1570 440 1230 1555 6655 7295
540 1960 1570 440 1230 1555 6655 7295
540 1960 1570 440 1230 1555 6655 7295
540 1960 1570 440 1230 1555 6655 7295
540 1960 1570 440 1230 1555 6655 7295
540 1960 1570 440 1230 1555 6655 7295
540 1960 1570 440 1230 1555 6655 7295
540 1960 1570 440 1230 1555 6655 7295
540 1960 1570 440 1230 1555 6650 7295
535 1960 1570 435 1230 1555 6650 7285
535 1960 1570 435 1230 1555 6650 7285
535 1960 1570 435 1230 1555 6650 7285
535 1960 1570 435 1230 1555 6650 7285
535 1960 1570 435 1230 1555 6650 7285
535 1960 1570 435 1230 1555 6650 7285
535 1960 1570 435 1230 1555 6650 7285
535 1960 1570 435 1230 1555 6650 7285
535 1960 1570 435 1230 1555 6650 7285
535 1960 1570 435 1230 1555 6650 7285
535 1960 1570 435 1230 1555 6655 7285
535 1960 1570 435 1230 1555 6655 7285
535 1960 1570 435 1230 1555 6655 7285
535 1960 1565 435 1225 1555 6655 7275
535 1960 1565 440 1225 1555 6660 7280
540 1960 1565 445 1225 1555 6660 7290
540 1960 1565 445 1225 1555 6660 7290
540 1960 1565 445 1225 1555 6660 7290
540 1960 1565 445 1225 1555 6660 7290
540 1960 1565 445 1225 1555 6660 7290
540 1960 1565 445 1225 1555 6660 7290
540 1960 1565 445 1225 1555 6660 7290
540 1960 1565 445 1225 1555 6660 7290
540 1960 1565 445 1225 1555 6660 7290
540 1960 1565 445 1225 1555 6660 7290
540 1960 1565 445 1225 1555 6660 7290
540 1960 1560 445 1220 1555 6660 7280
540 1960 1560 445 1220 1555 6655 7280
540 1960 1560 445 1220 1555 6655 7280
540 1960 1560 445 1220 1555 6655 7280
540 1960 1560 445 1220 1555 6655 7280
540 1960 1560 445 1220 1555 6655 7280
540 1960 1560 445 1220 1555 6655 7280
540 1960 1560 445 1220 1555 6655 7280
540 1960 1560 445 1220 1555 6655 7280
540 1960 1560 445 1220 1555 6655 7280
540 1960 1560 445 1220 1555 6655 7280
540 1960 1560 445 1220 1555 6655 7280
540 1960 1560 445 1220 1555 6655 7280
540 1960 1560 445 1220 1555 6660 7280
540 1960 1560 445 1220 1555 6660 7280
540 1960 1560 445 1220 1555 6660 7280
540 1960 1560 445 1220 1555 6660 7280
540 1960 1560 445 1220 1555 6660 7280
535 1960 1560 440 1220 1555 6665 7270
535 1960 1560 440 1220 1555 6665 7270
535 1960 1560 440 1220 1555 6665 7270
535 1960 1560 440 1220 1555 6665 7270
535 1960 1560 440 1220 1555 6665 7270
535 1960 1560 440 1220 1555 6665 7270
540 1960 1560 440 1220 1555 6665 7275
540 1960 1560 440 1220 1555 6665 7275
540 1960 1560 440 1220 1555 6665 7275
540 1960 1560 440 1220 1555 6665 7275
540 1960 1560 440 1220 1555 6665 7275
540 1960 1560 440 1220 1555 6665 7275
540 1960 1560 440 1220 1555 6665 7275
540 1960 1560 440 1220 1555 6665 7275
540 1960 1560 440 1220 1555 6665 7275
540 1960 1560 440 1220 1555 6665 7275
540 1960 1560 440 1220 1555 6665 7275
540 1960 1560 440 1220 1555 6665 7275
540 1960 1560 440 1220 1555 6670 7275
540 1960 1560 440 1220 1555 6670 7275
540 1960 1560 440 1220 1555 6670 7275
540 1960 1560 440 1220 1555 6670 7275
540 1960 1560 440 1220 1555 6670 7275
540 1960 1560 440 1220 1555 6670 7275
540 1960 1560 440 1220 1555 6670 7275
540 1960 1560 440 1220 1555 6670 7275
540 1960 1560 440 1220 1555 6665 7275
540 1960 1560 440 1220 1555 6665 7275
540 1960 1560 440 1220 1555 6670 7275
540 1960 1560 440 1220 1555 6670 7275
540 1960 1560 440 1220 1555 6680 7275
540 1960 1560 440 1220 1555 6695 7275
540 1960 1560 440 1220 1555 6695 7275
540 1960 1560 440 1220 1555 6695 7275
540 1960 1560 440 1220 1555 6695 7275
540 1960 1560 440 1220 1555 6695 7275
540 1960 1560 440 1220 1555 6695 7275
540 1960 1560 440 1220 1555 6695 7275
540 1960 1560 440 1220 1555 6700 7275
540 1960 1560 445 1220 1555 6700 7280
540 1960 1570 445 1220 1555 6695 7290
540 1960 1570 445 1220 1555 6695 7290
540 1960 1570 445 1220 1555 6695 7290
540 1960 1570 445 1220 1555 6695 7290
540 1960 1570 445 1220 1555 6695 7290
540 1960 1570 445 1220 1555 6695 7290
540 1960 1570 445 1220 1560 6695 7295
540 1960 1570 445 1220 1560 6695 7295
540 1960 1570 445 1220 1560 6695 7295
540 1960 1570 445 1220 1560 6695 7295
540 1960 1570 445 1220 1560 6695 7295
540 1960 1570 445 1220 1560 6695 7295
540 1960 1570 445 1220 1560 6695 7295
540 1960 1570 445 1220 1560 6695 7295
540 1960 1570 445 1220 1560 6695 7295
540 1960 1570 445 1220 1560 6695 7295
540 1960 1570 445 1220 1560 6695 7295
545 1960 1570 445 1220 1560 6695 7300
545 1960 1570 445 1220 1560 6695 7300
545 1960 1570 445 1220 1560 6695 7300
545 1960 1570 445 1220 1560 6695 7300
545 1960 1570 445 1220 1560 6695 7300
545 1960 1570 445 1220 1560 6695 7300
545 1960 1570 445 1220 1560 6695 7300
545 1960 1570 445 1220 1560 6695 7300
545 1960 1570 445 1220 1560 6695 7300
545 1960 1570 445 1220 1560 6695 7300
545 1960 1570 445 1220 1560 6695 7300
545 1960 1570 445 1220 1560 6695 7300
545 1960 1570 445 1220 1560 6695 7300
545 1960 1570 445 1220 1560 6695 7300
545 1960 1570 445 1220 1560 6695 7300
545 1960 1570 445 1220 1560 6695 7300
545 1960 1570 445 1215 1560 6695 7295
545 1960 1570 445 1215 1560 6695 7295
545 1960 1570 445 1215 1560 6695 7295
545 1960 1570 445 1215 1560 6695 7295
545 1960 1570 445 1215 1560 6695 7295
545 1960 1570 445 1215 1560 6695 7295
545 1960 1570 445 1215 1560 6695 7295
545 1960 1570 445 1215 1560 6695 7295
545 1960 1570 445 1215 1560 6695 7295
545 1960 1570 445 1215 1560 6690 7295
545 1960 1570 445 1215 1560 6690 7295
545 1960 1570 445 1215 1560 6690 7295
545 1960 1565 445 1210 1560 6690 7285
545 1960 1565 445 1210 1560 6690 7285
545 1960 1565 445 1210 1560 6690 7285
545 1960 1565 445 1210 1560 6690 7285
545 1960 1565 445 1210 1560 6690 7285
545 1960 1565 445 1210 1560 6690 7285
545 1960 1565 445 1210 1560 6690 7285
545 1960 1565 445 1210 1560 6690 7285
545 1960 1565 445 1210 1560 6690 7285
545 1960 1565 445 1210 1560 6690 7285
545 1960 1565 440 1210 1560 6690 7280
545 1960 1565 440 1210 1570 6690 7290
545 1960 1560 440 1205 1570 6690 7280
545 1960 1560 440 1205 1570 6690 7280
545 1960 1560 440 1205 1570 6690 7280
545 1960 1560 440 1205 1570 6690 7280
545 1960 1560 440 1205 1570 6690 7280
545 1960 1560 440 1205 1570 6690 7280
545 1960 1560 440 1205 1570 6690 7280
545 1960 1560 440 1205 1570 6690 7280
545 1960 1560 440 1205 1570 6690 7280
545 1960 1560 440 1205 1570 6690 7280
545 1960 1560 440 1205 1570 6690 7280
545 1960 1560 440 1205 1570 6690 7280
545 1960 1560 440 1205 1570 6690 7280
545 1960 1560 440 1205 1570 6690 7280
545 1960 1565 440 1205 1570 6690 7285
545 1960 1565 440 1205 1570 6690 7285
545 1960 1565 440 1205 1570 6690 7285
545 1960 1565 440 1205 1570 6690 7285
545 1960 1565 440 1205 1570 6690 7285
545 1960 1565 440 1205 1570 6690 7285
545 1960 1565 440 1205 1570 6690 7285
545 1960 1565 440 1205 1570 6690 7285
545 1960 1565 440 1205 1570 6690 7285
545 1960 1565 440 1205 1570 6685 7285
545 1960 1565 440 1205 1570 6680 7285
550 1960 1565 440 1205 1570 6680 7290
550 1960 1570 440 1205 1570 6680 7295
550 1960 1570 440 1205 1570 6680 7295
550 1960 1570 440 1205 1570 6680 7295
550 1960 1570 440 1205 1570 6680 7295
550 1960 1570 440 1205 1570 6680 7295
550 1960 1570 440 1205 1570 6680 7295
550 1960 1570 440 1205 1570 6680 7295
550 1960 1570 440 1205 1570 6680 7295
550 1960 1570 440 1205 1570 6680 7295
550 1960 1570 440 1205 1570 6680 7295
550 1960 1570 440 1205 1570 6680 7295
550 1960 1570 440 1205 1570 6680 7295
550 1960 1570 440 1205 1570 6680 7295
550 1960 1570 440 1205 1570 6680 7295
550 1960 1570 440 1205 1570 6680 7295
550 1960 1570 440 1205 1570 6680 7295
550 1960 1570 440 1205 1570 6680 7295
550 1960 1570 440 1205 1570 6680 7295
550 1960 1570 440 1205 1570 6680 7295
550 1960 1570 440 1205 1570 6680 7295
550 1960 1570 440 1205 1570 6680 7295
550 1960 1570 440 1205 1570 6680 7295
550 1960 1570 440 1205 1570 6680 7295
550 1965 1570 445 1205 1575 6680 7310
555 1965 1570 445 1205 1575 6680 7315
555 1965 1570 445 1205 1575 6690 7315
555 1965 1570 445 1205 1575 6690 7315
555 1965 1570 445 1205 1575 6690 7315
555 1965 1570 445 1205 1575 6690 7315
555 1970 1570 450 1205 1575 6690 7325
555 1970 1570 450 1205 1575 6690 7325
555 1970 1570 450 1205 1575 6690 7325
555 1970 1580 450 1205 1575 6690 7335
555 1970 1580 450 1205 1575 6690 7335
555 1970 1580 450 1205 1575 6695 7335
555 1970 1580 450 1205 1575 6695 7335
555 1970 1580 450 1205 1575 6695 7335
555 1970 1580 450 1205 1575 6695 7335
555 1970 1580 450 1205 1575 6695 7335
555 1970 1580 450 1205 1575 6695 7335
555 1970 1580 450 1205 1575 6695 7335
555 1970 1580 450 1205 1575 6695 7335
555 1970 1580 450 1205 1575 6695 7335
555 1970 1580 450 1205 1575 6695 7335
555 1970 1580 450 1205 1575 6695 7335
555 1970 1580 450 1205 1575 6695 7335
555 1970 1580 450 1205 1575 6695 7335
555 1970 1580 450 1205 1575 6695 7335
555 1970 1580 450 1205 1575 6695 7335
555 1970 1580 450 1205 1575 6695 7335
555 1970 1580 450 1205 1575 6695 7335
555 1970 1580 450 1205 1575 6695 7335
555 1970 1580 450 1205 1575 6695 7335
555 1970 1580 450 1205 1575 6695 7335
555 1970 1580 450 1205 1575 6695 7335
555 1970 1580 450 1205 1575 6695 7335
555 1970 1580 450 1205 1575 6695 7335
555 1970 1580 450 1205 1575 6695 7335
555 1970 1580 450 1205 1575 6695 7335
555 1970 1580 450 1205 1575 6695 7335
555 1970 1580 450 1205 1575 6695 7335
555 1970 1580 450 1205 1575 6695 7335
555 1970 1580 450 1205 1575 6695 7335
555 1970 1580 450 1205 1575 6695 7335
555 1970 1580 450 1205 1575 6695 7335
555 1970 1580 450 1205 1575 6695 7335
555 1970 1580 450 1205 1575 6695 7335
555 1970 1580 450 1205 1575 6695 7335
555 1970 1580 450 1205 1575 6695 7335
555 1970 1580 450 1205 1575 6695 7335
555 1970 1580 450 1205 1575 6695 7335
555 1970 1580 450 1205 1575 6695 7335
555 1970 1580 450 1205 1575 6695 7335
550 1970 1580 450 1205 1575 6695 7330
550 1970 1580 450 1205 1575 6695 7330
550 1970 1580 450 1205 1575 6695 7330
550 1970 1580 450 1205 1575 6695 7330
550 1970 1580 450 1205 1575 6695 7330
550 1970 1580 445 1205 1570 6695 7320
550 1970 1580 445 1205 1570 6695 7320
550 1970 1580 445 1205 1570 6695 7320
550 1970 1580 445 1205 1570 6695 7320
550 1970 1580 445 1205 1570 6695 7320
550 1970 1580 445 1205 1570 6695 7320
550 1970 1580 445 1205 1570 6695 7320
550 1970 1580 445 1205 1570 6695 7320
550 1970 1580 445 1205 1570 6695 7320
550 1970 1580 445 1205 1570 6695 7320
550 1970 1580 445 1205 1570 6695 7320
550 1970 1580 445 1205 1570 6695 7320
550 1970 1580 445 1205 1570 6695 7320
550 1970 1580 445 1205 1570 6695 7320
550 1970 1580 445 1205 1570 6695 7320
550 1970 1580 445 1205 1570 6695 7320
550 1970 1580 445 1205 1570 6695 7320
550 1970 1580 445 1205 1570 6695 7320
550 1970 1580 445 1205 1570 6695 7320
550 1970 1580 445 1205 1570 6695 7320
550 1970 1580 445 1205 1570 6695 7320
550 1970 1580 445 1205 1570 6695 7320
550 1970 1580 445 1205 1575 6700 7325
550 1970 1580 445 1205 1575 6700 7325
550 1970 1580 445 1205 1575 6700 7325
550 1970 1580 445 1205 1575 6700 7325
550 1970 1580 445 1205 1575 6700 7325
550 1970 1580 450 1205 1575 6700 7330
550 1970 1580 450 1205 1575 6700 7330
550 1970 1580 450 1205 1575 6700 7330
550 1970 1580 450 1205 1575 6700 7330
550 1970 1580 450 1205 1575 6700 7330
550 1970 1580 450 1205 1575 6700 7330
550 1970 1580 450 1205 1575 6700 7330
550 1970 1580 450 1205 1575 6700 7330
550 1970 1580 450 1205 1575 6700 7330
550 1970 1580 450 1205 1575 6700 7330
550 1970 1580 450 1205 1575 6700 7330
550 1970 1580 445 1205 1575 6705 7325
550 1970 1580 445 1205 1575 6705 7325
550 1970 1580 445 1205 1575 6705 7325
550 1970 1580 445 1205 1575 6705 7325
550 1970 1580 445 1205 1575 6705 7325
550 1970 1580 445 1205 1575 6705 7325
550 1970 1580 445 1205 1575 6705 7325
550 1970 1580 445 1205 1575 6705 7325
550 1970 1580 445 1205 1575 6705 7325
550 1970 1580 445 1205 1575 6705 7325
550 1970 1580 445 1205 1575 6705 7325
550 1970 1580 445 1205 1575 6705 7325
550 1970 1580 445 1205 1575 6705 7325
550 1970 1580 445 1205 1575 6705 7325
550 1970 1580 445 1205 1575 6705 7325
550 1970 1580 445 1205 1575 6705 7325
550 1965 1580 440 1205 1575 6705 7315
550 1965 1580 440 1205 1575 6705 7315
550 1965 1580 440 1205 1575 6705 7315
550 1965 1580 440 1205 1575 6705 7315
550 1965 1580 440 1205 1575 6705 7315
550 1965 1580 440 1205 1575 6705 7315
550 1965 1580 440 1205 1575 6705 7315
550 1965 1580 440 1205 1575 6705 7315
550 1965 1580 440 1205 1575 6705 7315
550 1965 1580 440 1205 1575 6705 7315
550 1965 1580 440 1205 1575 6705 7315
550 1965 1580 440 1205 1575 6705 7315
550 1965 1580 440 1205 1575 6705 7315
550 1965 1580 440 1205 1575 6705 7315
550 1965 1580 445 1210 1575 6705 7325
550 1965 1580 445 1210 1575 6705 7325
550 1965 1580 445 1210 1575 6705 7325
550 1965 1580 445 1210 1575 6705 7325
550 1965 1580 445 1210 1575 6705 7325
550 1965 1580 445 1210 1575 6705 7325
550 1965 1580 445 1210 1575 6705 7325
550 1965 1580 445 1210 1575 6705 7325
550 1965 1580 445 1210 1575 6705 7325
550 1965 1580 445 1210 1575 6705 7325
545 1965 1580 445 1210 1575 6705 7320
545 1965 1580 445 1210 1575 6705 7320
545 1965 1580 445 1210 1575 6705 7320
545 1965 1580 445 1210 1575 6705 7320
545 1965 1580 445 1210 1575 6705 7320
545 1965 1580 445 1210 1575 6710 7320
545 1965 1580 445 1210 1575 6710 7320
545 1965 1580 445 1210 1575 6710 7320
545 1965 1580 445 1210 1575 6710 7320
545 1965 1580 445 1210 1575 6705 7320
545 1965 1580 445 1210 1575 6705 7320
540 1965 1580 440 1210 1575 6705 7310
540 1965 1580 440 1210 1575 6705 7310
540 1965 1580 440 1210 1575 6705 7310
540 1965 1580 440 1210 1575 6705 7310
540 1965 1580 440 1210 1575 6705 7310
540 1965 1580 440 1210 1575 6705 7310
540 1965 1580 440 1210 1575 6705 7310
540 1965 1580 440 1210 1575 6705 7310
540 1965 1580 440 1210 1570 6705 7305
540 1965 1580 440 1210 1570 6705 7305
540 1965 1580 440 1210 1570 6705 7305
540 1965 1580 440 1210 1570 6705 7305
540 1965 1580 440 1210 1570 6700 7305
540 1965 1580 440 1210 1570 6700 7305
540 1965 1580 440 1210 1570 6700 7305
540 1965 1580 440 1210 1570 6700 7305
540 1965 1580 440 1210 1570 6700 7305
540 1965 1580 440 1210 1570 6700 7305
540 1965 1580 440 1210 1570 6700 7305
540 1965 1580 440 1210 1570 6700 7305
540 1965 1580 440 1210 1570 6700 7305
540 1965 1580 440 1210 1570 6705 7305
540 1970 1580 445 1210 1570 6705 7315
540 1970 1580 445 1210 1570 6705 7315
540 1970 1580 445 1210 1570 6705 7315
540 1970 1580 445 1210 1570 6705 7315
540 1970 1580 445 1210 1570 6705 7315
540 1970 1580 445 1210 1570 6705 7315
540 1970 1580 445 1210 1570 6705 7315
535 1970 1580 445 1210 1570 6705 7310
535 1970 1580 445 1210 1570 6705 7310
535 1970 1580 445 1210 1570 6705 7310
535 1970 1580 445 1210 1570 6705 7310
535 1970 1580 445 1210 1570 6705 7310
535 1970 1580 445 1210 1570 6705 7310
535 1975 1580 450 1210 1570 6705 7320
535 1975 1580 450 1210 1570 6705 7320
535 1975 1580 450 1210 1570 6705 7320
535 1975 1580 450 1210 1570 6705 7320
535 1975 1580 455 1210 1570 6705 7325
535 1975 1580 455 1210 1570 6715 7325
535 1975 1580 455 1210 1570 6715 7325
535 1975 1580 455 1210 1570 6715 7325
535 1975 1580 455 1210 1570 6715 7325
535 1975 1580 455 1210 1570 6715 7325
535 1975 1580 455 1210 1570 6715 7325
535 1975 1580 455 1210 1570 6715 7325
535 1975 1580 455 1210 1570 6715 7325
535 1975 1580 455 1210 1570 6715 7325
535 1975 1580 455 1210 1570 6715 7325
535 1975 1580 455 1210 1570 6715 7325
535 1975 1580 455 1210 1570 6715 7325
535 1975 1580 455 1210 1570 6715 7325
535 1975 1580 455 1210 1570 6715 7325
535 1975 1580 455 1210 1570 6715 7325
535 1975 1580 455 1210 1570 6715 7325
535 1975 1580 455 1210 1570 6715 7325
535 1975 1580 455 1210 1570 6715 7325
535 1975 1580 455 1210 1570 6715 7325
535 1975 1580 455 1210 1570 6715 7325
535 1975 1580 455 1210 1570 6715 7325
535 1975 1580 455 1210 1570 6710 7325
535 1975 1580 455 1210 1570 6710 7325
535 1975 1580 455 1210 1570 6710 7325
535 1975 1580 455 1210 1570 6710 7325
535 1975 1580 455 1210 1570 6710 7325
535 1975 1580 455 1210 1570 6710 7325
535 1975 1580 455 1210 1570 6710 7325
535 1975 1580 455 1210 1570 6710 7325
535 1975 1580 455 1210 1570 6710 7325
535 1975 1580 455 1210 1570 6710 7325
535 1975 1580 455 1210 1570 6710 7325
535 1975 1580 455 1210 1570 6710 7325
535 1975 1580 455 1210 1570 6710 7325
535 1975 1580 455 1210 1570 6710 7325
535 1975 1580 455 1210 1570 6710 7325
535 1975 1580 455 1210 1570 6710 7325
535 1975 1580 455 1210 1570 6710 7325
535 1975 1580 455 1210 1570 6710 7325
535 1975 1580 455 1210 1570 6710 7325
535 1975 1580 455 1210 1570 6710 7325
535 1975 1580 455 1210 1570 6710 7325
535 1975 1580 455 1210 1570 6710 7325
535 1975 1580 455 1210 1570 6710 7325
535 1975 1580 455 1210 1570 6710 7325
535 1975 1580 455 1210 1570 6710 7325
535 1975 1580 455 1210 1570 6710 7325
535 1975 1580 455 1210 1570 6710 7325
535 1975 1580 455 1210 1570 6710 7325
535 1975 1580 455 1210 1570 6710 7325
535 1975 1580 455 1210 1570 6710 7325
535 1975 1580 455 1210 1570 6710 7325
535 1975 1580 455 1210 1570 6710 7325
535 1975 1580 455 1210 1570 6710 7325
535 1975 1580 455 1210 1570 6710 7325
535 1975 1580 455 1210 1570 6710 7325
535 1975 1580 455 1210 1570 6710 7325
535 1975 1580 455 1210 1570 6710 7325
535 1975 1580 455 1210 1570 6710 7325
535 1975 1590 455 1210 1570 6710 7335
535 1975 1590 455 1210 1570 6710 7335
535 1975 1590 455 1210 1570 6710 7335
535 1975 1590 455 1210 1570 6710 7335
535 1975 1590 455 1210 1570 6710 7335
535 1975 1590 455 1210 1570 6710 7335
535 1975 1590 455 1210 1570 6710 7335
535 1975 1590 455 1210 1570 6710 7335
535 1975 1590 455 1210 1570 6715 7335
535 1975 1590 455 1210 1570 6715 7335
535 1975 1590 455 1210 1570 6715 7335
535 1975 1590 455 1210 1570 6715 7335
535 1975 1590 455 1210 1570 6715 7335
535 1975 1590 455 1210 1570 6715 7335
535 1975 1590 455 1210 1570 6715 7335
535 1975 1590 455 1210 1570 6715 7335
535 1975 1590 455 1210 1570 6715 7335
535 1975 1590 455 1210 1570 6715 7335
535 1975 1590 455 1210 1570 6715 7335
535 1975 1590 455 1210 1570 6715 7335
535 1975 1590 455 1210 1570 6715 7335
535 1975 1590 455 1210 1570 6715 7335
535 1975 1590 455 1210 1570 6715 7335
535 1975 1590 455 1210 1570 6715 7335
535 1975 1590 455 1210 1570 6715 7335
535 1975 1590 455 1210 1570 6715 7335
535 1975 1590 455 1210 1570 6715 7335
535 1975 1590 455 1210 1570 6715 7335
535 1975 1590 455 1210 1570 6715 7335
535 1975 1590 455 1210 1570 6715 7335
535 1975 1590 455 1210 1570 6715 7335
535 1975 1590 455 1210 1570 6715 7335
535 1975 1590 455 1210 1570 6715 7335
535 1975 1590 455 1210 1570 6715 7335
535 1975 1590 455 1210 1570 6715 7335
535 1975 1590 455 1210 1570 6715 7335
535 1975 1590 455 1210 1570 6715 7335
535 1975 1590 455 1210 1570 6715 7335
535 1975 1590 455 1210 1570 6720 7335
530 1975 1590 455 1210 1570 6720 7330
530 1975 1590 455 1210 1570 6720 7330
530 1975 1590 455 1210 1570 6720 7330
525 1975 1590 450 1210 1570 6720 7320
525 1975 1590 450 1210 1570 6720 7320
525 1975 1590 450 1210 1570 6720 7320
525 1975 1590 450 1210 1570 6720 7320
525 1975 1590 450 1210 1570 6720 7320
525 1975 1590 450 1210 1570 6720 7320
525 1975 1590 450 1210 1570 6720 7320
525 1975 1590 450 1210 1570 6720 7320
525 1975 1590 450 1210 1570 6715 7320
525 1975 1590 450 1210 1570 6720 7320
525 1975 1595 450 1210 1570 6720 7325
525 1975 1595 450 1210 1570 6720 7325
525 1975 1595 450 1210 1570 6720 7325
525 1975 1595 450 1210 1570 6720 7325
525 1975 1595 450 1210 1570 6720 7325
525 1975 1595 450 1210 1570 6720 7325
525 1975 1595 450 1210 1570 6720 7325
525 1975 1595 450 1210 1570 6720 7325
525 1975 1595 450 1210 1570 6720 7325
525 1975 1595 450 1210 1570 6720 7325
525 1975 1595 450 1210 1570 6720 7325
525 1975 1595 450 1210 1570 6720 7325
525 1975 1595 450 1210 1570 6720 7325
525 1975 1595 450 1210 1570 6720 7325
525 1975 1595 450 1210 1570 6720 7325
525 1975 1595 450 1210 1570 6720 7325
525 1975 1595 450 1210 1570 6720 7325
525 1975 1595 450 1210 1570 6720 7325
525 1975 1595 450 1210 1570 6720 7325
525 1975 1595 450 1210 1570 6720 7325
525 1975 1595 450 1210 1570 6720 7325
525 1975 1595 450 1210 1570 6720 7325
525 1975 1595 450 1210 1570 6720 7325
525 1975 1595 450 1210 1570 6720 7325
520 1975 1600 450 1210 1570 6725 7325
520 1975 1600 450 1210 1570 6725 7325
520 1975 1600 450 1210 1570 6725 7325
520 1975 1600 450 1205 1570 6725 7320
520 1975 1600 450 1205 1570 6725 7320
520 1975 1600 450 1205 1570 6725 7320
520 1975 1600 450 1205 1570 6725 7320
520 1975 1600 450 1205 1570 6725 7320
520 1975 1600 450 1200 1570 6725 7315
520 1975 1600 450 1200 1570 6725 7315
520 1975 1600 450 1200 1570 6725 7315
520 1975 1600 450 1200 1570 6725 7315
520 1975 1600 450 1200 1570 6725 7315
520 1975 1600 450 1200 1570 6725 7315
520 1975 1600 450 1200 1570 6725 7315
520 1975 1600 450 1200 1570 6725 7315
525 1980 1600 450 1200 1570 6725 7325
525 1980 1600 450 1200 1570 6725 7325
525 1980 1600 450 1200 1570 6725 7325
525 1980 1600 450 1200 1570 6725 7325
525 1980 1600 450 1200 1570 6725 7325
525 1980 1600 450 1200 1570 6725 7325
525 1980 1600 450 1200 1570 6725 7325
525 1980 1600 450 1200 1570 6725 7325
525 1980 1600 450 1200 1570 6725 7325
525 1980 1600 450 1200 1570 6725 7325
525 1980 1600 450 1200 1570 6725 7325
525 1980 1600 450 1200 1570 6725 7325
525 1980 1600 450 1200 1570 6725 7325
525 1980 1600 450 1200 1570 6725 7325
525 1980 1600 450 1200 1570 6725 7325
525 1980 1600 450 1200 1570 6725 7325
525 1980 1600 450 1200 1570 6725 7325
525 1980 1600 445 1200 1570 6725 7320
525 1980 1600 440 1200 1570 6725 7315
525 1980 1600 440 1200 1570 6725 7315
525 1980 1600 440 1200 1570 6725 7315
525 1980 1600 440 1200 1570 6725 7315
525 1980 1600 440 1200 1570 6725 7315
525 1980 1600 440 1200 1570 6725 7315
525 1980 1600 440 1200 1570 6725 7315
525 1980 1600 440 1200 1570 6725 7315
525 1980 1600 440 1200 1570 6725 7315
525 1980 1600 440 1200 1570 6725 7315
525 1980 1600 440 1200 1570 6720 7315
525 1980 1600 440 1200 1570 6720 7315
525 1980 1600 440 1200 1570 6720 7315
525 1980 1600 440 1200 1570 6720 7315
525 1980 1600 440 1200 1570 6720 7315
525 1980 1600 440 1200 1570 6720 7315
525 1980 1600 440 1200 1570 6720 7315
525 1980 1600 440 1200 1570 6720 7315
525 1980 1600 440 1200 1570 6720 7315
525 1980 1600 440 1200 1570 6720 7315
525 1980 1600 440 1200 1570 6720 7315
525 1980 1600 440 1200 1570 6720 7315
525 1980 1600 440 1200 1570 6720 7315
525 1980 1600 440 1200 1570 6720 7315
525 1980 1600 440 1200 1570 6720 7315
525 1980 1600 440 1200 1570 6720 7315
525 1980 1600 440 1200 1570 6720 7315
525 1980 1600 440 1200 1570 6720 7315
525 1980 1600 440 1200 1570 6720 7315
525 1980 1600 440 1200 1570 6720 7315
525 1980 1600 440 1200 1570 6715 7315
525 1980 1600 440 1200 1570 6715 7315
525 1980 1600 440 1200 1570 6715 7315
525 1980 1600 440 1200 1570 6715 7315
525 1980 1600 440 1200 1570 6715 7315
525 1980 1600 440 1200 1570 6715 7315
525 1980 1600 440 1200 1570 6715 7315
525 1980 1600 440 1200 1570 6715 7315
525 1980 1600 440 1200 1570 6715 7315
525 1980 1600 440 1200 1570 6715 7315
525 1980 1600 440 1200 1570 6715 7315
525 1980 1600 440 1200 1570 6715 7315
525 1980 1600 440 1200 1570 6715 7315
525 1980 1600 440 1200 1570 6720 7315
525 1980 1600 440 1200 1570 6720 7315
525 1980 1600 440 1200 1570 6720 7315
515 1980 1600 435 1200 1570 6720 7300
515 1980 1600 435 1200 1570 6720 7300
515 1980 1600 435 1200 1570 6720 7300
515 1980 1600 435 1200 1570 6720 7300
515 1980 1600 435 1200 1570 6720 7300
515 1980 1600 435 1200 1570 6720 7300
515 1980 1600 435 1200 1570 6720 7300
515 1980 1600 435 1200 1570 6720 7300
515 1980 1600 435 1200 1570 6720 7300
515 1980 1600 435 1200 1570 6720 7300
515 1980 1600 435 1200 1570 6725 7300
515 1980 1600 435 1200 1570 6725 7300
515 1980 1600 435 1200 1570 6725 7300
515 1980 1600 435 1200 1570 6725 7300
515 1980 1600 435 1200 1570 6725 7300
515 1980 1600 435 1200 1570 6725 7300
515 1980 1600 435 1200 1570 6720 7300
515 1980 1600 435 1200 1570 6720 7300
515 1980 1600 435 1200 1570 6725 7300
515 1980 1600 435 1200 1570 6725 7300
515 1980 1600 435 1200 1570 6725 7300
515 1980 1600 435 1200 1570 6725 7300
515 1980 1600 435 1200 1570 6725 7300
515 1980 1600 435 1200 1570 6725 7300
515 1980 1600 435 1200 1570 6725 7300
515 1980 1600 435 1200 1570 6725 7300
515 1980 1600 435 1200 1570 6725 7300
515 1980 1600 435 1200 1570 6725 7300
515 1980 1600 435 1200 1570 6725 7300
515 1980 1600 435 1200 1570 6725 7300
515 1980 1600 430 1200 1565 6725 7290
515 1980 1600 430 1200 1565 6725 7290
515 1980 1600 430 1200 1565 6725 7290
515 1980 1600 430 1200 1565 6725 7290
515 1980 1600 430 1200 1565 6725 7290
515 1980 1600 430 1200 1565 6725 7290
515 1980 1600 430 1200 1565 6725 7290
515 1980 1600 430 1200 1565 6725 7290
510 1980 1600 430 1195 1565 6725 7280
510 1980 1600 430 1195 1565 6725 7280
510 1980 1600 430 1195 1565 6725 7280
510 1980 1600 430 1195 1565 6725 7280
510 1980 1600 430 1195 1565 6725 7280
510 1980 1600 430 1195 1565 6725 7280
510 1980 1600 430 1195 1565 6725 7280
510 1980 1600 430 1195 1565 6725 7280
510 1980 1600 430 1195 1565 6725 7280
510 1980 1600 430 1195 1565 6725 7280
510 1980 1600 430 1195 1565 6725 7280
510 1980 1600 430 1195 1565 6725 7280
510 1980 1600 430 1195 1565 6725 7280
510 1980 1600 430 1195 1565 6725 7280
510 1980 1600 430 1195 1565 6725 7280
510 1980 1600 430 1195 1565 6725 7280
510 1980 1600 430 1195 1565 6725 7280
510 1980 1600 430 1195 1565 6725 7280
510 1980 1600 430 1195 1565 6725 7280
510 1980 1600 430 1195 1565 6725 7280
510 1980 1600 430 1195 1565 6725 7280
510 1980 1595 435 1195 1565 6725 7280
510 1980 1595 435 1195 1565 6720 7280
510 1980 1595 435 1195 1565 6720 7280
510 1980 1595 435 1195 1565 6720 7280
510 1980 1595 435 1195 1565 6720 7280
510 1980 1595 435 1195 1565 6720 7280
510 1980 1595 435 1195 1565 6720 7280
510 1980 1595 435 1195 1565 6720 7280
510 1980 1595 435 1195 1565 6720 7280
510 1980 1595 435 1195 1565 6725 7280
510 1980 1595 435 1195 1565 6725 7280
510 1980 1595 435 1195 1565 6725 7280
510 1980 1595 435 1195 1565 6725 7280
510 1980 1595 435 1195 1565 6725 7280
510 1980 1595 435 1195 1565 6725 7280
510 1980 1595 435 1195 1565 6725 7280
510 1980 1595 435 1195 1565 6725 7280
510 1980 1595 435 1195 1565 6725 7280
510 1980 1595 435 1195 1565 6725 7280
510 1980 1595 435 1195 1565 6725 7280
510 1980 1595 435 1195 1565 6725 7280
510 1980 1595 435 1195 1565 6725 7280
510 1980 1595 435 1195 1565 6725 7280
510 1980 1595 435 1195 1565 6725 7280
510 1980 1590 435 1195 1565 6725 7275
510 1980 1590 435 1195 1565 6720 7275
510 1980 1590 435 1195 1565 6720 7275
510 1980 1590 435 1195 1565 6720 7275
510 1980 1590 435 1195 1565 6720 7275
510 1980 1590 435 1195 1565 6720 7275
510 1980 1590 435 1195 1565 6720 7275
510 1980 1590 435 1195 1565 6720 7275
510 1980 1590 435 1195 1565 6720 7275
510 1980 1590 435 1195 1565 6720 7275
510 1980 1590 435 1195 1565 6720 7275
510 1980 1590 435 1195 1565 6720 7275
510 1980 1590 435 1195 1565 6720 7275
515 1980 1595 435 1195 1565 6720 7285
515 1980 1595 435 1195 1565 6720 7285
515 1980 1595 435 1195 1565 6720 7285
515 1980 1595 435 1195 1565 6720 7285
515 1980 1595 435 1195 1565 6720 7285
515 1980 1595 435 1195 1565 6720 7285
515 1980 1595 435 1195 1565 6720 7285
515 1980 1595 435 1195 1565 6720 7285
515 1980 1595 435 1195 1565 6715 7285
515 1980 1595 435 1195 1565 6715 7285
515 1980 1595 435 1195 1565 6715 7285
510 1980 1595 435 1195 1565 6715 7280
510 1980 1595 435 1195 1565 6715 7280
510 1980 1595 435 1195 1565 6715 7280
510 1980 1595 435 1195 1565 6715 7280
510 1980 1595 435 1195 1565 6715 7280
510 1980 1595 435 1195 1565 6715 7280
510 1980 1595 435 1195 1565 6715 7280
510 1980 1595 435 1195 1565 6715 7280
510 1980 1595 435 1195 1565 6715 7280
510 1980 1595 435 1195 1565 6715 7280
510 1980 1595 435 1195 1565 6715 7280
510 1980 1595 435 1195 1565 6715 7280
510 1980 1595 435 1195 1565 6715 7280
510 1980 1595 435 1195 1565 6715 7280
510 1980 1595 435 1195 1565 6715 7280
510 1980 1595 435 1195 1565 6715 7280
510 1980 1595 435 1195 1565 6715 7280
510 1980 1595 435 1195 1565 6710 7280
510 1980 1595 435 1195 1565 6710 7280
510 1980 1595 435 1195 1565 6710 7280
510 1980 1595 435 1195 1565 6710 7280
510 1980 1595 435 1195 1565 6710 7280
510 1980 1595 435 1195 1565 6710 7280
510 1980 1595 435 1195 1565 6710 7280
510 1980 1595 435 1195 1565 6710 7280
510 1980 1595 435 1195 1565 6710 7280
510 1980 1595 435 1195 1565 6710 7280
510 1980 1595 435 1195 1565 6710 7280
510 1980 1595 435 1195 1565 6710 7280
510 1980 1595 435 1195 1565 6710 7280
510 1980 1595 435 1195 1565 6710 7280
510 1980 1595 435 1195 1565 6710 7280
510 1980 1595 435 1195 1565 6710 7280
510 1980 1595 435 1195 1565 6710 7280
510 1980 1595 435 1195 1565 6710 7280
505 1980 1595 435 1195 1565 6710 7275
505 1980 1595 435 1195 1565 6710 7275
505 1980 1595 435 1195 1565 6710 7275
505 1980 1595 435 1195 1565 6710 7275
505 1980 1595 435 1195 1565 6710 7275
505 1980 1595 435 1195 1565 6710 7275
505 1980 1595 435 1195 1565 6710 7275
505 1980 1595 435 1195 1565 6710 7275
505 1980 1595 435 1195 1565 6710 7275
505 1980 1595 435 1195 1565 6710 7275
505 1980 1595 435 1195 1565 6710 7275
505 1980 1595 435 1195 1565 6710 7275
505 1980 1595 435 1195 1565 6710 7275
505 1980 1595 435 1195 1565 6710 7275
505 1980 1595 435 1195 1565 6710 7275
505 1980 1595 435 1195 1565 6710 7275
505 1980 1595 435 1195 1565 6710 7275
505 1980 1595 435 1195 1565 6710 7275
505 1980 1595 435 1195 1565 6710 7275
505 1980 1595 435 1195 1565 6710 7275
505 1980 1595 435 1195 1565 6710 7275
505 1980 1595 435 1195 1565 6710 7275
505 1980 1595 435 1195 1565 6710 7275
505 1980 1595 435 1195 1565 6710 7275
505 1980 1595 435 1195 1565 6710 7275
505 1980 1595 435 1195 1565 6710 7275
505 1980 1595 435 1195 1565 6710 7275
505 1980 1595 435 1195 1565 6710 7275
505 1980 1595 435 1195 1565 6710 7275
505 1980 1595 435 1195 1565 6710 7275
505 1980 1595 435 1195 1565 6710 7275
505 1980 1595 435 1195 1565 6710 7275
505 1980 1595 435 1195 1565 6710 7275
505 1980 1595 440 1195 1565 6710 7280
505 1980 1595 440 1195 1565 6710 7280
505 1980 1595 440 1195 1565 6710 7280
505 1980 1595 440 1195 1565 6710 7280
505 1980 1595 440 1195 1565 6710 7280
505 1980 1595 440 1195 1565 6710 7280
505 1980 1595 440 1195 1565 6710 7280
505 1980 1595 440 1195 1565 6710 7280
505 1980 1595 440 1195 1565 6710 7280
505 1980 1595 440 1195 1565 6710 7280
505 1980 1595 440 1195 1565 6710 7280
505 1980 1595 440 1195 1565 6710 7280
505 1980 1595 440 1195 1565 6710 7280
505 1980 1595 440 1195 1565 6710 7280
505 1980 1595 440 1195 1565 6710 7280
505 1980 1595 440 1195 1565 6710 7280
505 1980 1595 440 1195 1565 6710 7280
505 1980 1595 440 1195 1565 6710 7280
505 1980 1595 440 1195 1565 6710 7280
505 1980 1595 440 1195 1565 6710 7280
505 1980 1595 440 1195 1565 6710 7280
505 1980 1595 440 1195 1565 6710 7280
505 1980 1595 440 1195 1565 6710 7280
505 1980 1595 440 1195 1565 6710 7280
505 1980 1595 440 1195 1565 6710 7280
505 1980 1595 440 1195 1565 6710 7280
505 1980 1595 440 1195 1565 6710 7280
505 1980 1595 440 1195 1565 6710 7280
505 1980 1595 440 1195 1565 6710 7280
505 1980 1595 440 1195 1565 6710 7280
505 1980 1595 440 1195 1565 6710 7280
505 1980 1595 440 1195 1565 6710 7280
505 1980 1595 440 1195 1565 6710 7280
505 1980 1595 440 1195 1565 6710 7280
505 1980 1595 440 1195 1565 6710 7280
505 1980 1595 440 1195 1565 6710 7280
510 1980 1595 440 1195 1565 6710 7285
510 1980 1595 440 1195 1565 6710 7285
510 1980 1595 440 1195 1565 6710 7285
510 1980 1595 440 1195 1565 6710 7285
510 1980 1595 440 1195 1565 6710 7285
510 1980 1595 440 1195 1565 6710 7285
510 1980 1595 440 1195 1565 6710 7285
510 1980 1595 440 1195 1565 6710 7285
510 1980 1595 440 1195 1565 6710 7285
510 1980 1595 440 1195 1565 6705 7285
510 1980 1595 440 1195 1565 6705 7285
510 1980 1595 440 1195 1565 6705 7285
505 1980 1595 435 1195 1565 6705 7275
505 1980 1595 435 1195 1565 6705 7275
505 1980 1595 435 1195 1565 6705 7275
505 1980 1595 435 1195 1565 6705 7275
505 1980 1595 435 1195 1565 6705 7275
505 1980 1595 435 1195 1565 6705 7275
505 1980 1595 435 1195 1565 6705 7275
505 1980 1595 435 1195 1565 6705 7275
505 1980 1595 435 1195 1565 6705 7275
505 1980 1595 435 1195 1565 6705 7275
505 1980 1595 435 1195 1565 6705 7275
505 1980 1595 435 1195 1565 6705 7275
505 1980 1595 435 1195 1565 6705 7275
505 1980 1595 435 1195 1565 6705 7275
505 1980 1595 435 1195 1565 6710 7275
505 1980 1595 435 1195 1565 6710 7275
505 1980 1595 435 1195 1565 6710 7275
505 1980 1595 435 1195 1565 6710 7275
510 1985 1595 435 1195 1565 6710 7285
510 1985 1595 435 1195 1565 6710 7285
510 1985 1595 435 1195 1565 6710 7285
510 1985 1595 435 1195 1565 6710 7285
510 1985 1595 435 1195 1565 6710 7285
510 1985 1595 435 1195 1565 6710 7285
510 1985 1595 435 1195 1565 6710 7285
510 1985 1595 435 1195 1565 6710 7285
510 1985 1595 435 1195 1565 6710 7285
510 1985 1595 435 1195 1565 6710 7285
510 1985 1595 435 1195 1565 6710 7285
510 1985 1590 435 1195 1565 6710 7280
510 1985 1590 435 1195 1565 6710 7280
510 1985 1590 435 1195 1565 6710 7280
510 1985 1590 435 1195 1565 6705 7280
510 1985 1590 435 1195 1565 6705 7280
510 1985 1590 435 1195 1565 6705 7280
510 1985 1590 435 1195 1565 6705 7280
510 1985 1590 435 1195 1565 6705 7280
510 1985 1590 435 1195 1565 6705 7280
510 1985 1590 435 1195 1565 6705 7280
510 1985 1590 435 1195 1565 6705 7280
510 1985 1590 435 1195 1565 6705 7280
510 1985 1590 435 1195 1565 6705 7280
510 1985 1590 435 1195 1565 6705 7280
510 1985 1590 435 1195 1565 6705 7280
510 1985 1590 435 1195 1565 6705 7280
510 1985 1590 435 1195 1565 6705 7280
510 1985 1590 435 1195 1565 6705 7280
510 1985 1590 435 1195 1565 6705 7280
510 1985 1590 435 1195 1565 6705 7280
510 1985 1590 435 1195 1565 6705 7280
510 1985 1590 435 1195 1565 6705 7280
510 1985 1590 435 1195 1565 6705 7280
510 1985 1590 435 1195 1565 6705 7280
510 1985 1590 435 1195 1565 6705 7280
510 1985 1590 435 1195 1565 6705 7280
510 1985 1590 435 1195 1565 6705 7280
510 1985 1590 435 1195 1565 6705 7280
510 1985 1590 435 1195 1565 6705 7280
510 1985 1590 435 1195 1565 6705 7280
510 1985 1590 435 1195 1565 6705 7280
510 1985 1590 435 1195 1565 6705 7280
510 1985 1590 435 1195 1565 6705 7280
510 1985 1590 435 1195 1565 6705 7280
510 1985 1590 435 1195 1565 6705 7280
510 1985 1590 435 1195 1565 6705 7280
510 1985 1590 435 1195 1565 6705 7280
510 1985 1590 435 1195 1565 6705 7280
510 1985 1590 435 1195 1565 6705 7280
510 1985 1590 435 1195 1565 6705 7280
510 1985 1590 435 1195 1565 6705 7280
510 1985 1590 435 1195 1565 6705 7280
510 1985 1590 435 1195 1565 6705 7280
510 1985 1590 435 1195 1565 6705 7280
510 1985 1590 435 1195 1565 6705 7280
510 1985 1590 435 1195 1565 6705 7280
510 1985 1590 435 1195 1565 6705 7280
510 1985 1590 435 1195 1565 6705 7280
510 1985 1590 435 1195 1565 6705 7280
510 1985 1590 435 1195 1565 6705 7280
510 1985 1590 435 1195 1565 6705 7280
510 1985 1590 435 1195 1565 6705 7280
510 1985 1590 435 1195 1565 6705 7280
510 1985 1590 435 1195 1565 6705 7280
510 1985 1590 435 1195 1565 6705 7280
510 1985 1590 435 1195 1565 6705 7280
510 1985 1590 435 1195 1565 6705 7280
510 1985 1590 435 1195 1565 6705 7280
510 1985 1590 435 1195 1565 6705 7280
510 1985 1590 435 1195 1565 6705 7280
510 1985 1590 435 1195 1565 6705 7280
515 1985 1590 435 1195 1565 6705 7285
515 1985 1590 435 1195 1565 6705 7285
515 1985 1590 435 1195 1565 6705 7285
515 1985 1590 435 1195 1565 6705 7285
515 1985 1590 435 1195 1565 6705 7285
515 1985 1590 435 1195 1565 6705 7285
515 1985 1590 435 1195 1565 6705 7285
515 1985 1590 435 1195 1565 6705 7285
515 1985 1590 435 1195 1565 6705 7285
515 1985 1590 435 1195 1565 6705 7285
515 1985 1590 435 1195 1565 6705 7285
515 1985 1590 435 1195 1565 6705 7285
515 1985 1590 435 1195 1565 6705 7285
515 1985 1590 435 1195 1565 6705 7285
515 1985 1590 435 1195 1565 6705 7285
515 1985 1590 435 1195 1565 6705 7285
515 1985 1590 435 1195 1565 6705 7285
515 1985 1590 435 1195 1565 6705 7285
515 1985 1590 435 1195 1565 6705 7285
510 1985 1590 435 1195 1565 6705 7280
510 1985 1590 435 1195 1565 6705 7280
510 1985 1590 435 1195 1565 6705 7280
510 1985 1590 435 1195 1565 6705 7280
510 1985 1590 435 1195 1565 6705 7280
510 1985 1590 435 1195 1565 6705 7280
510 1985 1590 435 1195 1565 6705 7280
510 1985 1590 435 1195 1565 6710 7280
510 1985 1590 435 1195 1565 6710 7280
510 1985 1590 435 1195 1565 6710 7280
510 1985 1590 435 1195 1565 6710 7280
510 1985 1590 435 1195 1565 6710 7280
510 1985 1590 435 1195 1565 6710 7280
510 1985 1590 435 1195 1565 6710 7280
510 1985 1590 435 1195 1565 6710 7280
510 1985 1590 435 1195 1565 6710 7280
510 1985 1590 435 1195 1565 6705 7280
510 1985 1590 435 1195 1565 6705 7280
510 1985 1590 435 1195 1565 6705 7280
510 1985 1590 435 1195 1565 6705 7280
510 1985 1590 435 1195 1565 6705 7280
510 1985 1590 435 1195 1565 6705 7280
510 1985 1590 435 1195 1565 6705 7280
510 1985 1590 435 1195 1565 6705 7280
510 1985 1590 435 1195 1565 6705 7280
510 1985 1590 435 1195 1565 6705 7280
510 1985 1590 435 1195 1565 6705 7280
510 1985 1590 435 1195 1565 6705 7280
510 1985 1590 435 1195 1565 6705 7280
510 1985 1590 435 1195 1565 6705 7280
510 1985 1590 435 1195 1565 6705 7280
510 1985 1590 435 1195 1565 6705 7280
510 1985 1590 435 1195 1565 6705 7280
510 1985 1590 435 1195 1565 6705 7280
510 1985 1590 435 1195 1565 6705 7280
510 1985 1590 435 1195 1565 6705 7280
510 1985 1590 435 1195 1565 6705 7280
510 1985 1590 435 1195 1565 6705 7280
510 1980 1590 435 1195 1565 6705 7275
510 1980 1590 435 1195 1565 6705 7275
510 1980 1590 435 1195 1565 6705 7275
510 1980 1590 435 1195 1565 6705 7275
510 1980 1590 435 1195 1565 6705 7275
510 1980 1590 435 1195 1565 6705 7275
510 1980 1590 435 1195 1565 6705 7275
510 1980 1590 435 1195 1565 6705 7275
510 1980 1590 435 1195 1565 6705 7275
510 1980 1590 435 1195 1565 6705 7275
515 1980 1590 435 1195 1565 6705 7280
515 1980 1590 435 1195 1565 6705 7280
515 1980 1590 435 1195 1565 6705 7280
515 1980 1590 435 1195 1565 6705 7280
515 1980 1590 435 1190 1565 6705 7275
515 1980 1590 435 1190 1565 6705 7275
515 1980 1590 435 1190 1565 6705 7275
515 1980 1590 435 1190 1565 6705 7275
515 1980 1590 435 1190 1565 6705 7275
515 1980 1590 435 1190 1565 6705 7275
515 1980 1590 435 1190 1565 6705 7275
515 1980 1590 435 1190 1565 6705 7275
515 1980 1590 435 1190 1565 6705 7275
515 1980 1590 435 1190 1565 6705 7275
515 1980 1590 435 1190 1565 6705 7275
515 1980 1590 435 1190 1565 6705 7275
515 1980 1590 435 1190 1565 6705 7275
515 1980 1590 435 1190 1565 6705 7275
515 1980 1590 435 1190 1565 6700 7275
515 1980 1590 435 1190 1565 6700 7275
515 1980 1590 435 1190 1565 6700 7275
515 1980 1590 435 1190 1565 6700 7275
515 1980 1590 435 1190 1565 6700 7275
515 1980 1590 435 1190 1565 6700 7275
515 1980 1590 430 1190 1565 6700 7270
515 1980 1590 430 1190 1565 6700 7270
515 1980 1590 430 1190 1565 6700 7270
515 1980 1590 430 1190 1565 6700 7270
515 1980 1590 430 1190 1565 6700 7270
515 1980 1590 430 1190 1565 6700 7270
515 1980 1590 430 1190 1565 6700 7270
515 1980 1590 430 1190 1565 6700 7270
515 1980 1590 430 1190 1565 6700 7270
515 1980 1590 430 1190 1565 6700 7270
515 1980 1590 430 1190 1565 6700 7270
515 1980 1590 430 1185 1565 6700 7265
515 1980 1590 430 1185 1565 6700 7265
515 1980 1590 430 1185 1565 6700 7265
515 1980 1590 430 1185 1565 6700 7265
515 1980 1590 430 1185 1565 6700 7265
515 1980 1590 430 1185 1565 6700 7265
515 1980 1590 430 1185 1565 6700 7265
515 1980 1590 430 1185 1565 6700 7265
515 1980 1590 430 1185 1565 6700 7265
515 1980 1590 430 1185 1565 6700 7265
515 1980 1590 430 1185 1565 6700 7265
515 1980 1590 430 1185 1565 6700 7265
515 1980 1590 430 1185 1565 6700 7265
515 1980 1590 430 1185 1565 6700 7265
515 1980 1590 430 1185 1565 6700 7265
515 1980 1590 430 1185 1565 6700 7265
515 1980 1590 430 1185 1565 6700 7265
515 1980 1590 430 1185 1565 6700 7265
515 1980 1590 430 1185 1565 6700 7265
515 1980 1590 430 1185 1565 6700 7265
515 1980 1590 430 1185 1565 6700 7265
515 1980 1590 430 1185 1565 6700 7265
515 1980 1590 430 1185 1565 6700 7265
515 1980 1590 430 1185 1565 6700 7265
515 1980 1590 430 1185 1565 6700 7265
515 1980 1590 430 1185 1565 6700 7265
515 1980 1590 430 1185 1565 6700 7265
515 1980 1590 430 1185 1565 6700 7265
515 1980 1590 430 1185 1565 6700 7265
515 1980 1590 430 1185 1565 6700 7265
515 1980 1590 430 1185 1565 6700 7265
515 1980 1590 430 1185 1565 6700 7265
515 1980 1590 430 1185 1565 6700 7265
515 1980 1590 430 1185 1565 6700 7265
515 1980 1590 430 1185 1565 6700 7265
515 1980 1590 430 1185 1565 6700 7265
515 1980 1590 430 1185 1565 6700 7265
515 1980 1590 430 1185 1565 6700 7265
515 1980 1590 430 1185 1565 6700 7265
515 1980 1590 430 1185 1565 6700 7265
515 1980 1590 430 1185 1565 6700 7265
515 1980 1590 430 1185 1565 6700 7265
515 1980 1590 430 1185 1565 6700 7265
515 1980 1590 430 1185 1565 6700 7265
515 1980 1590 430 1185 1565 6700 7265
515 1980 1590 430 1185 1565 6700 7265
515 1980 1590 430 1185 1565 6700 7265
515 1980 1590 430 1185 1565 6700 7265
515 1980 1590 430 1185 1565 6700 7265
515 1980 1590 430 1185 1565 6700 7265
515 1980 1590 430 1185 1565 6700 7265
515 1980 1590 430 1185 1565 6700 7265
515 1980 1590 430 1185 1565 6700 7265
515 1980 1590 430 1185 1565 6705 7265
515 1980 1590 430 1185 1565 6705 7265
515 1980 1590 430 1185 1565 6705 7265
515 1980 1590 430 1185 1565 6705 7265
515 1980 1590 430 1185 1565 6705 7265
515 1980 1590 430 1185 1565 6705 7265
515 1980 1590 430 1185 1565 6705 7265
515 1980 1590 430 1185 1565 6705 7265
515 1980 1590 430 1185 1565 6710 7265
515 1980 1590 430 1185 1565 6710 7265
515 1980 1590 430 1185 1565 6710 7265
515 1980 1590 430 1185 1565 6710 7265
515 1980 1590 430 1185 1565 6710 7265
515 1980 1590 430 1185 1565 6710 7265
515 1980 1590 430 1185 1565 6710 7265
515 1980 1590 430 1185 1565 6710 7265
515 1980 1590 430 1185 1565 6710 7265
515 1980 1590 430 1185 1565 6710 7265
515 1980 1590 430 1185 1565 6710 7265
515 1980 1590 430 1185 1565 6710 7265
515 1980 1590 430 1185 1565 6710 7265
515 1980 1590 430 1185 1565 6710 7265
515 1980 1590 430 1185 1565 6710 7265
515 1980 1590 430 1185 1565 6710 7265
515 1980 1590 430 1185 1565 6710 7265
515 1980 1590 430 1185 1565 6710 7265
515 1980 1590 430 1185 1565 6710 7265
515 1980 1590 430 1185 1565 6710 7265
515 1980 1590 430 1185 1565 6710 7265
515 1980 1590 430 1185 1565 6710 7265
515 1980 1590 430 1185 1555 6705 7255
515 1980 1590 430 1185 1555 6705 7255
515 1980 1590 430 1185 1555 6705 7255
515 1980 1590 430 1185 1555 6705 7255
515 1980 1590 430 1185 1555 6705 7255
515 1980 1590 430 1185 1555 6705 7255
515 1980 1590 430 1185 1555 6705 7255
515 1980 1590 430 1185 1555 6705 7255
515 1980 1590 430 1185 1555 6705 7255
515 1980 1590 430 1185 1555 6705 7255
515 1980 1590 430 1185 1555 6705 7255
515 1980 1590 430 1185 1555 6710 7255
515 1980 1590 430 1185 1555 6710 7255
515 1980 1590 430 1185 1555 6710 7255
515 1980 1590 430 1185 1555 6710 7255
515 1980 1590 430 1185 1555 6710 7255
515 1980 1590 430 1185 1555 6710 7255
515 1980 1590 430 1185 1555 6710 7255
515 1980 1590 430 1185 1555 6710 7255
515 1980 1590 430 1185 1555 6710 7255
515 1980 1590 430 1185 1555 6710 7255
515 1980 1590 430 1185 1555 6710 7255
515 1980 1590 430 1185 1555 6710 7255
515 1980 1590 430 1185 1555 6710 7255
515 1980 1590 430 1185 1555 6710 7255
515 1980 1590 430 1185 1555 6710 7255
515 1980 1590 430 1185 1555 6710 7255
515 1980 1590 430 1185 1555 6710 7255
515 1980 1590 430 1185 1555 6710 7255
515 1980 1590 430 1185 1555 6710 7255
515 1980 1590 430 1185 1555 6710 7255
515 1980 1590 430 1185 1555 6710 7255
515 1980 1590 430 1185 1555 6710 7255
515 1980 1590 430 1185 1555 6710 7255
525 1980 1590 430 1185 1555 6710 7265
525 1980 1590 430 1185 1555 6710 7265
525 1980 1590 430 1185 1555 6710 7265
525 1980 1590 430 1185 1555 6710 7265
525 1980 1590 430 1185 1555 6710 7265
525 1980 1590 430 1185 1555 6710 7265
525 1980 1590 430 1185 1555 6710 7265
525 1980 1590 430 1185 1555 6710 7265
525 1980 1590 430 1185 1555 6710 7265
525 1980 1590 435 1185 1555 6710 7270
525 1980 1590 435 1185 1555 6710 7270
525 1980 1590 435 1185 1555 6710 7270
525 1980 1590 435 1185 1555 6710 7270
525 1980 1590 435 1185 1555 6710 7270
525 1980 1590 435 1185 1555 6710 7270
525 1980 1590 435 1185 1555 6710 7270
525 1980 1590 435 1185 1555 6710 7270
525 1980 1590 435 1185 1555 6710 7270
525 1980 1590 435 1185 1555 6710 7270
525 1980 1590 435 1185 1555 6710 7270
520 1980 1590 435 1180 1555 6710 7260
520 1980 1590 435 1180 1555 6710 7260
520 1980 1590 435 1180 1555 6710 7260
520 1980 1590 435 1180 1555 6710 7260
520 1980 1590 435 1180 1555 6710 7260
520 1980 1590 435 1180 1555 6710 7260
520 1980 1590 435 1180 1555 6710 7260
520 1980 1590 435 1180 1555 6705 7260
520 1980 1590 435 1180 1555 6705 7260
520 1980 1590 435 1180 1555 6705 7260
520 1980 1590 435 1180 1555 6705 7260
520 1980 1590 435 1180 1555 6705 7260
520 1980 1590 435 1180 1555 6705 7260
520 1980 1590 435 1180 1555 6705 7260
520 1980 1590 435 1180 1555 6705 7260
520 1980 1590 435 1180 1555 6705 7260
520 1980 1590 435 1180 1555 6705 7260
520 1980 1590 435 1180 1555 6705 7260
520 1980 1590 435 1180 1555 6705 7260
520 1980 1590 435 1180 1555 6705 7260
520 1980 1590 435 1180 1555 6705 7260
520 1980 1590 435 1180 1555 6705 7260
520 1980 1590 435 1180 1555 6705 7260
520 1980 1590 435 1180 1555 6705 7260
520 1980 1590 435 1180 1555 6705 7260
520 1980 1590 435 1180 1555 6705 7260
520 1980 1590 435 1180 1555 6705 7260
520 1980 1590 435 1180 1555 6705 7260
520 1980 1590 435 1180 1555 6705 7260
520 1980 1590 435 1180 1555 6705 7260
520 1980 1590 435 1180 1555 6705 7260
520 1980 1590 435 1180 1555 6705 7260
520 1980 1590 435 1180 1555 6705 7260
520 1980 1590 435 1180 1555 6705 7260
520 1980 1590 435 1180 1555 6700 7260
520 1980 1590 435 1180 1555 6700 7260
520 1980 1590 435 1180 1555 6700 7260
520 1980 1590 435 1180 1555 6700 7260
520 1980 1590 435 1180 1555 6700 7260
520 1980 1590 435 1180 1555 6700 7260
520 1980 1590 435 1180 1555 6700 7260
520 1980 1590 435 1180 1555 6700 7260
520 1980 1590 435 1180 1555 6700 7260
520 1980 1590 435 1180 1555 6700 7260
520 1980 1590 435 1180 1555 6700 7260
520 1980 1590 435 1180 1555 6700 7260
520 1980 1590 435 1180 1555 6700 7260
520 1980 1590 435 1180 1555 6700 7260
520 1980 1590 435 1180 1555 6700 7260
520 1980 1590 435 1180 1555 6700 7260
520 1980 1590 435 1180 1555 6700 7260
520 1980 1590 435 1180 1555 6700 7260
520 1980 1590 435 1180 1555 6700 7260
520 1980 1590 435 1180 1555 6700 7260
520 1980 1590 435 1180 1555 6700 7260
520 1980 1590 435 1180 1555 6700 7260
520 1980 1590 435 1180 1555 6700 7260
520 1980 1590 435 1180 1555 6700 7260
520 1980 1590 435 1180 1555 6700 7260
520 1980 1590 435 1180 1555 6700 7260
520 1980 1590 435 1180 1555 6700 7260
520 1980 1590 435 1180 1555 6700 7260
520 1980 1590 435 1180 1555 6700 7260
520 1980 1590 435 1180 1555 6700 7260
520 1980 1590 435 1180 1555 6700 7260
520 1980 1590 435 1180 1555 6700 7260
520 1980 1590 435 1180 1555 6700 7260
520 1980 1590 435 1180 1555 6700 7260
520 1980 1590 435 1180 1555 6700 7260
520 1980 1590 435 1180 1555 6700 7260
520 1980 1590 435 1180 1555 6700 7260
520 1980 1590 435 1180 1555 6700 7260
520 1980 1590 435 1180 1555 6700 7260
520 1980 1590 435 1180 1555 6700 7260
520 1980 1590 435 1180 1555 6700 7260
520 1980 1590 435 1180 1555 6700 7260
520 1980 1590 435 1180 1555 6700 7260
520 1980 1590 435 1180 1555 6700 7260
515 1980 1590 435 1180 1555 6700 7255
515 1980 1590 435 1180 1555 6700 7255
515 1980 1590 435 1180 1555 6700 7255
515 1980 1590 435 1180 1555 6700 7255
515 1980 1590 435 1180 1555 6700 7255
515 1980 1590 435 1180 1555 6700 7255
515 1980 1590 435 1180 1555 6700 7255
515 1980 1590 435 1180 1555 6700 7255
515 1980 1590 435 1180 1555 6700 7255
515 1980 1590 435 1180 1555 6700 7255
515 1980 1590 435 1180 1555 6700 7255
515 1980 1590 435 1180 1555 6700 7255
515 1980 1590 435 1180 1555 6700 7255
515 1980 1590 435 1180 1555 6700 7255
515 1980 1590 435 1180 1555 6700 7255
515 1980 1590 435 1180 1555 6700 7255
515 1980 1590 435 1180 1555 6700 7255
515 1980 1590 435 1180 1555 6700 7255
515 1980 1590 435 1180 1555 6700 7255
515 1980 1590 435 1180 1555 6700 7255
515 1980 1590 435 1180 1555 6700 7255
515 1980 1590 435 1180 1555 6700 7255
515 1980 1590 435 1180 1555 6700 7255
515 1980 1590 435 1180 1555 6700 7255
515 1980 1590 435 1180 1555 6700 7255
515 1980 1590 435 1180 1555 6700 7255
515 1980 1590 435 1180 1555 6700 7255
515 1980 1590 435 1180 1555 6700 7255
515 1980 1590 435 1180 1550 6700 7250
515 1980 1590 435 1180 1550 6695 7250
515 1980 1590 435 1180 1550 6695 7250
515 1980 1590 435 1180 1550 6695 7250
515 1980 1590 435 1180 1550 6695 7250
515 1980 1590 435 1180 1550 6695 7250
515 1980 1590 435 1180 1550 6695 7250
515 1980 1590 435 1180 1550 6695 7250
515 1980 1590 435 1180 1550 6695 7250
515 1980 1590 435 1180 1550 6695 7250
515 1980 1590 435 1180 1550 6695 7250
515 1980 1590 435 1180 1550 6695 7250
515 1980 1590 435 1180 1550 6690 7250
515 1980 1590 435 1180 1550 6690 7250
515 1980 1590 435 1180 1550 6690 7250
515 1980 1590 435 1180 1550 6690 7250
515 1980 1590 435 1180 1550 6690 7250
515 1980 1590 435 1180 1550 6690 7250
515 1980 1590 435 1180 1550 6690 7250
515 1980 1580 435 1180 1550 6690 7240
515 1980 1580 435 1180 1550 6690 7240
515 1980 1580 435 1180 1550 6690 7240
515 1980 1580 435 1180 1550 6690 7240
515 1980 1580 435 1180 1550 6690 7240
515 1980 1580 435 1180 1550 6690 7240
515 1980 1580 435 1180 1550 6690 7240
515 1980 1580 435 1180 1550 6690 7240
515 1980 1580 435 1180 1550 6690 7240
515 1980 1580 435 1180 1550 6690 7240
515 1980 1580 435 1180 1550 6690 7240
515 1980 1580 435 1180 1550 6690 7240
520 1980 1580 435 1180 1550 6690 7245
520 1980 1580 435 1180 1550 6690 7245
520 1980 1580 435 1180 1550 6690 7245
520 1980 1580 435 1180 1550 6690 7245
520 1980 1580 435 1180 1540 6690 7235
520 1980 1580 435 1180 1540 6680 7235
520 1980 1580 435 1180 1540 6680 7235
520 1980 1580 435 1180 1540 6680 7235
520 1980 1580 435 1180 1540 6680 7235
520 1980 1580 435 1180 1540 6680 7235
520 1980 1580 435 1180 1540 6680 7235
520 1980 1580 435 1180 1540 6680 7235
520 1980 1580 435 1180 1540 6680 7235
520 1980 1580 435 1180 1540 6680 7235
520 1980 1580 435 1180 1540 6680 7235
520 1980 1580 435 1180 1540 6680 7235
520 1980 1580 435 1180 1540 6680 7235
520 1980 1580 435 1180 1540 6680 7235
520 1980 1580 435 1180 1540 6680 7235
520 1980 1580 435 1180 1540 6680 7235
520 1980 1580 435 1180 1540 6680 7235
520 1980 1580 435 1180 1540 6680 7235
520 1980 1580 435 1180 1540 6680 7235
520 1980 1580 435 1180 1540 6680 7235
520 1980 1580 435 1180 1540 6680 7235
520 1980 1580 435 1180 1540 6680 7235
520 1980 1580 435 1180 1540 6680 7235
520 1980 1580 435 1180 1540 6680 7235
520 1980 1580 435 1180 1540 6680 7235
520 1980 1580 435 1180 1540 6680 7235
520 1980 1580 435 1180 1540 6680 7235
520 1980 1580 435 1180 1540 6680 7235
520 1980 1580 435 1180 1540 6680 7235
520 1980 1580 435 1180 1540 6680 7235
520 1980 1580 435 1180 1540 6680 7235
520 1980 1580 435 1180 1540 6680 7235
520 1980 1580 435 1180 1540 6680 7235
520 1980 1580 435 1180 1540 6680 7235
520 1980 1580 435 1180 1540 6680 7235
520 1980 1580 435 1180 1540 6680 7235
520 1980 1580 435 1180 1540 6680 7235
520 1980 1580 435 1180 1540 6680 7235
520 1980 1580 435 1180 1540 6680 7235
520 1980 1580 435 1180 1540 6680 7235
520 1980 1580 435 1180 1540 6680 7235
520 1980 1580 435 1180 1540 6680 7235
520 1980 1580 435 1180 1540 6680 7235
520 1980 1580 435 1180 1540 6680 7235
520 1980 1580 435 1180 1540 6680 7235
520 1980 1580 435 1180 1540 6680 7235
520 1980 1580 435 1180 1540 6680 7235
520 1980 1580 435 1180 1540 6680 7235
520 1980 1580 435 1180 1540 6680 7235
520 1980 1580 435 1180 1540 6680 7235
520 1980 1580 435 1180 1540 6680 7235
520 1980 1580 435 1180 1540 6680 7235
520 1980 1580 435 1180 1540 6680 7235
520 1980 1580 435 1180 1540 6680 7235
520 1980 1580 435 1180 1540 6680 7235
520 1980 1580 435 1180 1540 6680 7235
520 1980 1580 435 1180 1540 6680 7235
520 1980 1580 435 1180 1540 6680 7235
520 1980 1580 435 1180 1540 6680 7235
520 1980 1580 435 1180 1540 6680 7235
520 1980 1580 435 1180 1540 6680 7235
520 1980 1580 435 1180 1540 6680 7235
520 1980 1580 435 1180 1540 6680 7235
520 1980 1580 435 1180 1540 6680 7235
520 1980 1580 435 1180 1540 6680 7235
520 1980 1580 435 1180 1540 6680 7235
520 1980 1580 435 1180 1540 6680 7235
520 1980 1580 435 1180 1540 6680 7235
520 1980 1580 435 1180 1540 6680 7235
520 1980 1580 435 1180 1540 6680 7235
520 1980 1580 435 1180 1540 6675 7235
520 1980 1580 435 1180 1540 6675 7235
520 1980 1580 435 1180 1540 6675 7235
520 1980 1580 435 1180 1540 6675 7235
520 1980 1580 435 1180 1540 6675 7235
520 1980 1580 435 1180 1540 6675 7235
520 1980 1580 435 1180 1540 6675 7235
520 1980 1580 435 1180 1540 6675 7235
520 1980 1580 435 1180 1540 6675 7235
520 1980 1580 435 1180 1540 6675 7235
525 1980 1585 435 1180 1540 6675 7245
525 1980 1585 435 1180 1540 6675 7245
525 1980 1585 435 1180 1540 6675 7245
525 1980 1585 435 1180 1540 6675 7245
525 1980 1585 435 1180 1540 6675 7245
525 1980 1585 435 1180 1540 6675 7245
525 1980 1585 435 1180 1540 6675 7245
525 1980 1585 435 1180 1540 6675 7245
525 1980 1580 435 1180 1540 6675 7240
525 1980 1580 435 1180 1540 6675 7240
525 1980 1580 435 1180 1540 6675 7240
525 1980 1580 435 1180 1540 6675 7240
525 1980 1580 435 1180 1540 6675 7240
525 1980 1580 435 1180 1540 6675 7240
525 1980 1580 435 1180 1540 6675 7240
525 1980 1580 435 1180 1540 6675 7240
525 1980 1580 435 1180 1540 6675 7240
525 1980 1580 440 1180 1540 6675 7245
525 1980 1580 440 1180 1540 6675 7245
525 1980 1580 440 1180 1540 6675 7245
525 1980 1580 440 1180 1540 6675 7245
525 1980 1580 440 1180 1540 6675 7245
525 1980 1580 440 1180 1540 6680 7245
525 1980 1580 440 1180 1540 6680 7245
525 1980 1580 440 1180 1540 6680 7245
525 1980 1580 440 1180 1540 6680 7245
525 1980 1580 440 1180 1540 6680 7245
525 1980 1580 440 1180 1540 6680 7245
525 1980 1580 440 1180 1540 6680 7245
525 1980 1580 440 1180 1540 6680 7245
525 1980 1580 440 1180 1540 6680 7245
525 1980 1580 440 1180 1540 6680 7245
525 1980 1580 440 1180 1540 6680 7245
525 1980 1580 440 1180 1540 6680 7245
525 1980 1580 440 1180 1540 6680 7245
525 1980 1580 440 1180 1540 6680 7245
525 1980 1580 440 1180 1540 6680 7245
525 1980 1580 440 1180 1540 6680 7245
525 1980 1580 440 1180 1540 6680 7245
525 1980 1580 440 1180 1540 6680 7245
525 1980 1580 440 1180 1540 6680 7245
525 1980 1580 440 1180 1540 6680 7245
525 1980 1580 440 1180 1540 6680 7245
525 1980 1580 440 1180 1540 6680 7245
525 1980 1580 440 1180 1540 6680 7245
525 1980 1580 440 1180 1540 6680 7245
525 1980 1580 440 1180 1540 6680 7245
525 1980 1580 440 1180 1540 6680 7245
525 1980 1580 440 1180 1540 6680 7245
525 1980 1580 440 1180 1540 6680 7245
525 1980 1580 440 1180 1540 6680 7245
525 1980 1580 440 1180 1540 6680 7245
525 1980 1580 440 1180 1540 6680 7245
525 1980 1575 440 1180 1540 6680 7240
525 1980 1575 440 1180 1540 6680 7240
525 1980 1575 440 1180 1540 6680 7240
525 1980 1575 440 1180 1540 6680 7240
525 1980 1575 440 1180 1540 6680 7240
525 1980 1575 440 1180 1540 6680 7240
525 1980 1575 440 1180 1540 6680 7240
525 1980 1575 440 1180 1540 6680 7240
525 1980 1575 440 1180 1540 6680 7240
525 1980 1575 440 1180 1540 6680 7240
525 1980 1575 440 1180 1540 6675 7240
525 1980 1575 440 1180 1540 6675 7240
525 1980 1575 435 1180 1540 6675 7235
525 1980 1575 435 1180 1540 6675 7235
525 1980 1575 435 1180 1540 6675 7235
525 1980 1575 435 1180 1540 6675 7235
525 1980 1575 435 1180 1540 6675 7235
525 1980 1575 435 1180 1540 6675 7235
525 1980 1575 435 1180 1540 6675 7235
525 1980 1575 435 1180 1540 6675 7235
525 1980 1575 435 1180 1540 6675 7235
525 1980 1575 435 1180 1540 6675 7235
525 1980 1575 435 1180 1540 6675 7235
525 1980 1575 435 1180 1540 6675 7235
525 1980 1575 435 1180 1540 6675 7235
525 1980 1575 435 1180 1540 6675 7235
525 1980 1575 435 1180 1540 6675 7235
525 1980 1575 435 1180 1540 6675 7235
525 1980 1575 435 1180 1540 6675 7235
525 1980 1575 435 1180 1540 6675 7235
525 1980 1575 435 1180 1540 6675 7235
525 1980 1575 435 1180 1540 6675 7235
530 1980 1575 435 1180 1540 6675 7240
530 1980 1575 435 1180 1540 6675 7240
530 1980 1575 435 1180 1540 6675 7240
530 1980 1575 435 1180 1540 6675 7240
530 1980 1575 435 1180 1540 6680 7240
530 1980 1575 435 1180 1540 6680 7240
530 1980 1575 435 1180 1540 6680 7240
530 1980 1575 435 1180 1540 6680 7240
530 1980 1575 435 1180 1540 6680 7240
530 1980 1575 435 1180 1540 6680 7240
530 1980 1575 435 1180 1540 6680 7240
530 1980 1575 435 1180 1540 6680 7240
530 1980 1575 435 1180 1540 6680 7240
530 1980 1575 435 1180 1540 6680 7240
530 1980 1575 435 1180 1540 6680 7240
530 1980 1575 435 1180 1540 6680 7240
530 1980 1575 435 1180 1540 6680 7240
530 1980 1575 435 1180 1540 6680 7240
530 1980 1575 435 1180 1540 6680 7240
530 1980 1575 435 1180 1540 6680 7240
530 1980 1575 435 1180 1540 6680 7240
530 1980 1575 435 1180 1540 6680 7240
530 1980 1575 435 1180 1540 6680 7240
530 1980 1575 435 1180 1540 6680 7240
530 1980 1575 435 1180 1540 6680 7240
530 1980 1575 435 1180 1540 6680 7240
530 1980 1575 435 1180 1540 6680 7240
530 1980 1575 435 1180 1540 6680 7240
530 1980 1575 435 1180 1540 6680 7240
530 1980 1575 435 1180 1540 6680 7240
530 1980 1570 440 1180 1540 6680 7240
530 1980 1570 440 1180 1540 6680 7240
530 1980 1570 440 1180 1540 6675 7240
530 1980 1570 440 1180 1540 6675 7240
530 1980 1570 440 1180 1540 6675 7240
530 1980 1570 440 1180 1540 6675 7240
530 1980 1570 440 1180 1540 6675 7240
530 1980 1570 440 1180 1540 6670 7240
530 1980 1570 435 1180 1540 6670 7235
530 1980 1570 435 1180 1540 6670 7235
530 1980 1570 435 1180 1540 6670 7235
530 1980 1570 435 1180 1540 6670 7235
530 1980 1570 435 1180 1540 6670 7235
530 1980 1570 435 1180 1540 6670 7235
530 1980 1565 435 1180 1540 6670 7230
530 1980 1565 435 1180 1540 6670 7230
530 1980 1565 435 1180 1540 6670 7230
530 1980 1565 435 1180 1540 6670 7230
530 1980 1565 435 1180 1540 6670 7230
530 1980 1565 435 1180 1540 6670 7230
530 1980 1565 435 1180 1540 6670 7230
530 1980 1565 435 1180 1540 6665 7230
530 1980 1565 435 1180 1540 6665 7230
530 1980 1565 435 1180 1540 6665 7230
530 1980 1565 435 1180 1540 6665 7230
530 1980 1565 435 1180 1540 6665 7230
530 1980 1565 435 1180 1540 6665 7230
530 1980 1565 435 1180 1540 6665 7230
530 1980 1565 435 1180 1540 6665 7230
530 1980 1565 435 1180 1540 6665 7230
530 1980 1565 435 1180 1540 6665 7230
530 1980 1565 435 1180 1540 6665 7230
530 1980 1565 435 1180 1540 6660 7230
530 1980 1565 435 1180 1540 6660 7230
530 1980 1565 435 1180 1540 6660 7230
530 1980 1565 435 1180 1540 6660 7230
530 1980 1565 435 1180 1540 6660 7230
530 1980 1565 435 1180 1540 6660 7230
530 1980 1565 435 1180 1540 6660 7230
530 1980 1565 435 1180 1540 6660 7230
530 1980 1565 435 1180 1540 6660 7230
530 1980 1565 435 1180 1540 6660 7230
530 1980 1565 435 1180 1540 6660 7230
530 1980 1565 435 1180 1540 6660 7230
530 1980 1565 435 1180 1540 6660 7230
530 1980 1565 435 1180 1540 6660 7230
530 1980 1565 435 1180 1540 6660 7230
530 1980 1565 435 1180 1540 6660 7230
530 1980 1565 435 1180 1540 6660 7230
530 1980 1565 435 1180 1540 6660 7230
530 1980 1565 435 1180 1540 6660 7230
530 1980 1565 435 1180 1540 6660 7230
530 1980 1565 435 1180 1540 6660 7230
530 1980 1565 435 1180 1540 6660 7230
530 1980 1565 435 1180 1540 6660 7230
530 1980 1565 435 1180 1540 6660 7230
530 1980 1565 435 1180 1540 6660 7230
530 1980 1565 435 1180 1540 6660 7230
530 1980 1565 435 1180 1540 6660 7230
530 1980 1565 435 1180 1540 6660 7230
530 1980 1555 435 1180 1540 6660 7220
530 1980 1555 435 1180 1540 6650 7220
530 1980 1555 435 1180 1540 6650 7220
530 1980 1555 435 1180 1540 6650 7220
530 1980 1555 435 1180 1540 6650 7220
530 1980 1555 435 1180 1540 6650 7220
530 1980 1555 435 1180 1540 6650 7220
530 1980 1555 435 1180 1540 6650 7220
530 1980 1555 435 1180 1540 6650 7220
530 1980 1555 435 1175 1540 6650 7215
530 1980 1555 435 1175 1540 6650 7215
530 1980 1555 435 1175 1540 6650 7215
530 1980 1555 435 1175 1540 6650 7215
530 1980 1555 435 1175 1540 6650 7215
530 1980 1555 435 1175 1540 6650 7215
530 1980 1555 435 1175 1540 6650 7215
530 1980 1555 435 1175 1540 6650 7215
530 1980 1555 435 1175 1540 6650 7215
530 1980 1555 435 1175 1540 6650 7215
530 1980 1555 435 1175 1540 6650 7215
530 1980 1555 435 1175 1540 6650 7215
530 1980 1555 435 1175 1540 6650 7215
530 1980 1555 435 1175 1540 6650 7215
530 1980 1555 435 1175 1540 6650 7215
530 1980 1555 435 1175 1540 6650 7215
530 1980 1555 435 1175 1540 6650 7215
535 1980 1560 435 1175 1540 6650 7225
535 1980 1560 435 1175 1540 6650 7225
535 1980 1560 435 1175 1540 6650 7225
535 1980 1560 435 1175 1540 6650 7225
535 1980 1560 435 1175 1540 6650 7225
535 1980 1560 435 1175 1540 6650 7225
535 1980 1560 435 1175 1540 6650 7225
535 1980 1560 435 1175 1540 6650 7225
535 1980 1560 435 1175 1540 6650 7225
535 1980 1560 435 1175 1540 6650 7225
535 1980 1560 435 1175 1540 6650 7225
535 1980 1560 435 1175 1540 6650 7225
535 1980 1560 435 1175 1540 6650 7225
535 1980 1560 435 1175 1540 6650 7225
535 1980 1560 435 1175 1540 6650 7225
535 1980 1560 435 1175 1540 6650 7225
535 1980 1560 435 1175 1540 6650 7225
535 1980 1560 435 1175 1540 6650 7225
535 1980 1560 435 1175 1540 6650 7225
535 1980 1560 435 1175 1540 6650 7225
535 1980 1560 435 1175 1540 6650 7225
535 1980 1560 435 1175 1540 6650 7225
535 1980 1560 435 1175 1540 6645 7225
535 1980 1560 435 1175 1540 6645 7225
535 1980 1560 435 1175 1540 6645 7225
535 1980 1560 435 1175 1540 6645 7225
535 1980 1560 435 1175 1540 6645 7225
535 1980 1560 435 1175 1540 6645 7225
535 1980 1560 435 1175 1540 6645 7225
535 1980 1560 435 1175 1540 6645 7225
535 1980 1560 435 1175 1540 6645 7225
535 1980 1560 435 1175 1540 6645 7225
535 1980 1560 435 1175 1540 6645 7225
535 1980 1560 435 1175 1540 6645 7225
535 1980 1560 435 1175 1540 6645 7225
535 1980 1560 435 1175 1540 6645 7225
535 1980 1560 435 1175 1540 6645 7225
535 1980 1560 435 1175 1540 6645 7225
535 1980 1560 435 1175 1540 6645 7225
535 1980 1560 435 1175 1540 6645 7225
535 1980 1560 435 1175 1540 6645 7225
535 1980 1560 435 1175 1540 6645 7225
535 1980 1560 435 1175 1540 6645 7225
535 1980 1560 435 1175 1540 6645 7225
535 1980 1560 430 1175 1540 6645 7220
535 1980 1560 430 1170 1540 6645 7215
535 1980 1560 430 1170 1540 6645 7215
535 1980 1560 430 1170 1540 6645 7215
535 1980 1560 430 1170 1540 6645 7215
535 1980 1560 430 1170 1540 6645 7215
535 1980 1560 430 1170 1540 6650 7215
535 1980 1560 430 1170 1540 6650 7215
535 1980 1560 430 1170 1540 6650 7215
535 1980 1560 430 1170 1540 6650 7215
535 1980 1560 430 1170 1540 6650 7215
540 1980 1560 430 1170 1540 6650 7220
540 1980 1560 430 1170 1540 6650 7220
540 1980 1560 430 1170 1540 6650 7220
540 1980 1560 430 1170 1540 6650 7220
540 1980 1560 430 1170 1540 6650 7220
540 1980 1560 430 1170 1540 6650 7220
540 1980 1560 430 1170 1540 6650 7220
540 1980 1560 430 1170 1540 6650 7220
540 1980 1560 430 1170 1540 6650 7220
540 1980 1560 430 1170 1540 6650 7220
540 1980 1560 430 1170 1540 6650 7220
540 1980 1560 430 1170 1540 6650 7220
540 1980 1560 430 1170 1540 6650 7220
540 1980 1560 430 1170 1540 6650 7220
540 1980 1560 430 1170 1540 6650 7220
540 1980 1560 430 1170 1540 6650 7220
540 1980 1560 430 1170 1540 6650 7220
540 1980 1560 430 1170 1540 6650 7220
540 1980 1560 430 1170 1540 6650 7220
540 1980 1560 430 1170 1540 6650 7220
540 1980 1560 430 1170 1540 6650 7220
540 1980 1560 430 1170 1540 6650 7220
540 1980 1560 430 1170 1540 6650 7220
540 1980 1560 430 1170 1540 6650 7220
540 1980 1560 430 1170 1540 6650 7220
535 1980 1560 430 1170 1540 6650 7215
535 1980 1560 430 1170 1540 6650 7215
535 1980 1560 430 1170 1540 6650 7215
535 1980 1560 430 1170 1540 6650 7215
535 1980 1560 430 1170 1540 6650 7215
535 1980 1560 430 1170 1540 6645 7215
535 1980 1560 430 1170 1540 6645 7215
535 1980 1560 430 1170 1540 6645 7215
535 1980 1560 430 1170 1540 6645 7215
535 1980 1560 430 1170 1540 6645 7215
535 1980 1560 430 1170 1540 6645 7215
535 1980 1560 430 1170 1540 6645 7215
535 1980 1560 430 1170 1540 6645 7215
535 1980 1560 430 1170 1540 6645 7215
535 1980 1560 430 1170 1540 6645 7215
535 1980 1560 430 1170 1540 6645 7215
535 1975 1560 430 1170 1540 6645 7210
535 1975 1560 430 1170 1540 6645 7210
535 1975 1560 430 1170 1540 6645 7210
535 1975 1560 430 1170 1540 6645 7210
535 1975 1560 430 1170 1540 6645 7210
535 1975 1560 430 1170 1540 6645 7210
535 1975 1560 430 1170 1540 6645 7210
535 1975 1560 430 1170 1540 6645 7210
535 1975 1560 430 1170 1540 6645 7210
535 1975 1560 430 1170 1540 6645 7210
535 1975 1560 430 1170 1540 6645 7210
535 1975 1560 430 1170 1540 6645 7210
535 1975 1560 430 1170 1540 6645 7210
535 1975 1560 430 1170 1540 6645 7210
535 1975 1560 430 1170 1540 6645 7210
535 1975 1560 430 1170 1540 6645 7210
535 1975 1560 430 1170 1540 6645 7210
535 1975 1560 430 1170 1540 6645 7210
535 1975 1560 430 1170 1540 6645 7210
535 1975 1560 430 1170 1540 6645 7210
535 1975 1560 430 1170 1540 6645 7210
535 1975 1560 430 1170 1540 6645 7210
535 1975 1560 430 1170 1540 6645 7210
535 1975 1560 430 1170 1540 6645 7210
535 1975 1560 430 1170 1540 6645 7210
535 1975 1560 430 1170 1540 6645 7210
535 1975 1560 430 1170 1540 6645 7210
535 1975 1560 430 1170 1540 6645 7210
535 1975 1560 430 1170 1540 6645 7210
535 1975 1560 430 1170 1540 6645 7210
535 1975 1560 430 1170 1540 6645 7210
535 1975 1560 430 1170 1540 6645 7210
535 1975 1560 430 1170 1540 6645 7210
535 1975 1560 430 1170 1540 6645 7210
535 1975 1560 430 1170 1540 6645 7210
535 1975 1560 430 1170 1540 6645 7210
535 1975 1560 430 1170 1540 6645 7210
535 1975 1560 430 1170 1540 6645 7210
535 1975 1560 430 1170 1540 6645 7210
535 1975 1560 430 1170 1540 6645 7210
535 1975 1560 430 1170 1540 6645 7210
535 1975 1560 430 1170 1540 6645 7210
535 1975 1560 430 1170 1540 6645 7210
535 1975 1560 430 1170 1540 6645 7210
535 1975 1560 430 1170 1540 6645 7210
535 1975 1560 430 1170 1540 6645 7210
535 1975 1560 430 1170 1540 6645 7210
535 1975 1560 430 1170 1540 6645 7210
535 1975 1560 430 1170 1540 6645 7210
535 1975 1560 430 1170 1540 6645 7210
535 1975 1560 430 1170 1540 6645 7210
535 1975 1560 430 1170 1540 6650 7210
535 1975 1560 430 1170 1540 6650 7210
535 1975 1560 430 1170 1540 6650 7210
535 1975 1560 430 1170 1540 6650 7210
535 1975 1560 430 1170 1540 6650 7210
535 1975 1560 430 1170 1540 6650 7210
535 1975 1560 430 1170 1540 6650 7210
535 1975 1560 430 1170 1540 6650 7210
535 1975 1560 430 1170 1540 6650 7210
535 1975 1560 430 1170 1540 6650 7210
535 1975 1560 430 1170 1540 6650 7210
535 1975 1560 430 1170 1540 6650 7210
535 1975 1560 430 1170 1540 6650 7210
535 1975 1560 430 1170 1540 6650 7210
535 1975 1560 430 1170 1540 6650 7210
535 1975 1560 430 1170 1540 6650 7210
535 1975 1560 430 1170 1540 6650 7210
535 1975 1560 430 1170 1540 6650 7210
535 1975 1560 430 1170 1540 6650 7210
535 1975 1560 430 1170 1540 6650 7210
535 1975 1560 430 1170 1540 6650 7210
535 1975 1560 430 1170 1540 6650 7210
535 1975 1560 430 1170 1540 6650 7210
535 1975 1560 430 1170 1540 6650 7210
535 1975 1560 430 1170 1540 6650 7210
535 1975 1560 430 1170 1540 6650 7210
535 1975 1560 430 1170 1540 6650 7210
535 1975 1560 430 1170 1540 6650 7210
535 1975 1560 430 1170 1540 6650 7210
535 1975 1560 430 1170 1540 6650 7210
535 1975 1560 430 1170 1540 6650 7210
535 1975 1560 430 1170 1540 6650 7210
535 1975 1560 430 1170 1540 6650 7210
535 1975 1560 430 1170 1540 6650 7210
535 1975 1560 430 1170 1540 6650 7210
535 1975 1560 430 1170 1540 6655 7210
535 1975 1560 430 1170 1540 6655 7210
535 1975 1560 430 1170 1540 6655 7210
535 1975 1560 430 1170 1540 6655 7210
535 1975 1560 430 1170 1540 6655 7210
535 1975 1560 430 1170 1540 6655 7210
535 1975 1560 430 1170 1540 6655 7210
535 1975 1560 430 1170 1540 6655 7210
535 1975 1560 430 1170 1540 6655 7210
535 1975 1560 430 1170 1540 6655 7210
535 1975 1560 430 1170 1540 6655 7210
535 1975 1560 430 1170 1540 6655 7210
535 1975 1560 430 1170 1540 6655 7210
535 1975 1560 430 1170 1540 6655 7210
535 1975 1560 430 1170 1540 6655 7210
535 1975 1560 430 1170 1540 6655 7210
535 1975 1560 430 1170 1540 6655 7210
535 1975 1560 430 1170 1540 6655 7210
535 1975 1560 430 1170 1540 6655 7210
535 1975 1560 430 1170 1540 6655 7210
535 1975 1560 430 1170 1540 6655 7210
535 1975 1560 430 1170 1540 6655 7210
535 1975 1560 430 1170 1540 6655 7210
535 1975 1560 430 1170 1540 6655 7210
535 1975 1560 430 1170 1540 6655 7210
535 1975 1560 430 1170 1540 6655 7210
535 1975 1560 430 1170 1540 6655 7210
535 1975 1560 430 1170 1540 6655 7210
535 1975 1560 430 1170 1540 6655 7210
535 1975 1560 430 1170 1540 6655 7210
535 1975 1560 430 1170 1540 6655 7210
535 1975 1560 430 1170 1540 6655 7210
535 1975 1560 430 1170 1540 6655 7210
535 1975 1560 430 1170 1540 6655 7210
535 1975 1560 430 1170 1540 6655 7210
535 1975 1560 430 1170 1540 6655 7210
540 1975 1560 430 1170 1540 6655 7215
540 1975 1560 430 1170 1540 6655 7215
540 1975 1560 430 1170 1540 6655 7215
