0.53506 0.534966 0.534681 0.534206 0.533538 0.532675 0.531613 0.530349 0.528878 0.52719 0.525259 0.52301 0.520229 0.516314 0.509644 0.496236 0.468043 0.419726 0.394629 0.544362 0.907291 0.983623 0.997506 0.999688 0.999959 0.999996 1 1 1 1 1 1 1 1 1 1 1 1 1 1 1 1 1 1 1 1 1 1 1 1 1 1 1 1 1 1 1 1 1 1 1 1 1 1 1 1 1 1 1 1 1 1 1 1 1 0.999996 0.999959 0.999688 0.997506 0.983623 0.907291 0.544362 0.394629 0.419726 0.468043 0.496236 0.509644 0.516314 0.520229 0.52301 0.525259 0.52719 0.528878 0.530349 0.531613 0.532675 0.533538 0.534206 0.534681 0.534966 
0.742479 0.742362 0.74201 0.741417 0.740577 0.739479 0.738108 0.736446 0.734467 0.73213 0.729363 0.726011 0.721712 0.715556 0.705241 0.685155 0.643102 0.562021 0.459317 0.505294 0.883088 0.971083 0.99653 0.999431 0.999944 0.999993 0.999999 1 1 1 1 1 1 1 1 1 1 1 1 1 1 1 1 1 1 1 1 1 1 1 1 1 1 1 1 1 1 1 1 1 1 1 1 1 1 1 1 1 1 1 1 1 1 1 0.999999 0.999993 0.999944 0.999431 0.99653 0.971083 0.883088 0.505294 0.459317 0.562021 0.643102 0.685155 0.705241 0.715556 0.721712 0.726011 0.729363 0.73213 0.734467 0.736446 0.738108 0.739479 0.740577 0.741417 0.74201 0.742362 
0.889952 0.889891 0.889707 0.889398 0.88896 0.888385 0.887666 0.886789 0.885738 0.884482 0.882963 0.88105 0.878434 0.874345 0.86685 0.851262 0.816533 0.744028 0.607687 0.501519 0.810316 0.95196 0.993326 0.998999 0.999883 0.999986 0.999999 1 1 1 1 1 1 1 1 1 1 1 1 1 1 1 1 1 1 1 1 1 1 1 1 1 1 1 1 1 1 1 1 1 1 1 1 1 1 1 1 1 1 1 1 1 1 1 0.999999 0.999986 0.999883 0.998999 0.993326 0.95196 0.810316 0.501519 0.607687 0.744028 0.816533 0.851262 0.86685 0.874345 0.878434 0.88105 0.882963 0.884482 0.885738 0.886789 0.887666 0.888385 0.88896 0.889398 0.889707 0.889891 
0.957473 0.957448 0.957372 0.957245 0.957065 0.956828 0.956531 0.956168 0.955729 0.955197 0.954535 0.953658 0.952363 0.950157 0.945804 0.936499 0.91486 0.871193 0.760311 0.682764 0.728845 0.90559 0.987159 0.997555 0.999735 0.999963 0.999996 1 1 1 1 1 1 1 1 1 1 1 1 1 1 1 1 1 1 1 1 1 1 1 1 1 1 1 1 1 1 1 1 1 1 1 1 1 1 1 1 1 1 1 1 1 1 1 0.999996 0.999963 0.999735 0.997555 0.987159 0.90559 0.728845 0.682764 0.760311 0.871193 0.91486 0.936499 0.945804 0.950157 0.952363 0.953658 0.954535 0.955197 0.955729 0.956168 0.956531 0.956828 0.957065 0.957245 0.957372 0.957448 
0.984108 0.984098 0.984069 0.98402 0.983951 0.98386 0.983745 0.983604 0.983433 0.98322 0.982946 0.982561 0.981952 0.980846 0.978616 0.973828 0.963629 0.942562 0.903845 0.862926 0.715617 0.807595 0.947393 0.993653 0.999011 0.999894 0.999988 0.999999 1 1 1 1 1 1 1 1 1 1 1 1 1 1 1 1 1 1 1 1 1 1 1 1 1 1 1 1 1 1 1 1 1 1 1 1 1 1 1 1 1 1 1 1 1 0.999999 0.999988 0.999894 0.999011 0.993653 0.947393 0.807595 0.715617 0.862926 0.903845 0.942562 0.963629 0.973828 0.978616 0.980846 0.981952 0.982561 0.982946 0.98322 0.983433 0.983604 0.983745 0.98386 0.983951 0.98402 0.984069 0.984098 
0.994141 0.994137 0.994126 0.994108 0.994082 0.994048 0.994005 0.993952 0.993886 0.993802 0.993689 0.993521 0.993239 0.992707 0.991626 0.989385 0.984692 0.97584 0.957865 0.936094 0.805452 0.720239 0.905787 0.988147 0.9977 0.999776 0.999967 0.999997 1 1 1 1 1 1 1 1 1 1 1 1 1 1 1 1 1 1 1 1 1 1 1 1 1 1 1 1 1 1 1 1 1 1 1 1 1 1 1 1 1 1 1 1 1 0.999997 0.999967 0.999776 0.9977 0.988147 0.905787 0.720239 0.805452 0.936094 0.957865 0.97584 0.984692 0.989385 0.991626 0.992707 0.993239 0.993521 0.993689 0.993802 0.993886 0.993952 0.994005 0.994048 0.994082 0.994108 0.994126 0.994137 
0.997849 0.997848 0.997844 0.997837 0.997828 0.997815 0.997799 0.997779 0.997753 0.99772 0.997673 0.997599 0.99747 0.997222 0.996725 0.995725 0.993754 0.990268 0.983416 0.979357 0.901548 0.71608 0.837727 0.951425 0.995359 0.999167 0.999929 0.99999 0.999999 1 1 1 1 1 1 1 1 1 1 1 1 1 1 1 1 1 1 1 1 1 1 1 1 1 1 1 1 1 1 1 1 1 1 1 1 1 1 1 1 1 1 1 0.999999 0.99999 0.999929 0.999167 0.995359 0.951425 0.837727 0.71608 0.901548 0.979357 0.983416 0.990268 0.993754 0.995725 0.996725 0.997222 0.99747 0.997599 0.997673 0.99772 0.997753 0.997779 0.997799 0.997815 0.997828 0.997837 0.997844 0.997848 
0.999212 0.999212 0.99921 0.999208 0.999204 0.999199 0.999193 0.999186 0.999176 0.999162 0.999143 0.99911 0.999051 0.998938 0.998716 0.998283 0.997456 0.996023 0.993157 0.990124 0.942387 0.774899 0.77494 0.942659 0.992359 0.998879 0.999871 0.999985 0.999999 1 1 1 1 1 1 1 1 1 1 1 1 1 1 1 1 1 1 1 1 1 1 1 1 1 1 1 1 1 1 1 1 1 1 1 1 1 1 1 1 1 1 1 0.999999 0.999985 0.999871 0.998879 0.992359 0.942659 0.77494 0.774899 0.942387 0.990124 0.993157 0.996023 0.997456 0.998283 0.998716 0.998938 0.999051 0.99911 0.999143 0.999162 0.999176 0.999186 0.999193 0.999199 0.999204 0.999208 0.99921 0.999212 
0.999711 0.999711 0.999711 0.99971 0.999708 0.999707 0.999704 0.999702 0.999698 0.999692 0.999684 0.999669 0.999643 0.999593 0.999495 0.999308 0.99895 0.998337 0.996744 0.994697 0.951331 0.837705 0.716184 0.902153 0.986803 0.997507 0.999731 0.999963 0.999996 1 1 1 1 1 1 1 1 1 1 1 1 1 1 1 1 1 1 1 1 1 1 1 1 1 1 1 1 1 1 1 1 1 1 1 1 1 1 1 1 1 1 1 0.999996 0.999963 0.999731 0.997507 0.986803 0.902153 0.716184 0.837705 0.951331 0.994697 0.996744 0.998337 0.99895 0.999308 0.999495 0.999593 0.999643 0.999669 0.999684 0.999692 0.999698 0.999702 0.999704 0.999707 0.999708 0.99971 0.999711 0.999711 
0.999894 0.999894 0.999894 0.999894 0.999893 0.999893 0.999892 0.999891 0.999889 0.999887 0.999883 0.999877 0.999865 0.999843 0.999801 0.999722 0.999582 0.999324 0.998898 0.997505 0.988114 0.905756 0.720071 0.806861 0.947287 0.993641 0.99901 0.999894 0.999988 0.999999 1 1 1 1 1 1 1 1 1 1 1 1 1 1 1 1 1 1 1 1 1 1 1 1 1 1 1 1 1 1 1 1 1 1 1 1 1 1 1 1 1 0.999999 0.999988 0.999894 0.99901 0.993641 0.947287 0.806861 0.720071 0.905756 0.988114 0.997505 0.998898 0.999324 0.999582 0.999722 0.999801 0.999843 0.999865 0.999877 0.999883 0.999887 0.999889 0.999891 0.999892 0.999893 0.999893 0.999894 0.999894 0.999894 
0.999961 0.999961 0.999961 0.999961 0.999961 0.999961 0.99996 0.99996 0.999959 0.999958 0.999957 0.999954 0.999949 0.999939 0.999922 0.99989 0.999833 0.999738 0.999556 0.998945 0.993631 0.947285 0.806861 0.720072 0.90576 0.988143 0.997699 0.999776 0.999967 0.999997 1 1 1 1 1 1 1 1 1 1 1 1 1 1 1 1 1 1 1 1 1 1 1 1 1 1 1 1 1 1 1 1 1 1 1 1 1 1 1 1 1 0.999997 0.999967 0.999776 0.997699 0.988143 0.90576 0.720072 0.806861 0.947285 0.993631 0.998945 0.999556 0.999738 0.999833 0.99989 0.999922 0.999939 0.999949 0.999954 0.999957 0.999958 0.999959 0.99996 0.99996 0.999961 0.999961 0.999961 0.999961 0.999961 
0.999986 0.999986 0.999986 0.999986 0.999986 0.999986 0.999985 0.999985 0.999985 0.999985 0.999984 0.999983 0.999981 0.999977 0.999969 0.999957 0.999936 0.999902 0.99984 0.999676 0.997502 0.986801 0.902153 0.716183 0.837718 0.951424 0.995358 0.999167 0.999929 0.99999 0.999999 1 1 1 1 1 1 1 1 1 1 1 1 1 1 1 1 1 1 1 1 1 1 1 1 1 1 1 1 1 1 1 1 1 1 1 1 1 1 1 0.999999 0.99999 0.999929 0.999167 0.995358 0.951424 0.837718 0.716183 0.902153 0.986801 0.997502 0.999676 0.99984 0.999902 0.999936 0.999957 0.999969 0.999977 0.999981 0.999983 0.999984 0.999985 0.999985 0.999985 0.999985 0.999986 0.999986 0.999986 0.999986 0.999986 
0.999995 0.999995 0.999995 0.999995 0.999995 0.999995 0.999995 0.999995 0.999995 0.999994 0.999994 0.999994 0.999993 0.999991 0.999988 0.999983 0.999975 0.999963 0.999939 0.999848 0.998876 0.992358 0.942659 0.774936 0.774936 0.942659 0.992359 0.998879 0.999871 0.999985 0.999999 1 1 1 1 1 1 1 1 1 1 1 1 1 1 1 1 1 1 1 1 1 1 1 1 1 1 1 1 1 1 1 1 1 1 1 1 1 1 1 0.999999 0.999985 0.999871 0.998879 0.992359 0.942659 0.774936 0.774936 0.942659 0.992358 0.998876 0.999848 0.999939 0.999963 0.999975 0.999983 0.999988 0.999991 0.999993 0.999994 0.999994 0.999994 0.999995 0.999995 0.999995 0.999995 0.999995 0.999995 0.999995 0.999995 
0.999998 0.999998 0.999998 0.999998 0.999998 0.999998 0.999998 0.999998 0.999998 0.999998 0.999998 0.999998 0.999997 0.999997 0.999995 0.999993 0.99999 0.999985 0.999972 0.99992 0.999166 0.995358 0.951424 0.837718 0.716183 0.902153 0.986803 0.997507 0.999731 0.999963 0.999996 1 1 1 1 1 1 1 1 1 1 1 1 1 1 1 1 1 1 1 1 1 1 1 1 1 1 1 1 1 1 1 1 1 1 1 1 1 1 1 0.999996 0.999963 0.999731 0.997507 0.986803 0.902153 0.716183 0.837718 0.951424 0.995358 0.999166 0.99992 0.999972 0.999985 0.99999 0.999993 0.999995 0.999997 0.999997 0.999998 0.999998 0.999998 0.999998 0.999998 0.999998 0.999998 0.999998 0.999998 0.999998 0.999998 
0.999999 0.999999 0.999999 0.999999 0.999999 0.999999 0.999999 0.999999 0.999999 0.999999 0.999999 0.999999 0.999999 0.999999 0.999998 0.999997 0.999996 0.999994 0.99999 0.999963 0.999776 0.997699 0.988143 0.90576 0.720072 0.806861 0.947287 0.993641 0.99901 0.999894 0.999988 0.999999 1 1 1 1 1 1 1 1 1 1 1 1 1 1 1 1 1 1 1 1 1 1 1 1 1 1 1 1 1 1 1 1 1 1 1 1 1 0.999999 0.999988 0.999894 0.99901 0.993641 0.947287 0.806861 0.720072 0.90576 0.988143 0.997699 0.999776 0.999963 0.99999 0.999994 0.999996 0.999997 0.999998 0.999999 0.999999 0.999999 0.999999 0.999999 0.999999 0.999999 0.999999 0.999999 0.999999 0.999999 0.999999 0.999999 
1 1 1 1 1 1 1 1 1 1 1 1 1 0.999999 0.999999 0.999999 0.999999 0.999998 0.999996 0.999986 0.999893 0.99901 0.993641 0.947287 0.806861 0.720072 0.90576 0.988143 0.997699 0.999776 0.999967 0.999997 1 1 1 1 1 1 1 1 1 1 1 1 1 1 1 1 1 1 1 1 1 1 1 1 1 1 1 1 1 1 1 1 1 1 1 1 1 0.999997 0.999967 0.999776 0.997699 0.988143 0.90576 0.720072 0.806861 0.947287 0.993641 0.99901 0.999893 0.999986 0.999996 0.999998 0.999999 0.999999 0.999999 0.999999 1 1 1 1 1 1 1 1 1 1 1 1 
1 1 1 1 1 1 1 1 1 1 1 1 1 1 1 1 0.999999 0.999999 0.999999 0.999996 0.999962 0.999731 0.997507 0.986803 0.902153 0.716183 0.837718 0.951424 0.995358 0.999167 0.999929 0.99999 0.999999 1 1 1 1 1 1 1 1 1 1 1 1 1 1 1 1 1 1 1 1 1 1 1 1 1 1 1 1 1 1 1 1 1 1 1 0.999999 0.99999 0.999929 0.999167 0.995358 0.951424 0.837718 0.716183 0.902153 0.986803 0.997507 0.999731 0.999962 0.999996 0.999999 0.999999 0.999999 1 1 1 1 1 1 1 1 1 1 1 1 1 1 1 
1 1 1 1 1 1 1 1 1 1 1 1 1 1 1 1 1 1 1 0.999998 0.999985 0.999871 0.998879 0.992359 0.942659 0.774936 0.774936 0.942659 0.992359 0.998879 0.999871 0.999985 0.999999 1 1 1 1 1 1 1 1 1 1 1 1 1 1 1 1 1 1 1 1 1 1 1 1 1 1 1 1 1 1 1 1 1 1 1 0.999999 0.999985 0.999871 0.998879 0.992359 0.942659 0.774936 0.774936 0.942659 0.992359 0.998879 0.999871 0.999985 0.999998 1 1 1 1 1 1 1 1 1 1 1 1 1 1 1 1 1 1 
1 1 1 1 1 1 1 1 1 1 1 1 1 1 1 1 1 1 1 0.999999 0.99999 0.999929 0.999167 0.995358 0.951424 0.837718 0.716183 0.902153 0.986803 0.997507 0.999731 0.999963 0.999996 1 1 1 1 1 1 1 1 1 1 1 1 1 1 1 1 1 1 1 1 1 1 1 1 1 1 1 1 1 1 1 1 1 1 1 0.999996 0.999963 0.999731 0.997507 0.986803 0.902153 0.716183 0.837718 0.951424 0.995358 0.999167 0.999929 0.99999 0.999999 1 1 1 1 1 1 1 1 1 1 1 1 1 1 1 1 1 1 
1 1 1 1 1 1 1 1 1 1 1 1 1 1 1 1 1 1 1 1 0.999997 0.999967 0.999776 0.997699 0.988143 0.90576 0.720072 0.806861 0.947287 0.993641 0.99901 0.999894 0.999988 0.999999 1 1 1 1 1 1 1 1 1 1 1 1 1 1 1 1 1 1 1 1 1 1 1 1 1 1 1 1 1 1 1 1 1 0.999999 0.999988 0.999894 0.99901 0.993641 0.947287 0.806861 0.720072 0.90576 0.988143 0.997699 0.999776 0.999967 0.999997 1 1 1 1 1 1 1 1 1 1 1 1 1 1 1 1 1 1 1 
1 1 1 1 1 1 1 1 1 1 1 1 1 1 1 1 1 1 1 1 0.999999 0.999988 0.999894 0.99901 0.993641 0.947287 0.806861 0.720072 0.90576 0.988143 0.997699 0.999776 0.999967 0.999997 1 1 1 1 1 1 1 1 1 1 1 1 1 1 1 1 1 1 1 1 1 1 1 1 1 1 1 1 1 1 1 1 1 0.999997 0.999967 0.999776 0.997699 0.988143 0.90576 0.720072 0.806861 0.947287 0.993641 0.99901 0.999894 0.999988 0.999999 1 1 1 1 1 1 1 1 1 1 1 1 1 1 1 1 1 1 1 
1 1 1 1 1 1 1 1 1 1 1 1 1 1 1 1 1 1 1 1 1 0.999996 0.999963 0.999731 0.997507 0.986803 0.902153 0.716183 0.837718 0.951424 0.995358 0.999167 0.999929 0.99999 0.999999 1 1 1 1 1 1 1 1 1 1 1 1 1 1 1 1 1 1 1 1 1 1 1 1 1 1 1 1 1 1 1 0.999999 0.99999 0.999929 0.999167 0.995358 0.951424 0.837718 0.716183 0.902153 0.986803 0.997507 0.999731 0.999963 0.999996 1 1 1 1 1 1 1 1 1 1 1 1 1 1 1 1 1 1 1 1 
1 1 1 1 1 1 1 1 1 1 1 1 1 1 1 1 1 1 1 1 1 0.999999 0.999985 0.999871 0.998879 0.992359 0.942659 0.774936 0.774936 0.942659 0.992359 0.998879 0.999871 0.999985 0.999999 1 1 1 1 1 1 1 1 1 1 1 1 1 1 1 1 1 1 1 1 1 1 1 1 1 1 1 1 1 1 1 0.999999 0.999985 0.999871 0.998879 0.992359 0.942659 0.774936 0.774936 0.942659 0.992359 0.998879 0.999871 0.999985 0.999999 1 1 1 1 1 1 1 1 1 1 1 1 1 1 1 1 1 1 1 1 
1 1 1 1 1 1 1 1 1 1 1 1 1 1 1 1 1 1 1 1 1 0.999999 0.99999 0.999929 0.999167 0.995358 0.951424 0.837718 0.716183 0.902153 0.986803 0.997507 0.999731 0.999963 0.999996 1 1 1 1 1 1 1 1 1 1 1 1 1 1 1 1 1 1 1 1 1 1 1 1 1 1 1 1 1 1 1 0.999996 0.999963 0.999731 0.997507 0.986803 0.902153 0.716183 0.837718 0.951424 0.995358 0.999167 0.999929 0.99999 0.999999 1 1 1 1 1 1 1 1 1 1 1 1 1 1 1 1 1 1 1 1 
1 1 1 1 1 1 1 1 1 1 1 1 1 1 1 1 1 1 1 1 1 1 0.999997 0.999967 0.999776 0.997699 0.988143 0.90576 0.720072 0.806861 0.947287 0.993642 0.99901 0.999894 0.999988 0.999999 1 1 1 1 1 1 1 1 1 1 1 1 1 1 1 1 1 1 1 1 1 1 1 1 1 1 1 1 1 0.999999 0.999988 0.999894 0.99901 0.993642 0.947287 0.806861 0.720072 0.90576 0.988143 0.997699 0.999776 0.999967 0.999997 1 1 1 1 1 1 1 1 1 1 1 1 1 1 1 1 1 1 1 1 1 
1 1 1 1 1 1 1 1 1 1 1 1 1 1 1 1 1 1 1 1 1 1 0.999999 0.999988 0.999894 0.99901 0.993641 0.947287 0.806861 0.720072 0.905761 0.988149 0.997701 0.999777 0.999967 0.999997 1 1 1 1 1 1 1 1 1 1 1 1 1 1 1 1 1 1 1 1 1 1 1 1 1 1 1 1 1 0.999997 0.999967 0.999777 0.997701 0.988149 0.905761 0.720072 0.806861 0.947287 0.993641 0.99901 0.999894 0.999988 0.999999 1 1 1 1 1 1 1 1 1 1 1 1 1 1 1 1 1 1 1 1 1 
1 1 1 1 1 1 1 1 1 1 1 1 1 1 1 1 1 1 1 1 1 1 1 0.999996 0.999963 0.999731 0.997507 0.986802 0.902152 0.716181 0.837734 0.951456 0.995377 0.99917 0.99993 0.99999 0.999999 1 1 1 1 1 1 1 1 1 1 1 1 1 1 1 1 1 1 1 1 1 1 1 1 1 1 1 0.999999 0.99999 0.99993 0.99917 0.995377 0.951456 0.837734 0.716181 0.902152 0.986802 0.997507 0.999731 0.999963 0.999996 1 1 1 1 1 1 1 1 1 1 1 1 1 1 1 1 1 1 1 1 1 1 
1 1 1 1 1 1 1 1 1 1 1 1 1 1 1 1 1 1 1 1 1 1 1 0.999998 0.999985 0.999871 0.998879 0.992358 0.942655 0.774908 0.775013 0.943209 0.992454 0.998915 0.999875 0.999986 0.999999 1 1 1 1 1 1 1 1 1 1 1 1 1 1 1 1 1 1 1 1 1 1 1 1 1 1 1 0.999999 0.999986 0.999875 0.998915 0.992454 0.943209 0.775013 0.774908 0.942655 0.992358 0.998879 0.999871 0.999985 0.999998 1 1 1 1 1 1 1 1 1 1 1 1 1 1 1 1 1 1 1 1 1 1 
1 1 1 1 1 1 1 1 1 1 1 1 1 1 1 1 1 1 1 1 1 1 1 0.999999 0.99999 0.999929 0.999166 0.995354 0.951382 0.837582 0.717035 0.904163 0.987986 0.997663 0.999773 0.999967 0.999997 1 1 1 1 1 1 1 1 1 1 1 1 1 1 1 1 1 1 1 1 1 1 1 1 1 1 1 0.999997 0.999967 0.999773 0.997663 0.987986 0.904163 0.717035 0.837582 0.951382 0.995354 0.999166 0.999929 0.99999 0.999999 1 1 1 1 1 1 1 1 1 1 1 1 1 1 1 1 1 1 1 1 1 1 
1 1 1 1 1 1 1 1 1 1 1 1 1 1 1 1 1 1 1 1 1 1 1 0.999999 0.999995 0.999965 0.999773 0.997663 0.987986 0.904163 0.717035 0.837582 0.951382 0.995354 0.999166 0.999929 0.99999 0.999999 1 1 1 1 1 1 1 1 1 1 1 1 1 1 1 1 1 1 1 1 1 1 1 1 1 0.999999 0.99999 0.999929 0.999166 0.995354 0.951382 0.837582 0.717035 0.904163 0.987986 0.997663 0.999772 0.999964 0.999995 0.999998 1 1 1 1 1 1 1 1 1 1 1 1 1 1 1 1 1 1 1 1 1 1 
1 1 1 1 1 1 1 1 1 1 1 1 1 1 1 1 1 1 1 1 1 1 0.999999 0.999998 0.999995 0.999979 0.999869 0.998912 0.992454 0.943208 0.775013 0.774907 0.942654 0.992352 0.998878 0.999871 0.999985 0.999998 1 1 1 1 1 1 1 1 1 1 1 1 1 1 1 1 1 1 1 1 1 1 1 1 1 0.999998 0.999985 0.999871 0.998878 0.992352 0.942654 0.774907 0.775013 0.943208 0.992453 0.998911 0.999865 0.999977 0.999994 0.999998 0.999999 1 1 1 1 1 1 1 1 1 1 1 1 1 1 1 1 1 1 1 1 1 
1 1 1 1 1 1 1 1 1 1 1 1 1 1 1 1 1 1 1 1 1 1 0.999999 0.999997 0.999992 0.999973 0.999902 0.99916 0.995369 0.951453 0.837733 0.716179 0.902135 0.98677 0.997488 0.999728 0.999962 0.999996 1 1 1 1 1 1 1 1 1 1 1 1 1 1 1 1 1 1 1 1 1 1 1 1 1 0.999996 0.999962 0.999728 0.997488 0.98677 0.902135 0.71618 0.837732 0.951451 0.995365 0.999156 0.999893 0.99997 0.999991 0.999997 0.999999 1 1 1 1 1 1 1 1 1 1 1 1 1 1 1 1 1 1 1 1 1 
1 1 1 1 1 1 1 1 1 1 1 1 1 1 1 1 1 1 1 1 1 0.999999 0.999998 0.999996 0.999988 0.999969 0.999899 0.99967 0.997666 0.988116 0.905752 0.720092 0.806783 0.946736 0.993546 0.998974 0.999889 0.999987 0.999999 1 1 1 1 1 1 1 1 1 1 1 1 1 1 1 1 1 1 1 1 1 1 1 0.999999 0.999987 0.999889 0.998974 0.993546 0.946737 0.806784 0.72009 0.905743 0.988098 0.997648 0.999631 0.999885 0.999964 0.999986 0.999995 0.999998 0.999999 1 1 1 1 1 1 1 1 1 1 1 1 1 1 1 1 1 1 1 1 
1 1 1 1 1 1 1 1 1 1 1 1 1 1 1 1 1 1 1 1 1 0.999999 0.999997 0.999993 0.999983 0.999954 0.999876 0.999631 0.998698 0.993486 0.947178 0.80695 0.719234 0.903757 0.986964 0.997544 0.999734 0.999963 0.999996 1 1 1 1 1 1 1 1 1 1 1 1 1 1 1 1 1 1 1 1 1 1 1 0.999996 0.999963 0.999734 0.997544 0.986966 0.903761 0.719241 0.806933 0.947118 0.993406 0.998491 0.999577 0.999854 0.999946 0.99998 0.999992 0.999997 0.999999 0.999999 1 1 1 1 1 1 1 1 1 1 1 1 1 1 1 1 1 1 1 
1 1 1 1 1 1 1 1 1 1 1 1 1 1 1 1 1 1 1 1 0.999999 0.999998 0.999996 0.999989 0.999973 0.999932 0.999824 0.999533 0.998733 0.995916 0.986164 0.903177 0.719071 0.807095 0.947361 0.993654 0.999011 0.999893 0.999987 0.999998 0.999999 0.999999 0.999999 0.999999 0.999999 0.999999 0.999999 0.999999 0.999999 0.999999 0.999999 0.999999 0.999999 0.999999 0.999999 0.999999 0.999999 0.999999 0.999999 0.999999 0.999999 0.999998 0.999987 0.999893 0.999012 0.993657 0.947371 0.807131 0.719011 0.903025 0.985754 0.995231 0.998553 0.999453 0.999798 0.999922 0.99997 0.999988 0.999995 0.999998 0.999999 1 1 1 1 1 1 1 1 1 1 1 1 1 1 1 1 1 1 1 
1 1 1 1 1 1 1 1 1 1 1 1 1 1 1 1 1 1 1 0.999999 0.999999 0.999997 0.999993 0.999984 0.999959 0.999897 0.999739 0.999321 0.998225 0.995034 0.986203 0.944223 0.804934 0.720776 0.906183 0.9882 0.997704 0.999769 0.999957 0.999987 0.999989 0.99999 0.99999 0.99999 0.99999 0.99999 0.99999 0.99999 0.99999 0.99999 0.99999 0.99999 0.99999 0.99999 0.99999 0.99999 0.99999 0.99999 0.99999 0.99999 0.999989 0.999987 0.999957 0.999769 0.997708 0.988217 0.906272 0.721044 0.804357 0.943477 0.984311 0.994483 0.997975 0.999235 0.999704 0.999885 0.999954 0.999982 0.999993 0.999997 0.999999 0.999999 1 1 1 1 1 1 1 1 1 1 1 1 1 1 1 1 1 1 
1 1 1 1 1 1 1 1 1 1 1 1 1 1 1 1 1 1 0.999999 0.999999 0.999998 0.999995 0.999989 0.999974 0.999937 0.999845 0.999612 0.999018 0.997493 0.993579 0.983422 0.957641 0.890444 0.708532 0.839746 0.951975 0.995371 0.999106 0.999851 0.999906 0.999913 0.999913 0.999913 0.999913 0.999913 0.999913 0.999913 0.999913 0.999913 0.999913 0.999913 0.999913 0.999913 0.999913 0.999913 0.999913 0.999913 0.999913 0.999913 0.999913 0.999913 0.999905 0.999851 0.999108 0.995388 0.952107 0.840212 0.706485 0.886122 0.953009 0.981821 0.99284 0.997221 0.998908 0.999569 0.999828 0.99993 0.999971 0.999988 0.999995 0.999998 0.999999 0.999999 1 1 1 1 1 1 1 1 1 1 1 1 1 1 1 1 1 
0.999999 0.999999 0.999999 0.999999 0.999999 0.999999 0.999999 0.999999 0.999999 0.999999 0.999999 0.999999 0.999999 0.999999 0.999999 0.999999 0.999999 0.999999 0.999999 0.999998 0.999996 0.999992 0.999982 0.999958 0.9999 0.99976 0.99941 0.998533 0.996288 0.990592 0.975542 0.940309 0.84007 0.721074 0.797898 0.945163 0.992361 0.99823 0.999026 0.999084 0.999082 0.999081 0.999081 0.999081 0.999081 0.999081 0.999081 0.999081 0.999081 0.999081 0.999081 0.999081 0.999081 0.999081 0.999081 0.999081 0.999081 0.999081 0.999081 0.999081 0.999082 0.999081 0.999016 0.998225 0.992486 0.945713 0.800594 0.704117 0.823744 0.934866 0.973059 0.989697 0.995925 0.998391 0.999352 0.999736 0.99989 0.999954 0.99998 0.999991 0.999996 0.999998 0.999999 0.999999 0.999999 0.999999 0.999999 0.999999 0.999999 0.999999 0.999999 0.999999 0.999999 0.999999 0.999999 0.999999 0.999999 0.999999 0.999999 0.999999 
0.999997 0.999997 0.999997 0.999997 0.999997 0.999997 0.999997 0.999997 0.999997 0.999997 0.999997 0.999997 0.999998 0.999998 0.999998 0.999998 0.999998 0.999998 0.999997 0.999996 0.999993 0.999985 0.999968 0.999929 0.999836 0.999615 0.999083 0.997775 0.994495 0.986114 0.964352 0.908743 0.772513 0.551555 0.770399 0.917641 0.985026 0.993106 0.994494 0.994274 0.9942 0.994182 0.994179 0.994179 0.994179 0.994179 0.994179 0.994179 0.994179 0.994179 0.994179 0.994179 0.994179 0.994179 0.994179 0.994179 0.994179 0.994179 0.994179 0.994181 0.994195 0.994247 0.994422 0.993093 0.985325 0.920099 0.774189 0.536718 0.760661 0.90204 0.961648 0.984962 0.994023 0.997575 0.998998 0.999578 0.999819 0.999921 0.999965 0.999984 0.999992 0.999995 0.999997 0.999997 0.999998 0.999998 0.999998 0.999998 0.999997 0.999997 0.999997 0.999997 0.999997 0.999997 0.999997 0.999997 0.999997 0.999997 0.999997 0.999997 
0.999991 0.999991 0.999991 0.999991 0.999991 0.999991 0.999991 0.999992 0.999992 0.999992 0.999993 0.999993 0.999993 0.999994 0.999994 0.999994 0.999994 0.999994 0.999993 0.999991 0.999985 0.999972 0.999942 0.999873 0.999716 0.999355 0.998517 0.996544 0.991828 0.980381 0.952404 0.885016 0.738315 0.514919 0.536858 0.824016 0.924695 0.955381 0.950171 0.947579 0.946892 0.946759 0.946739 0.946736 0.946735 0.946735 0.946735 0.946735 0.946735 0.946735 0.946735 0.946735 0.946735 0.946735 0.946735 0.946735 0.946735 0.946736 0.946738 0.946753 0.946852 0.947402 0.94936 0.954299 0.925813 0.825261 0.542435 0.503992 0.725414 0.877805 0.948929 0.978817 0.991125 0.99623 0.998375 0.999291 0.999686 0.999859 0.999935 0.999969 0.999984 0.99999 0.999993 0.999994 0.999994 0.999994 0.999994 0.999993 0.999993 0.999993 0.999992 0.999992 0.999992 0.999992 0.999991 0.999991 0.999991 0.999991 0.999991 0.999991 
0.999974 0.999975 0.999975 0.999975 0.999976 0.999976 0.999977 0.999977 0.999978 0.999979 0.99998 0.999981 0.999982 0.999983 0.999983 0.999984 0.999985 0.999985 0.999983 0.999979 0.999968 0.999944 0.999888 0.999762 0.999481 0.998851 0.997435 0.994239 0.986989 0.970506 0.933308 0.852443 0.695508 0.482706 0.428575 0.558534 0.777138 0.826277 0.818863 0.806316 0.802856 0.802257 0.80216 0.802146 0.802144 0.802144 0.802144 0.802144 0.802144 0.802144 0.802144 0.802144 0.802144 0.802144 0.802144 0.802144 0.802144 0.802145 0.802155 0.802227 0.802689 0.805302 0.81627 0.823759 0.781812 0.55861 0.429054 0.469951 0.68032 0.842528 0.928096 0.96796 0.985785 0.993677 0.997174 0.99873 0.999425 0.999736 0.999876 0.999938 0.999965 0.999977 0.999982 0.999983 0.999984 0.999983 0.999983 0.999982 0.999981 0.99998 0.999979 0.999978 0.999978 0.999977 0.999976 0.999976 0.999975 0.999975 0.999975 0.999975 
0.99993 0.999931 0.999931 0.999932 0.999933 0.999935 0.999936 0.999938 0.99994 0.999943 0.999945 0.999948 0.99995 0.999953 0.999955 0.999957 0.999959 0.999959 0.999958 0.99995 0.999931 0.999884 0.999778 0.99954 0.999012 0.997844 0.995271 0.989617 0.97726 0.950625 0.895054 0.78774 0.615932 0.442179 0.402066 0.443251 0.479778 0.517987 0.673105 0.778663 0.798143 0.801587 0.802054 0.802131 0.802142 0.802144 0.802144 0.802144 0.802144 0.802144 0.802144 0.802144 0.802144 0.802144 0.802144 0.802144 0.802143 0.802136 0.802084 0.801729 0.799196 0.783812 0.698544 0.530731 0.485002 0.449501 0.407559 0.433981 0.597589 0.772729 0.886161 0.945998 0.974994 0.988537 0.994764 0.997608 0.998902 0.999489 0.999754 0.999872 0.999924 0.999946 0.999954 0.999957 0.999956 0.999955 0.999952 0.99995 0.999948 0.999945 0.999943 0.999941 0.999939 0.999937 0.999935 0.999933 0.999932 0.999931 0.999931 0.99993 
0.999809 0.99981 0.999812 0.999814 0.999817 0.999821 0.999826 0.999831 0.999837 0.999843 0.99985 0.999857 0.999864 0.999871 0.999877 0.999884 0.999889 0.999892 0.999891 0.999879 0.999843 0.999755 0.999551 0.999092 0.998073 0.99583 0.990931 0.980322 0.957726 0.911122 0.821694 0.675538 0.513983 0.470906 0.550907 0.62613 0.673105 0.733522 0.814645 0.90209 0.939229 0.945307 0.946444 0.946673 0.946726 0.946734 0.946735 0.946735 0.946735 0.946735 0.946735 0.946735 0.946735 0.946735 0.946735 0.946734 0.94673 0.946698 0.946532 0.945724 0.94133 0.914461 0.829408 0.747135 0.685256 0.639806 0.566792 0.480143 0.501424 0.655435 0.80669 0.902562 0.953344 0.978197 0.989924 0.99536 0.997854 0.998989 0.999501 0.999729 0.999828 0.999868 0.999882 0.999885 0.999882 0.999877 0.999871 0.999864 0.999857 0.999851 0.999844 0.999838 0.999832 0.999827 0.999822 0.999818 0.999815 0.999812 0.99981 0.999809 
0.999478 0.99948 0.999485 0.999492 0.999501 0.999512 0.999525 0.999539 0.999555 0.999572 0.99959 0.999609 0.999628 0.999647 0.999666 0.999683 0.999699 0.999711 0.999714 0.999696 0.999633 0.999468 0.999077 0.998186 0.9962 0.99183 0.982332 0.962051 0.920058 0.838825 0.703042 0.54517 0.49813 0.610419 0.734929 0.80939 0.851468 0.887808 0.931207 0.962812 0.98048 0.98849 0.992578 0.99393 0.99413 0.994172 0.994178 0.994179 0.994179 0.994179 0.994179 0.994179 0.994179 0.994179 0.994178 0.994175 0.994151 0.994021 0.993269 0.989647 0.982683 0.966896 0.937776 0.895283 0.859229 0.819487 0.749944 0.629559 0.507099 0.529628 0.681979 0.823961 0.911806 0.957899 0.98034 0.990894 0.995762 0.997979 0.998975 0.999413 0.999599 0.999672 0.999693 0.999692 0.999681 0.999665 0.999647 0.999629 0.99961 0.999592 0.999574 0.999557 0.999541 0.999526 0.999513 0.999502 0.999493 0.999486 0.999481 0.999478 
0.998574 0.99858 0.998592 0.998611 0.998635 0.998666 0.998701 0.998741 0.998785 0.998832 0.998882 0.998933 0.998985 0.999037 0.999089 0.999139 0.999185 0.999223 0.999243 0.999225 0.999119 0.998815 0.998069 0.996345 0.992476 0.98396 0.965607 0.927252 0.852065 0.723063 0.564223 0.501288 0.614493 0.762102 0.860417 0.911323 0.937394 0.955595 0.971596 0.984672 0.992098 0.995717 0.997544 0.998489 0.998969 0.999061 0.999077 0.99908 0.999081 0.999081 0.999081 0.999081 0.999081 0.99908 0.999078 0.999069 0.999019 0.998683 0.997845 0.996229 0.993008 0.986485 0.97416 0.958699 0.941237 0.91706 0.870302 0.778788 0.635261 0.508363 0.546151 0.701556 0.837615 0.919422 0.961729 0.982115 0.991608 0.995931 0.99786 0.998697 0.999041 0.999164 0.999189 0.999171 0.999134 0.999088 0.999039 0.998988 0.998937 0.998886 0.998837 0.99879 0.998746 0.998706 0.998671 0.99864 0.998614 0.998595 0.998582 0.998575 
0.996106 0.996123 0.996157 0.996208 0.996275 0.996358 0.996455 0.996565 0.996685 0.996814 0.99695 0.99709 0.997233 0.997376 0.997518 0.997656 0.997786 0.997901 0.997983 0.997991 0.99783 0.997288 0.99589 0.992585 0.985103 0.968681 0.933863 0.864471 0.742094 0.582275 0.500007 0.601846 0.757535 0.869091 0.929788 0.959288 0.973769 0.982396 0.989017 0.993785 0.996754 0.998343 0.999171 0.999577 0.999771 0.99986 0.999895 0.999908 0.999912 0.999913 0.999913 0.999913 0.999913 0.99991 0.9999 0.999874 0.999804 0.999641 0.9993 0.998564 0.99715 0.99445 0.990004 0.983696 0.97557 0.96228 0.935442 0.879905 0.775926 0.623409 0.504199 0.562047 0.72063 0.850705 0.926565 0.965107 0.983395 0.991754 0.995456 0.997029 0.997645 0.997836 0.99784 0.997763 0.997649 0.997519 0.997381 0.997241 0.997101 0.996962 0.996828 0.996699 0.996579 0.996469 0.996371 0.996287 0.996217 0.996164 0.996127 0.996108 
0.989403 0.989447 0.989539 0.989678 0.989862 0.990088 0.990352 0.990651 0.99098 0.991332 0.991702 0.992084 0.992473 0.992863 0.99325 0.993629 0.993992 0.994325 0.994596 0.994727 0.994541 0.993628 0.99107 0.984835 0.970594 0.939587 0.876341 0.761396 0.602093 0.500157 0.584649 0.743361 0.863618 0.931426 0.965231 0.981146 0.988743 0.992878 0.995585 0.997471 0.998641 0.9993 0.999651 0.99983 0.999918 0.999957 0.999975 0.999984 0.999987 0.999989 0.999989 0.999989 0.999988 0.999985 0.999978 0.999964 0.999932 0.999858 0.999702 0.999392 0.998798 0.997734 0.995971 0.993424 0.989587 0.982666 0.968265 0.93763 0.87564 0.763297 0.606298 0.500679 0.580166 0.740434 0.863468 0.932869 0.967283 0.983174 0.990159 0.993043 0.994091 0.994331 0.994219 0.993954 0.993621 0.993258 0.99288 0.992497 0.992113 0.991736 0.991369 0.991019 0.990691 0.990391 0.990124 0.989894 0.989704 0.989559 0.989459 0.989407 
0.9714 0.971519 0.971765 0.972137 0.972628 0.973233 0.973942 0.974744 0.975626 0.976572 0.977568 0.978596 0.979642 0.980693 0.981737 0.982763 0.983756 0.984692 0.985512 0.986074 0.986049 0.984665 0.980174 0.968734 0.942352 0.886291 0.780331 0.623979 0.503632 0.565914 0.72518 0.853242 0.927319 0.964913 0.982816 0.991125 0.99503 0.997026 0.998209 0.998963 0.999433 0.999704 0.999852 0.999929 0.999966 0.999984 0.999992 0.999996 0.999998 0.999999 0.999999 0.999999 0.999998 0.999997 0.999994 0.999987 0.999972 0.99994 0.999873 0.999741 0.999496 0.999066 0.998365 0.997264 0.99543 0.991892 0.984401 0.968262 0.934245 0.866531 0.746454 0.58687 0.499895 0.600896 0.760259 0.874378 0.936087 0.965433 0.978237 0.983314 0.984935 0.985049 0.984514 0.9837 0.982761 0.981765 0.980742 0.979707 0.978675 0.977658 0.976672 0.975731 0.974851 0.974046 0.973329 0.972713 0.972206 0.971817 0.971551 0.971411 
0.924618 0.924921 0.925551 0.926502 0.927763 0.929316 0.93114 0.933206 0.935481 0.937928 0.940505 0.943173 0.945891 0.948626 0.951348 0.954034 0.956657 0.959173 0.961481 0.963336 0.964141 0.96249 0.955166 0.935171 0.888826 0.795283 0.646304 0.510937 0.546473 0.703857 0.839961 0.920793 0.962273 0.982192 0.991479 0.995752 0.99774 0.998718 0.999252 0.99957 0.999762 0.999873 0.999936 0.999969 0.999985 0.999993 0.999997 0.999998 0.999999 1 1 1 0.999999 0.999999 0.999997 0.999994 0.999988 0.999973 0.999944 0.999889 0.999787 0.999611 0.999317 0.998825 0.997933 0.996139 0.992296 0.983951 0.966025 0.928514 0.854548 0.726217 0.565811 0.502649 0.622642 0.7763 0.877574 0.928714 0.951036 0.959352 0.961389 0.960717 0.958898 0.956589 0.954063 0.951435 0.948756 0.94606 0.943377 0.940739 0.938184 0.935751 0.933479 0.931405 0.929563 0.92798 0.926681 0.925684 0.925003 0.924646 
0.813569 0.814235 0.815626 0.817731 0.820532 0.824002 0.828102 0.83278 0.837972 0.8436 0.849578 0.855817 0.862227 0.86873 0.875257 0.881756 0.888175 0.894444 0.900399 0.905638 0.909155 0.908525 0.898185 0.866409 0.792984 0.661566 0.519855 0.525954 0.678479 0.823382 0.912263 0.958347 0.980571 0.990958 0.995741 0.997932 0.998944 0.999428 0.999679 0.999818 0.999899 0.999946 0.999972 0.999986 0.999993 0.999997 0.999999 0.999999 1 1 1 1 1 0.999999 0.999999 0.999997 0.999994 0.999988 0.999976 0.999952 0.99991 0.999835 0.999707 0.999478 0.999039 0.998128 0.996161 0.991871 0.982549 0.96256 0.920855 0.839308 0.701613 0.542531 0.507129 0.63786 0.774689 0.854387 0.889575 0.9014 0.902592 0.899266 0.89408 0.888136 0.881877 0.875484 0.869047 0.862628 0.856295 0.850122 0.844192 0.83859 0.833402 0.828702 0.824555 0.821017 0.818128 0.815921 0.814417 0.81363 
0.614426 0.615371 0.617353 0.620382 0.624465 0.629603 0.635788 0.642992 0.651168 0.66024 0.67011 0.680659 0.69176 0.703288 0.715133 0.727207 0.739434 0.75172 0.763854 0.775275 0.784516 0.787946 0.777203 0.735796 0.643142 0.518287 0.49989 0.644897 0.800773 0.90045 0.952773 0.978086 0.98991 0.99535 0.997835 0.99897 0.999491 0.999736 0.999857 0.999921 0.999957 0.999977 0.999988 0.999994 0.999997 0.999999 0.999999 1 1 1 1 1 1 1 0.999999 0.999999 0.999997 0.999995 0.999989 0.999979 0.999961 0.999929 0.99987 0.99976 0.999538 0.99907 0.998053 0.995825 0.99095 0.980334 0.957537 0.910049 0.818102 0.668318 0.512145 0.501942 0.619728 0.716332 0.761382 0.773941 0.77133 0.762508 0.751377 0.739503 0.727488 0.715568 0.703861 0.692462 0.681475 0.671016 0.661204 0.652153 0.64396 0.636702 0.630431 0.625178 0.620958 0.617776 0.615629 0.614512 
0.508617 0.50824 0.507476 0.506379 0.505036 0.503569 0.502135 0.500924 0.500154 0.500057 0.500859 0.502763 0.505934 0.510485 0.516485 0.523964 0.532925 0.543331 0.555023 0.567472 0.579137 0.585974 0.578745 0.541828 0.472403 0.452049 0.587147 0.761916 0.879976 0.943153 0.973732 0.987999 0.994523 0.997497 0.998847 0.999461 0.999741 0.999871 0.999933 0.999964 0.999981 0.99999 0.999994 0.999997 0.999999 0.999999 1 1 1 1 1 1 1 1 1 0.999999 0.999999 0.999998 0.999995 0.999991 0.999983 0.999967 0.999939 0.999883 0.999766 0.999515 0.998965 0.997755 0.995089 0.989229 0.976371 0.948671 0.890875 0.780705 0.609606 0.457698 0.455653 0.521056 0.559694 0.568992 0.563937 0.553929 0.543095 0.532993 0.524151 0.516725 0.51074 0.506171 0.502954 0.500979 0.500093 0.500105 0.5008 0.501954 0.503356 0.504817 0.506179 0.507317 0.508138 0.508582 
0.699117 0.698176 0.6962 0.693181 0.689108 0.683975 0.677786 0.670561 0.66234 0.653187 0.643193 0.632468 0.621132 0.609311 0.597117 0.584644 0.571958 0.559091 0.546002 0.532429 0.517479 0.49853 0.469976 0.425625 0.390838 0.480881 0.674019 0.832084 0.920566 0.963491 0.983363 0.992447 0.996577 0.99845 0.999294 0.999677 0.99985 0.999928 0.999965 0.999982 0.99999 0.999995 0.999997 0.999998 0.999999 1 1 1 1 1 1 1 1 1 1 1 0.999999 0.999999 0.999997 0.999995 0.999991 0.999983 0.999967 0.999935 0.999864 0.999709 0.999368 0.998614 0.99694 0.993234 0.985031 0.966961 0.927433 0.845259 0.694121 0.498825 0.390932 0.423983 0.47325 0.506012 0.527556 0.543883 0.558088 0.571369 0.584165 0.59661 0.608714 0.620423 0.63165 0.642288 0.652226 0.661358 0.669597 0.676877 0.683152 0.688399 0.692608 0.69578 0.697919 0.69903 
0.866473 0.86594 0.864818 0.863096 0.860755 0.857776 0.85414 0.84983 0.844834 0.839149 0.832776 0.825723 0.817994 0.809583 0.800461 0.790557 0.779733 0.767732 0.75406 0.737686 0.716242 0.684447 0.630423 0.541464 0.437634 0.491493 0.676469 0.853178 0.929713 0.96821 0.985101 0.993557 0.997039 0.998684 0.999409 0.999739 0.999884 0.999948 0.999975 0.999987 0.999993 0.999996 0.999998 0.999999 0.999999 0.999999 1 1 1 1 1 1 1 1 1 0.999999 0.999999 0.999999 0.999998 0.999996 0.999994 0.999988 0.999976 0.999951 0.999893 0.999765 0.999471 0.998826 0.99736 0.99425 0.986525 0.970884 0.934835 0.863056 0.693185 0.506021 0.441323 0.549509 0.6429 0.698711 0.730425 0.751072 0.766421 0.779064 0.790104 0.800049 0.809141 0.8175 0.825179 0.832194 0.838547 0.844234 0.849252 0.853603 0.857297 0.860347 0.862769 0.86458 0.865795 0.866424 
0.947707 0.947482 0.947008 0.946278 0.945283 0.944014 0.942457 0.940602 0.938438 0.935956 0.933147 0.930003 0.926514 0.92266 0.918408 0.913698 0.908422 0.902376 0.89515 0.885827 0.872296 0.848961 0.804534 0.705854 0.562442 0.579643 0.743805 0.866501 0.929255 0.966293 0.982787 0.991584 0.995969 0.998305 0.999218 0.999664 0.999869 0.999942 0.999972 0.999985 0.999991 0.999994 0.999996 0.999997 0.999998 0.999999 0.999999 0.999999 0.999999 0.999999 0.999999 0.999999 0.999999 0.999999 0.999999 0.999999 0.999998 0.999998 0.999997 0.999995 0.999991 0.999985 0.999972 0.999942 0.999864 0.999694 0.999304 0.998515 0.996583 0.993007 0.98591 0.972312 0.935329 0.879947 0.767255 0.629388 0.56664 0.709874 0.812218 0.856858 0.879866 0.892745 0.90138 0.90796 0.91343 0.918196 0.92245 0.926289 0.92976 0.93289 0.935693 0.938179 0.940354 0.942228 0.94381 0.94511 0.946139 0.946907 0.947421 0.947687 
0.980351 0.980264 0.980081 0.979799 0.979414 0.978923 0.97832 0.977601 0.976761 0.975795 0.9747 0.97347 0.972099 0.970576 0.968885 0.966993 0.964842 0.962316 0.959173 0.954884 0.948202 0.936537 0.913456 0.873607 0.795628 0.803172 0.721338 0.717322 0.805743 0.902855 0.946159 0.986491 0.993282 0.997334 0.998813 0.999596 0.999825 0.999922 0.999958 0.999974 0.999982 0.999985 0.999987 0.999988 0.999989 0.999989 0.999989 0.99999 0.99999 0.99999 0.99999 0.99999 0.99999 0.99999 0.99999 0.999989 0.999989 0.999989 0.999988 0.999986 0.999983 0.999976 0.999958 0.999916 0.99982 0.999618 0.998884 0.997407 0.993368 0.986638 0.94635 0.903108 0.806018 0.717734 0.72111 0.806639 0.810808 0.878808 0.917757 0.940123 0.951408 0.957741 0.961713 0.964574 0.966853 0.968788 0.970489 0.972009 0.973374 0.9746 0.975693 0.97666 0.977505 0.978231 0.978844 0.979347 0.979745 0.980042 0.98024 0.980343 
0.99274 0.992708 0.992639 0.992534 0.99239 0.992207 0.991981 0.991713 0.991398 0.991037 0.990626 0.990164 0.989648 0.989072 0.988429 0.987704 0.986866 0.985859 0.98456 0.982709 0.979762 0.974583 0.965438 0.949989 0.930994 0.945211 0.903767 0.807092 0.719324 0.719092 0.806806 0.903661 0.946734 0.986906 0.993563 0.997606 0.999501 0.999795 0.999889 0.999904 0.99991 0.999912 0.999913 0.999913 0.999913 0.999913 0.999913 0.999913 0.999913 0.999913 0.999913 0.999913 0.999913 0.999913 0.999913 0.999913 0.999913 0.999913 0.999913 0.999913 0.99991 0.999902 0.999857 0.999713 0.998966 0.997516 0.993533 0.98691 0.946745 0.903682 0.806844 0.719146 0.719296 0.807033 0.903782 0.945928 0.939051 0.953202 0.967547 0.976127 0.981049 0.983823 0.985539 0.986723 0.987633 0.988385 0.989037 0.989613 0.990128 0.990589 0.990999 0.991361 0.991677 0.991948 0.992177 0.992365 0.992514 0.992625 0.992699 0.992737 
0.997332 0.99732 0.997295 0.997256 0.997203 0.997135 0.997052 0.996953 0.996837 0.996704 0.996552 0.996381 0.99619 0.995976 0.995736 0.995462 0.995142 0.994747 0.994222 0.993456 0.992232 0.9902 0.986852 0.982547 0.97859 0.991717 0.986813 0.946785 0.903744 0.80692 0.719244 0.719234 0.806911 0.90377 0.946925 0.988115 0.995675 0.99866 0.998991 0.999071 0.999079 0.99908 0.999081 0.999081 0.999081 0.999081 0.999081 0.999081 0.999081 0.999081 0.999081 0.999081 0.999081 0.999081 0.999081 0.999081 0.999081 0.999081 0.999081 0.99908 0.999075 0.999029 0.998836 0.997485 0.99354 0.986926 0.946774 0.903732 0.806909 0.719235 0.719242 0.806917 0.903741 0.946785 0.986861 0.992645 0.982195 0.984135 0.987834 0.990856 0.992743 0.993883 0.994591 0.995071 0.995428 0.995716 0.995961 0.996177 0.996368 0.996538 0.99669 0.996823 0.99694 0.99704 0.997125 0.997194 0.997249 0.99729 0.997317 0.997331 
0.999022 0.999017 0.999008 0.998994 0.998974 0.99895 0.998919 0.998883 0.99884 0.998791 0.998735 0.998673 0.998602 0.998523 0.998434 0.998331 0.998208 0.998054 0.997844 0.997535 0.997053 0.996291 0.995192 0.993965 0.993643 0.997641 0.997454 0.993539 0.986928 0.946777 0.903734 0.806907 0.719201 0.719335 0.808305 0.907622 0.981972 0.990943 0.993863 0.994119 0.994174 0.994178 0.994179 0.994179 0.994179 0.994179 0.994179 0.994179 0.994179 0.994179 0.994179 0.994179 0.994179 0.994179 0.994179 0.994179 0.994179 0.994179 0.994178 0.994175 0.994138 0.993964 0.992157 0.986744 0.946721 0.903719 0.806902 0.719236 0.719236 0.806912 0.903734 0.946777 0.986928 0.993541 0.997479 0.998292 0.994804 0.994651 0.995609 0.996565 0.997256 0.997699 0.997983 0.998174 0.998314 0.998424 0.998517 0.998597 0.998668 0.99873 0.998786 0.998835 0.998878 0.998915 0.998946 0.998971 0.998991 0.999006 0.999016 0.999021 
0.999642 0.99964 0.999637 0.999631 0.999624 0.999615 0.999604 0.999591 0.999575 0.999557 0.999537 0.999514 0.999488 0.999458 0.999425 0.999386 0.999339 0.999279 0.999197 0.999075 0.998891 0.998621 0.998268 0.997962 0.998033 0.999065 0.99966 0.998967 0.997524 0.993544 0.986924 0.946744 0.903516 0.80541 0.712741 0.747104 0.867379 0.938583 0.944866 0.946584 0.946709 0.946733 0.946735 0.946735 0.946735 0.946735 0.946735 0.946735 0.946735 0.946735 0.946735 0.946735 0.946735 0.946735 0.946735 0.946735 0.946735 0.946735 0.946734 0.946715 0.946616 0.945422 0.940706 0.901076 0.805946 0.718658 0.718762 0.806791 0.90372 0.946773 0.986927 0.993544 0.997524 0.998969 0.99969 0.999288 0.998429 0.998225 0.998439 0.998733 0.998972 0.999139 0.999249 0.999324 0.999379 0.999421 0.999456 0.999486 0.999512 0.999535 0.999555 0.999573 0.999589 0.999602 0.999614 0.999623 0.99963 0.999636 0.99964 0.999642 
0.999869 0.999868 0.999867 0.999865 0.999862 0.999859 0.999855 0.99985 0.999844 0.999838 0.99983 0.999822 0.999812 0.999801 0.999789 0.999774 0.999756 0.999733 0.999701 0.999654 0.999586 0.999492 0.999384 0.999311 0.999374 0.999686 0.999875 0.999884 0.99973 0.998971 0.997507 0.993399 0.985806 0.940037 0.855704 0.67148 0.700355 0.765663 0.799422 0.801564 0.802105 0.802138 0.802143 0.802144 0.802144 0.802144 0.802144 0.802144 0.802144 0.802144 0.802144 0.802144 0.802144 0.802144 0.802144 0.802144 0.802144 0.802143 0.802138 0.802106 0.801581 0.79951 0.766719 0.70375 0.644126 0.792469 0.899165 0.946227 0.986815 0.993533 0.997522 0.998973 0.99973 0.999886 0.999907 0.999761 0.9995 0.999408 0.999451 0.999537 0.999618 0.999679 0.999721 0.99975 0.999771 0.999787 0.9998 0.999811 0.999821 0.99983 0.999837 0.999844 0.999849 0.999854 0.999858 0.999862 0.999865 0.999867 0.999868 0.999869 
0.999952 0.999952 0.999951 0.999951 0.99995 0.999948 0.999947 0.999945 0.999943 0.999941 0.999938 0.999935 0.999931 0.999927 0.999923 0.999917 0.99991 0.999901 0.999889 0.999871 0.999847 0.999815 0.999782 0.999767 0.999796 0.999885 0.999951 0.99998 0.999961 0.999883 0.999657 0.998551 0.993367 0.976461 0.859588 0.672713 0.700189 0.765626 0.799419 0.801564 0.802105 0.802138 0.802143 0.802144 0.802144 0.802144 0.802144 0.802144 0.802144 0.802144 0.802144 0.802144 0.802144 0.802144 0.802144 0.802144 0.802144 0.802143 0.802138 0.802105 0.801564 0.799422 0.765638 0.700202 0.669294 0.826069 0.971082 0.989488 0.99712 0.998901 0.999724 0.999888 0.999962 0.999982 0.999961 0.999912 0.999837 0.999801 0.999808 0.999833 0.999859 0.999881 0.999896 0.999907 0.999916 0.999922 0.999927 0.999931 0.999934 0.999938 0.99994 0.999943 0.999945 0.999947 0.999948 0.999949 0.99995 0.999951 0.999952 0.999952 
0.999982 0.999982 0.999982 0.999982 0.999982 0.999981 0.999981 0.99998 0.999979 0.999978 0.999977 0.999976 0.999975 0.999973 0.999972 0.999969 0.999967 0.999963 0.999959 0.999952 0.999943 0.999933 0.999923 0.999921 0.999932 0.999959 0.999981 0.99999 0.999993 0.999955 0.999757 0.997685 0.989074 0.908802 0.747172 0.742267 0.866058 0.938445 0.944844 0.946582 0.946709 0.946733 0.946735 0.946735 0.946735 0.946735 0.946735 0.946735 0.946735 0.946735 0.946735 0.946735 0.946735 0.946735 0.946735 0.946735 0.946735 0.946735 0.946733 0.946709 0.946582 0.944844 0.938445 0.866056 0.742131 0.745265 0.90757 0.988355 0.997523 0.999683 0.99993 0.999984 0.999995 0.999993 0.999985 0.999968 0.999945 0.999933 0.999933 0.99994 0.999948 0.999956 0.999962 0.999966 0.999969 0.999971 0.999973 0.999975 0.999976 0.999977 0.999978 0.999979 0.99998 0.99998 0.999981 0.999981 0.999982 0.999982 0.999982 0.999982 
0.999994 0.999994 0.999993 0.999993 0.999993 0.999993 0.999993 0.999993 0.999992 0.999992 0.999992 0.999991 0.999991 0.99999 0.99999 0.999989 0.999988 0.999986 0.999985 0.999982 0.999979 0.999976 0.999973 0.999973 0.999977 0.999985 0.999992 0.999994 0.99999 0.999929 0.999166 0.995381 0.951541 0.839106 0.712935 0.867746 0.978332 0.990222 0.993807 0.994111 0.994173 0.994178 0.994179 0.994179 0.994179 0.994179 0.994179 0.994179 0.994179 0.994179 0.994179 0.994179 0.994179 0.994179 0.994179 0.994179 0.994179 0.994179 0.994178 0.994173 0.994111 0.993807 0.990222 0.978332 0.867743 0.712855 0.838997 0.951455 0.995319 0.999136 0.999923 0.999988 0.999998 0.999997 0.999994 0.999988 0.999981 0.999977 0.999976 0.999978 0.999981 0.999984 0.999986 0.999987 0.999989 0.999989 0.99999 0.999991 0.999991 0.999992 0.999992 0.999992 0.999993 0.999993 0.999993 0.999993 0.999993 0.999993 0.999994 0.999994 
0.999998 0.999998 0.999998 0.999998 0.999998 0.999997 0.999997 0.999997 0.999997 0.999997 0.999997 0.999997 0.999997 0.999996 0.999996 0.999996 0.999995 0.999995 0.999994 0.999993 0.999992 0.999991 0.999991 0.999991 0.999992 0.999994 0.999996 0.999997 0.999985 0.999871 0.998878 0.992356 0.942696 0.77505 0.773948 0.940435 0.990417 0.997849 0.998915 0.999063 0.999079 0.999081 0.999081 0.999081 0.999081 0.999081 0.999081 0.999081 0.999081 0.999081 0.999081 0.999081 0.999081 0.999081 0.999081 0.999081 0.999081 0.999081 0.999081 0.999079 0.999063 0.998915 0.997849 0.990418 0.940436 0.773949 0.775001 0.942577 0.991758 0.998758 0.99983 0.99998 0.999997 0.999998 0.999997 0.999996 0.999994 0.999992 0.999992 0.999992 0.999993 0.999994 0.999995 0.999995 0.999996 0.999996 0.999996 0.999997 0.999997 0.999997 0.999997 0.999997 0.999997 0.999997 0.999997 0.999998 0.999998 0.999998 0.999998 0.999998 
0.999999 0.999999 0.999999 0.999999 0.999999 0.999999 0.999999 0.999999 0.999999 0.999999 0.999999 0.999999 0.999999 0.999999 0.999999 0.999998 0.999998 0.999998 0.999998 0.999998 0.999997 0.999997 0.999997 0.999997 0.999997 0.999998 0.999997 0.999996 0.999962 0.999728 0.997488 0.98677 0.902139 0.716206 0.837631 0.950853 0.995201 0.999048 0.99984 0.999903 0.999912 0.999913 0.999913 0.999913 0.999913 0.999913 0.999913 0.999913 0.999913 0.999913 0.999913 0.999913 0.999913 0.999913 0.999913 0.999913 0.999913 0.999913 0.999913 0.999912 0.999903 0.99984 0.999048 0.995202 0.950858 0.837672 0.716066 0.900938 0.984062 0.996177 0.999517 0.999912 0.999991 0.999998 0.999998 0.999998 0.999998 0.999997 0.999997 0.999997 0.999998 0.999998 0.999998 0.999998 0.999998 0.999999 0.999999 0.999999 0.999999 0.999999 0.999999 0.999999 0.999999 0.999999 0.999999 0.999999 0.999999 0.999999 0.999999 0.999999 
1 1 1 1 1 1 1 1 1 1 1 1 1 1 0.999999 0.999999 0.999999 0.999999 0.999999 0.999999 0.999999 0.999999 0.999999 0.999999 0.999999 0.999999 0.999998 0.999987 0.999889 0.998974 0.993546 0.946735 0.806782 0.720095 0.905746 0.98811 0.997673 0.999764 0.999956 0.999987 0.999989 0.99999 0.99999 0.99999 0.99999 0.99999 0.99999 0.99999 0.99999 0.99999 0.99999 0.99999 0.99999 0.99999 0.99999 0.99999 0.99999 0.99999 0.99999 0.999989 0.999987 0.999956 0.999764 0.997676 0.988151 0.905935 0.721447 0.802252 0.910361 0.987565 0.997 0.999653 0.999942 0.999994 0.999999 0.999999 0.999999 0.999999 0.999999 0.999999 0.999999 0.999999 0.999999 0.999999 0.999999 0.999999 1 1 1 1 1 1 1 1 1 1 1 1 1 1 
1 1 1 1 1 1 1 1 1 1 1 1 1 1 1 1 1 1 1 1 1 1 1 0.999999 0.999999 0.999999 0.999996 0.999963 0.999734 0.997543 0.98696 0.903747 0.719214 0.806991 0.947327 0.993639 0.999009 0.999892 0.999987 0.999998 0.999999 0.999999 0.999999 0.999999 0.999999 0.999999 0.999999 0.999999 0.999999 0.999999 0.999999 0.999999 0.999999 0.999999 0.999999 0.999999 0.999999 0.999999 0.999999 0.999999 0.999998 0.999987 0.999894 0.99903 0.993773 0.948643 0.811995 0.68871 0.807345 0.942017 0.990335 0.998207 0.999785 0.99997 0.999997 0.999999 0.999999 1 1 1 1 1 1 1 1 1 1 1 1 1 1 1 1 1 1 1 1 1 1 1 
1 1 1 1 1 1 1 1 1 1 1 1 1 1 1 1 1 1 1 1 1 1 1 1 0.999999 0.999999 0.999988 0.999894 0.999011 0.993646 0.947329 0.806992 0.719214 0.903747 0.986959 0.997543 0.999733 0.999963 0.999996 1 1 1 1 1 1 1 1 1 1 1 1 1 1 1 1 1 1 1 1 1 1 0.999997 0.99997 0.999785 0.998207 0.990334 0.942017 0.807345 0.68871 0.811995 0.948645 0.993779 0.999032 0.999895 0.999988 0.999999 1 1 1 1 1 1 1 1 1 1 1 1 1 1 1 1 1 1 1 1 1 1 1 1 
1 1 1 1 1 1 1 1 1 1 1 1 1 1 1 1 1 1 1 1 1 1 1 1 1 0.999997 0.999967 0.999777 0.997701 0.98815 0.905765 0.720098 0.806781 0.946735 0.993546 0.998974 0.999889 0.999987 0.999999 1 1 1 1 1 1 1 1 1 1 1 1 1 1 1 1 1 1 1 1 1 1 0.999999 0.999994 0.999942 0.999652 0.997 0.987565 0.910361 0.802251 0.72145 0.905954 0.988191 0.997704 0.999777 0.999967 0.999997 1 1 1 1 1 1 1 1 1 1 1 1 1 1 1 1 1 1 1 1 1 1 1 1 
1 1 1 1 1 1 1 1 1 1 1 1 1 1 1 1 1 1 1 1 1 1 1 1 0.999999 0.99999 0.99993 0.99917 0.995377 0.951456 0.837735 0.716179 0.902135 0.98677 0.997488 0.999728 0.999962 0.999996 1 1 1 1 1 1 1 1 1 1 1 1 1 1 1 1 1 1 1 1 1 1 1 1 0.999999 0.999991 0.999912 0.999517 0.996177 0.984061 0.900935 0.716041 0.837776 0.951461 0.995378 0.99917 0.99993 0.99999 0.999999 1 1 1 1 1 1 1 1 1 1 1 1 1 1 1 1 1 1 1 1 1 1 1 
1 1 1 1 1 1 1 1 1 1 1 1 1 1 1 1 1 1 1 1 1 1 1 1 0.999999 0.999986 0.999875 0.998915 0.992454 0.943209 0.775013 0.774907 0.942654 0.992352 0.998878 0.999871 0.999985 0.999998 1 1 1 1 1 1 1 1 1 1 1 1 1 1 1 1 1 1 1 1 1 1 1 1 1 0.999997 0.99998 0.999831 0.998758 0.991756 0.942543 0.774876 0.775017 0.94321 0.992454 0.998915 0.999875 0.999986 0.999999 1 1 1 1 1 1 1 1 1 1 1 1 1 1 1 1 1 1 1 1 1 1 1 
1 1 1 1 1 1 1 1 1 1 1 1 1 1 1 1 1 1 1 1 1 1 1 1 0.999997 0.999967 0.999773 0.997663 0.987986 0.904163 0.717035 0.837582 0.951382 0.995354 0.999166 0.999929 0.99999 0.999999 1 1 1 1 1 1 1 1 1 1 1 1 1 1 1 1 1 1 1 1 1 1 1 1 1 0.999999 0.99999 0.999926 0.999146 0.995315 0.951363 0.837579 0.717035 0.904163 0.987986 0.997663 0.999773 0.999967 0.999997 1 1 1 1 1 1 1 1 1 1 1 1 1 1 1 1 1 1 1 1 1 1 1 
1 1 1 1 1 1 1 1 1 1 1 1 1 1 1 1 1 1 1 1 1 1 1 0.999999 0.99999 0.999929 0.999166 0.995354 0.951382 0.837582 0.717035 0.904163 0.987986 0.997663 0.999773 0.999967 0.999997 1 1 1 1 1 1 1 1 1 1 1 1 1 1 1 1 1 1 1 1 1 1 1 1 1 1 1 0.999997 0.999966 0.999772 0.997657 0.987985 0.904162 0.717035 0.837582 0.951382 0.995354 0.999166 0.999929 0.99999 0.999999 1 1 1 1 1 1 1 1 1 1 1 1 1 1 1 1 1 1 1 1 1 1 
1 1 1 1 1 1 1 1 1 1 1 1 1 1 1 1 1 1 1 1 1 1 1 0.999999 0.999985 0.999871 0.998879 0.992358 0.942655 0.774908 0.775013 0.943209 0.992454 0.998915 0.999875 0.999986 0.999999 1 1 1 1 1 1 1 1 1 1 1 1 1 1 1 1 1 1 1 1 1 1 1 1 1 1 1 0.999999 0.999986 0.999875 0.998915 0.992454 0.943208 0.775013 0.774908 0.942655 0.992358 0.998879 0.999871 0.999985 0.999999 1 1 1 1 1 1 1 1 1 1 1 1 1 1 1 1 1 1 1 1 1 1 
1 1 1 1 1 1 1 1 1 1 1 1 1 1 1 1 1 1 1 1 1 1 1 0.999996 0.999963 0.999731 0.997507 0.986802 0.902152 0.716181 0.837734 0.951456 0.995377 0.99917 0.99993 0.99999 0.999999 1 1 1 1 1 1 1 1 1 1 1 1 1 1 1 1 1 1 1 1 1 1 1 1 1 1 1 0.999999 0.99999 0.99993 0.99917 0.995377 0.951456 0.837734 0.716181 0.902152 0.986802 0.997507 0.999731 0.999963 0.999996 1 1 1 1 1 1 1 1 1 1 1 1 1 1 1 1 1 1 1 1 1 1 
1 1 1 1 1 1 1 1 1 1 1 1 1 1 1 1 1 1 1 1 1 1 0.999999 0.999988 0.999894 0.99901 0.993641 0.947287 0.806861 0.720072 0.905761 0.988149 0.997701 0.999777 0.999967 0.999997 1 1 1 1 1 1 1 1 1 1 1 1 1 1 1 1 1 1 1 1 1 1 1 1 1 1 1 1 1 0.999997 0.999967 0.999777 0.997701 0.988149 0.905761 0.720072 0.806861 0.947287 0.993641 0.99901 0.999894 0.999988 0.999999 1 1 1 1 1 1 1 1 1 1 1 1 1 1 1 1 1 1 1 1 1 
1 1 1 1 1 1 1 1 1 1 1 1 1 1 1 1 1 1 1 1 1 1 0.999997 0.999967 0.999776 0.997699 0.988143 0.90576 0.720072 0.806861 0.947287 0.993642 0.99901 0.999894 0.999988 0.999999 1 1 1 1 1 1 1 1 1 1 1 1 1 1 1 1 1 1 1 1 1 1 1 1 1 1 1 1 1 0.999999 0.999988 0.999894 0.99901 0.993642 0.947287 0.806861 0.720072 0.90576 0.988143 0.997699 0.999776 0.999967 0.999997 1 1 1 1 1 1 1 1 1 1 1 1 1 1 1 1 1 1 1 1 1 
1 1 1 1 1 1 1 1 1 1 1 1 1 1 1 1 1 1 1 1 1 0.999999 0.99999 0.999929 0.999167 0.995358 0.951424 0.837718 0.716183 0.902153 0.986803 0.997507 0.999731 0.999963 0.999996 1 1 1 1 1 1 1 1 1 1 1 1 1 1 1 1 1 1 1 1 1 1 1 1 1 1 1 1 1 1 1 0.999996 0.999963 0.999731 0.997507 0.986803 0.902153 0.716183 0.837718 0.951424 0.995358 0.999167 0.999929 0.99999 0.999999 1 1 1 1 1 1 1 1 1 1 1 1 1 1 1 1 1 1 1 1 
1 1 1 1 1 1 1 1 1 1 1 1 1 1 1 1 1 1 1 1 1 0.999999 0.999985 0.999871 0.998879 0.992359 0.942659 0.774936 0.774936 0.942659 0.992359 0.998879 0.999871 0.999985 0.999999 1 1 1 1 1 1 1 1 1 1 1 1 1 1 1 1 1 1 1 1 1 1 1 1 1 1 1 1 1 1 1 0.999999 0.999985 0.999871 0.998879 0.992359 0.942659 0.774936 0.774936 0.942659 0.992359 0.998879 0.999871 0.999985 0.999999 1 1 1 1 1 1 1 1 1 1 1 1 1 1 1 1 1 1 1 1 
1 1 1 1 1 1 1 1 1 1 1 1 1 1 1 1 1 1 1 1 1 0.999996 0.999963 0.999731 0.997507 0.986803 0.902153 0.716183 0.837718 0.951424 0.995358 0.999167 0.999929 0.99999 0.999999 1 1 1 1 1 1 1 1 1 1 1 1 1 1 1 1 1 1 1 1 1 1 1 1 1 1 1 1 1 1 1 0.999999 0.99999 0.999929 0.999167 0.995358 0.951424 0.837718 0.716183 0.902153 0.986803 0.997507 0.999731 0.999963 0.999996 1 1 1 1 1 1 1 1 1 1 1 1 1 1 1 1 1 1 1 1 
1 1 1 1 1 1 1 1 1 1 1 1 1 1 1 1 1 1 1 1 0.999999 0.999988 0.999894 0.99901 0.993641 0.947287 0.806861 0.720072 0.90576 0.988143 0.997699 0.999776 0.999967 0.999997 1 1 1 1 1 1 1 1 1 1 1 1 1 1 1 1 1 1 1 1 1 1 1 1 1 1 1 1 1 1 1 1 1 0.999997 0.999967 0.999776 0.997699 0.988143 0.90576 0.720072 0.806861 0.947287 0.993641 0.99901 0.999894 0.999988 0.999999 1 1 1 1 1 1 1 1 1 1 1 1 1 1 1 1 1 1 1 
1 1 1 1 1 1 1 1 1 1 1 1 1 1 1 1 1 1 1 0.999999 0.999997 0.999967 0.999776 0.997699 0.988143 0.90576 0.720072 0.806861 0.947287 0.993641 0.99901 0.999894 0.999988 0.999999 1 1 1 1 1 1 1 1 1 1 1 1 1 1 1 1 1 1 1 1 1 1 1 1 1 1 1 1 1 1 1 1 1 0.999999 0.999988 0.999894 0.99901 0.993641 0.947287 0.806861 0.720072 0.90576 0.988143 0.997699 0.999776 0.999967 0.999997 0.999999 1 1 1 1 1 1 1 1 1 1 1 1 1 1 1 1 1 1 
1 1 1 1 1 1 1 1 1 1 1 1 1 1 1 1 1 1 0.999999 0.999999 0.99999 0.999929 0.999167 0.995358 0.951424 0.837718 0.716183 0.902153 0.986803 0.997507 0.999731 0.999963 0.999996 1 1 1 1 1 1 1 1 1 1 1 1 1 1 1 1 1 1 1 1 1 1 1 1 1 1 1 1 1 1 1 1 1 1 1 0.999996 0.999963 0.999731 0.997507 0.986803 0.902153 0.716183 0.837718 0.951424 0.995358 0.999167 0.999929 0.99999 0.999999 0.999999 1 1 1 1 1 1 1 1 1 1 1 1 1 1 1 1 1 
1 1 1 1 1 1 1 1 1 1 1 1 1 1 1 0.999999 0.999999 0.999999 0.999999 0.999997 0.999985 0.999871 0.998879 0.992359 0.942659 0.774936 0.774936 0.942659 0.992359 0.998879 0.999871 0.999985 0.999999 1 1 1 1 1 1 1 1 1 1 1 1 1 1 1 1 1 1 1 1 1 1 1 1 1 1 1 1 1 1 1 1 1 1 1 0.999999 0.999985 0.999871 0.998879 0.992359 0.942659 0.774936 0.774936 0.942659 0.992359 0.998879 0.999871 0.999985 0.999997 0.999999 0.999999 0.999999 0.999999 1 1 1 1 1 1 1 1 1 1 1 1 1 1 
0.999999 0.999999 0.999999 0.999999 0.999999 0.999999 0.999999 0.999999 0.999999 0.999999 0.999999 0.999999 0.999999 0.999999 0.999999 0.999999 0.999998 0.999997 0.999996 0.999992 0.999961 0.999731 0.997507 0.986803 0.902153 0.716183 0.837718 0.951424 0.995358 0.999167 0.999929 0.99999 0.999999 1 1 1 1 1 1 1 1 1 1 1 1 1 1 1 1 1 1 1 1 1 1 1 1 1 1 1 1 1 1 1 1 1 1 1 0.999999 0.99999 0.999929 0.999167 0.995358 0.951424 0.837718 0.716183 0.902153 0.986803 0.997507 0.999731 0.999961 0.999992 0.999996 0.999997 0.999998 0.999999 0.999999 0.999999 0.999999 0.999999 0.999999 0.999999 0.999999 0.999999 0.999999 0.999999 0.999999 0.999999 0.999999 0.999999 
0.999998 0.999998 0.999998 0.999998 0.999998 0.999998 0.999998 0.999998 0.999998 0.999998 0.999998 0.999998 0.999998 0.999998 0.999997 0.999997 0.999995 0.999993 0.999989 0.999976 0.999891 0.99901 0.993641 0.947287 0.806861 0.720072 0.90576 0.988143 0.997699 0.999776 0.999967 0.999997 1 1 1 1 1 1 1 1 1 1 1 1 1 1 1 1 1 1 1 1 1 1 1 1 1 1 1 1 1 1 1 1 1 1 1 1 1 0.999997 0.999967 0.999776 0.997699 0.988143 0.90576 0.720072 0.806861 0.947287 0.993641 0.99901 0.999891 0.999976 0.999989 0.999993 0.999995 0.999997 0.999997 0.999998 0.999998 0.999998 0.999998 0.999998 0.999998 0.999998 0.999998 0.999998 0.999998 0.999998 0.999998 0.999998 
0.999996 0.999996 0.999996 0.999996 0.999996 0.999996 0.999996 0.999996 0.999996 0.999996 0.999996 0.999996 0.999995 0.999995 0.999993 0.999991 0.999988 0.999981 0.999971 0.999938 0.999769 0.997699 0.988143 0.90576 0.720072 0.806861 0.947287 0.993641 0.99901 0.999894 0.999988 0.999999 1 1 1 1 1 1 1 1 1 1 1 1 1 1 1 1 1 1 1 1 1 1 1 1 1 1 1 1 1 1 1 1 1 1 1 1 1 0.999999 0.999988 0.999894 0.99901 0.993641 0.947287 0.806861 0.720072 0.90576 0.988143 0.997699 0.999769 0.999938 0.999971 0.999981 0.999988 0.999991 0.999993 0.999995 0.999995 0.999996 0.999996 0.999996 0.999996 0.999996 0.999996 0.999996 0.999996 0.999996 0.999996 0.999996 
0.999988 0.999988 0.999988 0.999989 0.999989 0.999989 0.999989 0.999989 0.999989 0.999989 0.999989 0.999988 0.999988 0.999986 0.999983 0.999978 0.999968 0.999952 0.99992 0.999854 0.999159 0.995357 0.951424 0.837718 0.716183 0.902153 0.986803 0.997507 0.999731 0.999963 0.999996 1 1 1 1 1 1 1 1 1 1 1 1 1 1 1 1 1 1 1 1 1 1 1 1 1 1 1 1 1 1 1 1 1 1 1 1 1 1 1 0.999996 0.999963 0.999731 0.997507 0.986803 0.902153 0.716183 0.837718 0.951424 0.995357 0.999159 0.999854 0.99992 0.999952 0.999968 0.999978 0.999983 0.999986 0.999988 0.999988 0.999989 0.999989 0.999989 0.999989 0.999989 0.999989 0.999989 0.999989 0.999988 0.999988 
0.999968 0.999968 0.999969 0.999969 0.999969 0.999969 0.999969 0.999969 0.99997 0.99997 0.999969 0.999969 0.999967 0.999964 0.999956 0.999943 0.999919 0.999879 0.999812 0.999676 0.998855 0.992354 0.942658 0.774936 0.774936 0.942659 0.992359 0.998879 0.999871 0.999985 0.999999 1 1 1 1 1 1 1 1 1 1 1 1 1 1 1 1 1 1 1 1 1 1 1 1 1 1 1 1 1 1 1 1 1 1 1 1 1 1 1 0.999999 0.999985 0.999871 0.998879 0.992359 0.942659 0.774936 0.774936 0.942658 0.992354 0.998855 0.999676 0.999812 0.999879 0.999919 0.999943 0.999956 0.999964 0.999967 0.999969 0.999969 0.99997 0.99997 0.999969 0.999969 0.999969 0.999969 0.999969 0.999969 0.999968 
0.999914 0.999914 0.999914 0.999914 0.999915 0.999915 0.999916 0.999916 0.999917 0.999917 0.999917 0.999916 0.999913 0.999905 0.999888 0.999855 0.999794 0.999689 0.99951 0.999224 0.997441 0.986791 0.902152 0.716183 0.837718 0.951424 0.995358 0.999167 0.999929 0.99999 0.999999 1 1 1 1 1 1 1 1 1 1 1 1 1 1 1 1 1 1 1 1 1 1 1 1 1 1 1 1 1 1 1 1 1 1 1 1 1 1 1 0.999999 0.99999 0.999929 0.999167 0.995358 0.951424 0.837718 0.716183 0.902152 0.986791 0.997441 0.999224 0.99951 0.999689 0.999794 0.999855 0.999888 0.999905 0.999913 0.999916 0.999917 0.999917 0.999917 0.999916 0.999916 0.999915 0.999915 0.999914 0.999914 0.999914 
0.999764 0.999764 0.999765 0.999766 0.999767 0.999768 0.999769 0.999771 0.999773 0.999774 0.999775 0.999773 0.999766 0.999749 0.99971 0.999631 0.999479 0.999203 0.998699 0.997638 0.993474 0.947254 0.806858 0.720072 0.90576 0.988143 0.997699 0.999776 0.999967 0.999997 1 1 1 1 1 1 1 1 1 1 1 1 1 1 1 1 1 1 1 1 1 1 1 1 1 1 1 1 1 1 1 1 1 1 1 1 1 1 1 1 1 0.999997 0.999967 0.999776 0.997699 0.988143 0.90576 0.720072 0.806858 0.947254 0.993474 0.997638 0.998699 0.999203 0.999479 0.999631 0.99971 0.999749 0.999766 0.999773 0.999775 0.999774 0.999773 0.999771 0.999769 0.999768 0.999767 0.999766 0.999765 0.999764 
0.999356 0.999356 0.999357 0.999359 0.999362 0.999365 0.999369 0.999374 0.999379 0.999384 0.999388 0.999386 0.999374 0.999337 0.999251 0.999068 0.998708 0.998013 0.996834 0.994181 0.987679 0.905684 0.720064 0.806862 0.947287 0.993641 0.99901 0.999894 0.999988 0.999999 1 1 1 1 1 1 1 1 1 1 1 1 1 1 1 1 1 1 1 1 1 1 1 1 1 1 1 1 1 1 1 1 1 1 1 1 1 1 1 1 1 0.999999 0.999988 0.999894 0.99901 0.993641 0.947287 0.806862 0.720064 0.905684 0.987679 0.994181 0.996834 0.998013 0.998708 0.999068 0.999251 0.999337 0.999374 0.999386 0.999388 0.999384 0.999379 0.999374 0.999369 0.999365 0.999362 0.999359 0.999357 0.999356 
0.998239 0.998241 0.998244 0.998249 0.998256 0.998266 0.998277 0.998291 0.998306 0.998321 0.998333 0.998336 0.998316 0.998244 0.998059 0.997649 0.996794 0.995179 0.991669 0.986392 0.950545 0.837544 0.716196 0.902156 0.986803 0.997507 0.999731 0.999963 0.999996 1 1 1 1 1 1 1 1 1 1 1 1 1 1 1 1 1 1 1 1 1 1 1 1 1 1 1 1 1 1 1 1 1 1 1 1 1 1 1 1 1 1 1 0.999996 0.999963 0.999731 0.997507 0.986803 0.902156 0.716196 0.837544 0.950545 0.986392 0.991669 0.995179 0.996794 0.997649 0.998059 0.998244 0.998316 0.998336 0.998333 0.998321 0.998306 0.998291 0.998277 0.998266 0.998256 0.998249 0.998244 0.998241 
0.995197 0.9952 0.995209 0.995223 0.995243 0.995269 0.995301 0.995338 0.99538 0.995424 0.995465 0.99549 0.995467 0.995334 0.994954 0.99406 0.992163 0.98845 0.981755 0.970678 0.940233 0.774547 0.774975 0.942665 0.99236 0.998879 0.999871 0.999985 0.999999 1 1 1 1 1 1 1 1 1 1 1 1 1 1 1 1 1 1 1 1 1 1 1 1 1 1 1 1 1 1 1 1 1 1 1 1 1 1 1 1 1 1 1 0.999999 0.999985 0.999871 0.998879 0.99236 0.942665 0.774975 0.774547 0.940233 0.970678 0.981755 0.98845 0.992163 0.99406 0.994954 0.995334 0.995467 0.99549 0.995465 0.995424 0.99538 0.995338 0.995301 0.995269 0.995243 0.995223 0.995209 0.9952 
0.986946 0.986954 0.986977 0.987016 0.98707 0.987141 0.987227 0.987329 0.987445 0.987571 0.987697 0.987796 0.987808 0.987595 0.986855 0.984959 0.980703 0.972083 0.956331 0.933232 0.895749 0.715241 0.837831 0.951441 0.99536 0.999167 0.999929 0.99999 0.999999 1 1 1 1 1 1 1 1 1 1 1 1 1 1 1 1 1 1 1 1 1 1 1 1 1 1 1 1 1 1 1 1 1 1 1 1 1 1 1 1 1 1 1 0.999999 0.99999 0.999929 0.999167 0.99536 0.951441 0.837831 0.715241 0.895749 0.933232 0.956331 0.972083 0.980703 0.984959 0.986855 0.987595 0.987808 0.987796 0.987697 0.987571 0.987445 0.987329 0.987227 0.987141 0.98707 0.987016 0.986977 0.986954 
0.964903 0.964923 0.964984 0.965086 0.965229 0.965415 0.965644 0.965915 0.966227 0.966573 0.966935 0.967264 0.967444 0.9672 0.965891 0.962108 0.952919 0.932805 0.895455 0.820013 0.790924 0.722445 0.906105 0.988192 0.997704 0.999777 0.999967 0.999997 1 1 1 1 1 1 1 1 1 1 1 1 1 1 1 1 1 1 1 1 1 1 1 1 1 1 1 1 1 1 1 1 1 1 1 1 1 1 1 1 1 1 1 1 1 0.999997 0.999967 0.999777 0.997704 0.988192 0.906105 0.722445 0.790924 0.820013 0.895455 0.932805 0.952919 0.962108 0.965891 0.9672 0.967444 0.967264 0.966935 0.966573 0.966227 0.965915 0.965644 0.965415 0.965229 0.965086 0.964984 0.964923 
0.908257 0.908307 0.908459 0.908714 0.909073 0.909538 0.910111 0.910794 0.911584 0.912474 0.913434 0.914385 0.915126 0.915157 0.913274 0.906587 0.889259 0.848175 0.777902 0.645553 0.679183 0.813873 0.948294 0.993767 0.999023 0.999895 0.999988 0.999999 1 1 1 1 1 1 1 1 1 1 1 1 1 1 1 1 1 1 1 1 1 1 1 1 1 1 1 1 1 1 1 1 1 1 1 1 1 1 1 1 1 1 1 1 1 0.999999 0.999988 0.999895 0.999023 0.993767 0.948294 0.813873 0.679183 0.645553 0.777902 0.848175 0.889259 0.906587 0.913274 0.915157 0.915126 0.914385 0.913434 0.912474 0.911584 0.910794 0.910111 0.909538 0.909073 0.908714 0.908459 0.908307 
0.778854 0.778959 0.779272 0.779796 0.780537 0.781498 0.782687 0.784109 0.785767 0.787654 0.789737 0.791912 0.793894 0.79494 0.793128 0.78383 0.756034 0.691618 0.569174 0.47997 0.764023 0.918503 0.988478 0.997766 0.999754 0.999965 0.999997 1 1 1 1 1 1 1 1 1 1 1 1 1 1 1 1 1 1 1 1 1 1 1 1 1 1 1 1 1 1 1 1 1 1 1 1 1 1 1 1 1 1 1 1 1 1 1 0.999997 0.999965 0.999754 0.997766 0.988478 0.918503 0.764023 0.47997 0.569174 0.691618 0.756034 0.78383 0.793128 0.79494 0.793894 0.791912 0.789737 0.787654 0.785767 0.784109 0.782687 0.781498 0.780537 0.779796 0.779272 0.778959 
0.570351 0.570469 0.570823 0.571418 0.572263 0.573367 0.574743 0.576406 0.578372 0.580648 0.58322 0.586011 0.588762 0.590733 0.589936 0.581365 0.554347 0.494864 0.427477 0.513838 0.859586 0.970075 0.995156 0.999317 0.999911 0.99999 0.999999 1 1 1 1 1 1 1 1 1 1 1 1 1 1 1 1 1 1 1 1 1 1 1 1 1 1 1 1 1 1 1 1 1 1 1 1 1 1 1 1 1 1 1 1 1 1 1 0.999999 0.99999 0.999911 0.999317 0.995156 0.970075 0.859586 0.513838 0.427477 0.494864 0.554347 0.581365 0.589936 0.590733 0.588762 0.586011 0.58322 0.580648 0.578372 0.576406 0.574743 0.573367 0.572263 0.571418 0.570823 0.570469 
