0.529924 0.529802 0.529436 0.528826 0.527972 0.526876 0.525541 0.523972 0.522175 0.520157 0.517911 0.515387 0.512401 0.508377 0.501716 0.48846 0.460846 0.414636 0.395519 0.54406 0.845687 0.965464 0.993384 0.998863 0.999819 0.999974 0.999996 1 1 1 1 1 1 1 1 1 1 1 1 1 1 1 1 1 1 1 1 1 1 1 1 1 1 1 1 1 1 1 1 1 1 1 1 1 1 1 1 1 1 1 1 1 1 1 0.999996 0.999974 0.999819 0.998863 0.993384 0.965464 0.845687 0.54406 0.395519 0.414636 0.460846 0.48846 0.501716 0.508377 0.512401 0.515387 0.517911 0.520157 0.522175 0.523972 0.525541 0.526876 0.527972 0.528826 0.529436 0.529802 
0.735893 0.735729 0.735238 0.734412 0.733242 0.731715 0.729812 0.727512 0.724784 0.721585 0.717838 0.713381 0.707828 0.700212 0.688075 0.665517 0.620022 0.53683 0.444238 0.517594 0.835176 0.955065 0.991935 0.998459 0.999776 0.999965 0.999996 0.999999 1 1 1 1 1 1 1 1 1 1 1 1 1 1 1 1 1 1 1 1 1 1 1 1 1 1 1 1 1 1 1 1 1 1 1 1 1 1 1 1 1 1 1 1 1 0.999999 0.999996 0.999965 0.999776 0.998459 0.991935 0.955065 0.835176 0.517594 0.444238 0.53683 0.620022 0.665517 0.688075 0.700212 0.707828 0.713381 0.717838 0.721585 0.724784 0.727512 0.729812 0.731715 0.733242 0.734412 0.735238 0.735729 
0.886506 0.88642 0.886161 0.885725 0.885106 0.884296 0.883283 0.882051 0.880579 0.878832 0.876742 0.874162 0.870737 0.865582 0.85647 0.837903 0.797457 0.712571 0.570582 0.482171 0.756658 0.928884 0.985485 0.997304 0.999562 0.999935 0.999991 0.999999 1 1 1 1 1 1 1 1 1 1 1 1 1 1 1 1 1 1 1 1 1 1 1 1 1 1 1 1 1 1 1 1 1 1 1 1 1 1 1 1 1 1 1 1 1 0.999999 0.999991 0.999935 0.999562 0.997304 0.985485 0.928884 0.756658 0.482171 0.570582 0.712571 0.797457 0.837903 0.85647 0.865582 0.870737 0.874162 0.876742 0.878832 0.880579 0.882051 0.883283 0.884296 0.885106 0.885725 0.886161 0.88642 
0.956056 0.95602 0.955914 0.955734 0.955478 0.955143 0.954723 0.95421 0.953594 0.952851 0.95194 0.950759 0.949066 0.946262 0.940841 0.92926 0.902661 0.846457 0.722015 0.591182 0.657068 0.864423 0.972549 0.993916 0.999049 0.99984 0.999978 0.999997 1 1 1 1 1 1 1 1 1 1 1 1 1 1 1 1 1 1 1 1 1 1 1 1 1 1 1 1 1 1 1 1 1 1 1 1 1 1 1 1 1 1 1 1 1 0.999997 0.999978 0.99984 0.999049 0.993916 0.972549 0.864423 0.657068 0.591182 0.722015 0.846457 0.902661 0.92926 0.940841 0.946262 0.949066 0.950759 0.95194 0.952851 0.953594 0.95421 0.954723 0.955143 0.955478 0.955734 0.955914 0.95602 
0.983564 0.98355 0.983509 0.98344 0.983342 0.983213 0.98305 0.982852 0.982611 0.982315 0.981939 0.981424 0.980626 0.9792 0.976328 0.970094 0.956441 0.927183 0.870853 0.787849 0.632608 0.744555 0.920044 0.985776 0.997327 0.999596 0.999941 0.999992 0.999999 1 1 1 1 1 1 1 1 1 1 1 1 1 1 1 1 1 1 1 1 1 1 1 1 1 1 1 1 1 1 1 1 1 1 1 1 1 1 1 1 1 1 1 0.999999 0.999992 0.999941 0.999596 0.997327 0.985776 0.920044 0.744555 0.632608 0.787849 0.870853 0.927183 0.956441 0.970094 0.976328 0.9792 0.980626 0.981424 0.981939 0.982315 0.982611 0.982852 0.98305 0.983213 0.983342 0.98344 0.983509 0.98355 
0.993938 0.993933 0.993918 0.993892 0.993855 0.993807 0.993746 0.993671 0.993578 0.993462 0.993309 0.993084 0.992711 0.99201 0.990569 0.987498 0.980872 0.9675 0.939843 0.897329 0.738733 0.642483 0.86357 0.974374 0.994354 0.999192 0.999862 0.999983 0.999998 1 1 1 1 1 1 1 1 1 1 1 1 1 1 1 1 1 1 1 1 1 1 1 1 1 1 1 1 1 1 1 1 1 1 1 1 1 1 1 1 1 1 1 0.999998 0.999983 0.999862 0.999192 0.994354 0.974374 0.86357 0.642483 0.738733 0.897329 0.939843 0.9675 0.980872 0.987498 0.990569 0.99201 0.992711 0.993084 0.993309 0.993462 0.993578 0.993671 0.993746 0.993807 0.993855 0.993892 0.993918 0.993933 
0.997774 0.997773 0.997767 0.997757 0.997744 0.997726 0.997703 0.997675 0.997639 0.997593 0.997529 0.99743 0.997256 0.99692 0.996231 0.994795 0.99183 0.986164 0.974617 0.961008 0.854571 0.63473 0.779243 0.927993 0.989335 0.997836 0.999723 0.999956 0.999995 0.999999 1 1 1 1 1 1 1 1 1 1 1 1 1 1 1 1 1 1 1 1 1 1 1 1 1 1 1 1 1 1 1 1 1 1 1 1 1 1 1 1 1 0.999999 0.999995 0.999956 0.999723 0.997836 0.989335 0.927993 0.779243 0.63473 0.854571 0.961008 0.974617 0.986164 0.99183 0.994795 0.996231 0.99692 0.997256 0.99743 0.997529 0.997593 0.997639 0.997675 0.997703 0.997726 0.997744 0.997757 0.997767 0.997773 
0.999184 0.999184 0.999182 0.999178 0.999173 0.999166 0.999158 0.999147 0.999134 0.999115 0.999088 0.999044 0.998963 0.998805 0.998483 0.997829 0.996516 0.994013 0.988959 0.979723 0.909647 0.703288 0.703393 0.910238 0.982825 0.996871 0.999506 0.999928 0.99999 0.999999 1 1 1 1 1 1 1 1 1 1 1 1 1 1 1 1 1 1 1 1 1 1 1 1 1 1 1 1 1 1 1 1 1 1 1 1 1 1 1 1 1 0.999999 0.99999 0.999928 0.999506 0.996871 0.982825 0.910238 0.703393 0.703288 0.909647 0.979723 0.988959 0.994013 0.996516 0.997829 0.998483 0.998805 0.998963 0.999044 0.999088 0.999115 0.999134 0.999147 0.999158 0.999166 0.999173 0.999178 0.999182 0.999184 
0.999701 0.999701 0.9997 0.999699 0.999697 0.999695 0.999691 0.999687 0.999682 0.999674 0.999663 0.999643 0.999606 0.999532 0.999385 0.999089 0.998494 0.997358 0.994646 0.988338 0.927781 0.779166 0.634967 0.856021 0.971272 0.993701 0.999023 0.999837 0.999978 0.999997 1 1 1 1 1 1 1 1 1 1 1 1 1 1 1 1 1 1 1 1 1 1 1 1 1 1 1 1 1 1 1 1 1 1 1 1 1 1 1 1 1 0.999997 0.999978 0.999837 0.999023 0.993701 0.971272 0.856021 0.634967 0.779166 0.927781 0.988338 0.994646 0.997358 0.998494 0.999089 0.999385 0.999532 0.999606 0.999643 0.999663 0.999674 0.999682 0.999687 0.999691 0.999695 0.999697 0.999699 0.9997 0.999701 
0.999891 0.999891 0.99989 0.99989 0.999889 0.999888 0.999887 0.999885 0.999883 0.99988 0.999875 0.999866 0.999849 0.999816 0.99975 0.999619 0.99937 0.998869 0.997953 0.994036 0.97428 0.863426 0.641949 0.742277 0.919585 0.985704 0.997317 0.999595 0.99994 0.999992 0.999999 1 1 1 1 1 1 1 1 1 1 1 1 1 1 1 1 1 1 1 1 1 1 1 1 1 1 1 1 1 1 1 1 1 1 1 1 1 1 1 0.999999 0.999992 0.99994 0.999595 0.997317 0.985704 0.919585 0.742277 0.641949 0.863426 0.97428 0.994036 0.997953 0.998869 0.99937 0.999619 0.99975 0.999816 0.999849 0.999866 0.999875 0.99988 0.999883 0.999885 0.999887 0.999888 0.999889 0.99989 0.99989 0.999891 
0.99996 0.99996 0.99996 0.99996 0.999959 0.999959 0.999959 0.999958 0.999957 0.999956 0.999954 0.99995 0.999942 0.999927 0.999898 0.999842 0.999738 0.99954 0.999126 0.99721 0.985679 0.91958 0.742276 0.64195 0.863439 0.974351 0.994351 0.999191 0.999862 0.999983 0.999998 1 1 1 1 1 1 1 1 1 1 1 1 1 1 1 1 1 1 1 1 1 1 1 1 1 1 1 1 1 1 1 1 1 1 1 1 1 1 1 0.999998 0.999983 0.999862 0.999191 0.994351 0.974351 0.863439 0.64195 0.742276 0.91958 0.985679 0.99721 0.999126 0.99954 0.999738 0.999842 0.999898 0.999927 0.999942 0.99995 0.999954 0.999956 0.999957 0.999958 0.999959 0.999959 0.999959 0.99996 0.99996 0.99996 
0.999985 0.999985 0.999985 0.999985 0.999985 0.999985 0.999985 0.999985 0.999984 0.999984 0.999983 0.999981 0.999977 0.999971 0.999959 0.999936 0.999895 0.999822 0.999662 0.998963 0.993691 0.97127 0.856019 0.634963 0.779202 0.927984 0.989334 0.997836 0.999723 0.999956 0.999995 0.999999 1 1 1 1 1 1 1 1 1 1 1 1 1 1 1 1 1 1 1 1 1 1 1 1 1 1 1 1 1 1 1 1 1 1 1 1 1 0.999999 0.999995 0.999956 0.999723 0.997836 0.989334 0.927984 0.779202 0.634963 0.856019 0.97127 0.993691 0.998963 0.999662 0.999822 0.999895 0.999936 0.999959 0.999971 0.999977 0.999981 0.999983 0.999984 0.999984 0.999985 0.999985 0.999985 0.999985 0.999985 0.999985 0.999985 
0.999995 0.999995 0.999995 0.999995 0.999995 0.999995 0.999994 0.999994 0.999994 0.999994 0.999994 0.999993 0.999991 0.999988 0.999983 0.999974 0.999958 0.999929 0.999862 0.999482 0.996866 0.982823 0.910235 0.703379 0.703379 0.910235 0.982824 0.996871 0.999506 0.999928 0.99999 0.999999 1 1 1 1 1 1 1 1 1 1 1 1 1 1 1 1 1 1 1 1 1 1 1 1 1 1 1 1 1 1 1 1 1 1 1 1 1 0.999999 0.99999 0.999928 0.999506 0.996871 0.982824 0.910235 0.703379 0.703379 0.910235 0.982823 0.996866 0.999482 0.999862 0.999929 0.999958 0.999974 0.999983 0.999988 0.999991 0.999993 0.999994 0.999994 0.999994 0.999994 0.999994 0.999995 0.999995 0.999995 0.999995 0.999995 
0.999998 0.999998 0.999998 0.999998 0.999998 0.999998 0.999998 0.999998 0.999998 0.999998 0.999998 0.999997 0.999997 0.999995 0.999993 0.99999 0.999983 0.999971 0.999931 0.999713 0.997834 0.989333 0.927984 0.779202 0.634963 0.85602 0.971272 0.993701 0.999023 0.999837 0.999978 0.999997 1 1 1 1 1 1 1 1 1 1 1 1 1 1 1 1 1 1 1 1 1 1 1 1 1 1 1 1 1 1 1 1 1 1 1 1 1 0.999997 0.999978 0.999837 0.999023 0.993701 0.971272 0.85602 0.634963 0.779202 0.927984 0.989333 0.997834 0.999713 0.999931 0.999971 0.999983 0.99999 0.999993 0.999995 0.999997 0.999997 0.999998 0.999998 0.999998 0.999998 0.999998 0.999998 0.999998 0.999998 0.999998 0.999998 
0.999999 0.999999 0.999999 0.999999 0.999999 0.999999 0.999999 0.999999 0.999999 0.999999 0.999999 0.999999 0.999999 0.999998 0.999997 0.999996 0.999993 0.999988 0.999973 0.999858 0.999191 0.994351 0.974351 0.863439 0.64195 0.742277 0.919585 0.985704 0.997317 0.999595 0.99994 0.999992 0.999999 1 1 1 1 1 1 1 1 1 1 1 1 1 1 1 1 1 1 1 1 1 1 1 1 1 1 1 1 1 1 1 1 1 1 1 0.999999 0.999992 0.99994 0.999595 0.997317 0.985704 0.919585 0.742277 0.64195 0.863439 0.974351 0.994351 0.999191 0.999858 0.999973 0.999988 0.999993 0.999996 0.999997 0.999998 0.999999 0.999999 0.999999 0.999999 0.999999 0.999999 0.999999 0.999999 0.999999 0.999999 0.999999 0.999999 
1 1 1 1 1 1 1 1 1 1 1 1 0.999999 0.999999 0.999999 0.999998 0.999997 0.999995 0.999989 0.999939 0.999595 0.997317 0.985704 0.919585 0.742277 0.64195 0.863439 0.974351 0.994351 0.999191 0.999862 0.999983 0.999998 1 1 1 1 1 1 1 1 1 1 1 1 1 1 1 1 1 1 1 1 1 1 1 1 1 1 1 1 1 1 1 1 1 1 1 0.999998 0.999983 0.999862 0.999191 0.994351 0.974351 0.863439 0.64195 0.742277 0.919585 0.985704 0.997317 0.999595 0.999939 0.999989 0.999995 0.999997 0.999998 0.999999 0.999999 0.999999 1 1 1 1 1 1 1 1 1 1 1 
1 1 1 1 1 1 1 1 1 1 1 1 1 1 1 0.999999 0.999999 0.999998 0.999996 0.999977 0.999837 0.999023 0.993701 0.971272 0.85602 0.634963 0.779202 0.927984 0.989334 0.997836 0.999723 0.999956 0.999995 0.999999 1 1 1 1 1 1 1 1 1 1 1 1 1 1 1 1 1 1 1 1 1 1 1 1 1 1 1 1 1 1 1 1 1 0.999999 0.999995 0.999956 0.999723 0.997836 0.989334 0.927984 0.779202 0.634963 0.85602 0.971272 0.993701 0.999023 0.999837 0.999977 0.999996 0.999998 0.999999 0.999999 1 1 1 1 1 1 1 1 1 1 1 1 1 1 
1 1 1 1 1 1 1 1 1 1 1 1 1 1 1 1 1 0.999999 0.999998 0.99999 0.999928 0.999506 0.996871 0.982824 0.910235 0.703379 0.703379 0.910235 0.982824 0.996871 0.999506 0.999928 0.99999 0.999999 1 1 1 1 1 1 1 1 1 1 1 1 1 1 1 1 1 1 1 1 1 1 1 1 1 1 1 1 1 1 1 1 1 0.999999 0.99999 0.999928 0.999506 0.996871 0.982824 0.910235 0.703379 0.703379 0.910235 0.982824 0.996871 0.999506 0.999928 0.99999 0.999998 0.999999 1 1 1 1 1 1 1 1 1 1 1 1 1 1 1 1 
1 1 1 1 1 1 1 1 1 1 1 1 1 1 1 1 1 1 0.999999 0.999995 0.999956 0.999723 0.997836 0.989334 0.927984 0.779202 0.634963 0.85602 0.971272 0.993701 0.999023 0.999837 0.999978 0.999997 1 1 1 1 1 1 1 1 1 1 1 1 1 1 1 1 1 1 1 1 1 1 1 1 1 1 1 1 1 1 1 1 1 0.999997 0.999978 0.999837 0.999023 0.993701 0.971272 0.85602 0.634963 0.779202 0.927984 0.989334 0.997836 0.999723 0.999956 0.999995 0.999999 1 1 1 1 1 1 1 1 1 1 1 1 1 1 1 1 1 
1 1 1 1 1 1 1 1 1 1 1 1 1 1 1 1 1 1 1 0.999998 0.999983 0.999862 0.999191 0.994351 0.974351 0.863439 0.64195 0.742277 0.919585 0.985704 0.997317 0.999595 0.99994 0.999992 0.999999 1 1 1 1 1 1 1 1 1 1 1 1 1 1 1 1 1 1 1 1 1 1 1 1 1 1 1 1 1 1 1 0.999999 0.999992 0.99994 0.999595 0.997317 0.985704 0.919585 0.742277 0.64195 0.863439 0.974351 0.994351 0.999191 0.999862 0.999983 0.999998 1 1 1 1 1 1 1 1 1 1 1 1 1 1 1 1 1 1 
1 1 1 1 1 1 1 1 1 1 1 1 1 1 1 1 1 1 1 0.999999 0.999992 0.99994 0.999595 0.997317 0.985704 0.919585 0.742277 0.64195 0.863439 0.974351 0.994351 0.999191 0.999862 0.999983 0.999998 1 1 1 1 1 1 1 1 1 1 1 1 1 1 1 1 1 1 1 1 1 1 1 1 1 1 1 1 1 1 1 0.999998 0.999983 0.999862 0.999191 0.994351 0.974351 0.863439 0.64195 0.742277 0.919585 0.985704 0.997317 0.999595 0.99994 0.999992 0.999999 1 1 1 1 1 1 1 1 1 1 1 1 1 1 1 1 1 1 
1 1 1 1 1 1 1 1 1 1 1 1 1 1 1 1 1 1 1 1 0.999997 0.999978 0.999837 0.999023 0.993701 0.971272 0.85602 0.634963 0.779202 0.927984 0.989334 0.997836 0.999723 0.999956 0.999995 0.999999 1 1 1 1 1 1 1 1 1 1 1 1 1 1 1 1 1 1 1 1 1 1 1 1 1 1 1 1 1 0.999999 0.999995 0.999956 0.999723 0.997836 0.989334 0.927984 0.779202 0.634963 0.85602 0.971272 0.993701 0.999023 0.999837 0.999978 0.999997 1 1 1 1 1 1 1 1 1 1 1 1 1 1 1 1 1 1 1 
1 1 1 1 1 1 1 1 1 1 1 1 1 1 1 1 1 1 1 1 0.999999 0.99999 0.999928 0.999506 0.996871 0.982824 0.910235 0.703379 0.703379 0.910235 0.982824 0.996871 0.999506 0.999928 0.99999 0.999999 1 1 1 1 1 1 1 1 1 1 1 1 1 1 1 1 1 1 1 1 1 1 1 1 1 1 1 1 1 0.999999 0.99999 0.999928 0.999506 0.996871 0.982824 0.910235 0.703379 0.703379 0.910235 0.982824 0.996871 0.999506 0.999928 0.99999 0.999999 1 1 1 1 1 1 1 1 1 1 1 1 1 1 1 1 1 1 1 
1 1 1 1 1 1 1 1 1 1 1 1 1 1 1 1 1 1 1 1 0.999999 0.999995 0.999956 0.999723 0.997836 0.989334 0.927984 0.779202 0.634963 0.85602 0.971272 0.993701 0.999023 0.999837 0.999978 0.999997 1 1 1 1 1 1 1 1 1 1 1 1 1 1 1 1 1 1 1 1 1 1 1 1 1 1 1 1 1 0.999997 0.999978 0.999837 0.999023 0.993701 0.971272 0.85602 0.634963 0.779202 0.927984 0.989334 0.997836 0.999723 0.999956 0.999995 0.999999 1 1 1 1 1 1 1 1 1 1 1 1 1 1 1 1 1 1 1 
1 1 1 1 1 1 1 1 1 1 1 1 1 1 1 1 1 1 1 1 1 0.999998 0.999983 0.999862 0.999191 0.994351 0.974351 0.863439 0.64195 0.742277 0.919586 0.985706 0.997318 0.999595 0.999941 0.999992 0.999999 1 1 1 1 1 1 1 1 1 1 1 1 1 1 1 1 1 1 1 1 1 1 1 1 1 1 1 0.999999 0.999992 0.999941 0.999595 0.997318 0.985706 0.919586 0.742277 0.64195 0.863439 0.974351 0.994351 0.999191 0.999862 0.999983 0.999998 1 1 1 1 1 1 1 1 1 1 1 1 1 1 1 1 1 1 1 1 
1 1 1 1 1 1 1 1 1 1 1 1 1 1 1 1 1 1 1 1 1 0.999999 0.999992 0.99994 0.999595 0.997317 0.985704 0.919585 0.742276 0.641952 0.863446 0.974373 0.994358 0.999194 0.999862 0.999983 0.999998 1 1 1 1 1 1 1 1 1 1 1 1 1 1 1 1 1 1 1 1 1 1 1 1 1 1 1 0.999998 0.999983 0.999862 0.999194 0.994358 0.974373 0.863446 0.641952 0.742276 0.919585 0.985704 0.997317 0.999595 0.99994 0.999992 0.999999 1 1 1 1 1 1 1 1 1 1 1 1 1 1 1 1 1 1 1 1 
1 1 1 1 1 1 1 1 1 1 1 1 1 1 1 1 1 1 1 1 1 1 0.999997 0.999978 0.999837 0.999023 0.993701 0.971271 0.856015 0.634953 0.77926 0.928094 0.989401 0.997852 0.999728 0.999957 0.999995 0.999999 1 1 1 1 1 1 1 1 1 1 1 1 1 1 1 1 1 1 1 1 1 1 1 1 1 0.999999 0.999995 0.999957 0.999728 0.997852 0.989401 0.928094 0.77926 0.634953 0.856015 0.971271 0.993701 0.999023 0.999837 0.999978 0.999997 1 1 1 1 1 1 1 1 1 1 1 1 1 1 1 1 1 1 1 1 1 
1 1 1 1 1 1 1 1 1 1 1 1 1 1 1 1 1 1 1 1 1 1 0.999999 0.99999 0.999928 0.999506 0.99687 0.982819 0.910213 0.703282 0.703622 0.911404 0.983145 0.997001 0.999529 0.999933 0.999991 0.999999 1 1 1 1 1 1 1 1 1 1 1 1 1 1 1 1 1 1 1 1 1 1 1 1 1 0.999999 0.999991 0.999933 0.999529 0.997001 0.983145 0.911404 0.703622 0.703282 0.910213 0.982819 0.99687 0.999506 0.999928 0.99999 0.999999 1 1 1 1 1 1 1 1 1 1 1 1 1 1 1 1 1 1 1 1 1 
1 1 1 1 1 1 1 1 1 1 1 1 1 1 1 1 1 1 1 1 1 1 0.999999 0.999994 0.999955 0.999722 0.997831 0.989311 0.927831 0.778761 0.636571 0.860102 0.973824 0.99422 0.999176 0.999859 0.999983 0.999998 1 1 1 1 1 1 1 1 1 1 1 1 1 1 1 1 1 1 1 1 1 1 1 1 1 0.999998 0.999983 0.999859 0.999176 0.99422 0.973824 0.860102 0.636571 0.778761 0.927831 0.989311 0.997831 0.999722 0.999955 0.999994 0.999999 1 1 1 1 1 1 1 1 1 1 1 1 1 1 1 1 1 1 1 1 1 
1 1 1 1 1 1 1 1 1 1 1 1 1 1 1 1 1 1 1 1 1 1 0.999999 0.999996 0.999981 0.999857 0.999174 0.994219 0.973824 0.860102 0.636571 0.778761 0.927829 0.989309 0.99783 0.999723 0.999956 0.999995 0.999999 1 1 1 1 1 1 1 1 1 1 1 1 1 1 1 1 1 1 1 1 1 1 1 0.999999 0.999995 0.999956 0.999723 0.99783 0.989309 0.927829 0.778761 0.636571 0.860102 0.973824 0.994219 0.999173 0.999856 0.99998 0.999996 0.999999 1 1 1 1 1 1 1 1 1 1 1 1 1 1 1 1 1 1 1 1 1 
1 1 1 1 1 1 1 1 1 1 1 1 1 1 1 1 1 1 1 1 1 1 0.999999 0.999996 0.999986 0.999926 0.999522 0.996996 0.983143 0.911402 0.703621 0.70328 0.910206 0.982796 0.996863 0.999503 0.999927 0.99999 0.999999 1 1 1 1 1 1 1 1 1 1 1 1 1 1 1 1 1 1 1 1 1 1 1 0.999999 0.99999 0.999927 0.999503 0.996863 0.982796 0.910206 0.70328 0.703621 0.911402 0.983142 0.996994 0.999518 0.999923 0.999984 0.999996 0.999999 1 1 1 1 1 1 1 1 1 1 1 1 1 1 1 1 1 1 1 1 1 
1 1 1 1 1 1 1 1 1 1 1 1 1 1 1 1 1 1 1 1 1 0.999999 0.999998 0.999995 0.999985 0.999936 0.999699 0.997834 0.989386 0.928086 0.779258 0.634945 0.855953 0.971158 0.993634 0.999007 0.999832 0.999977 0.999997 1 1 1 1 1 1 1 1 1 1 1 1 1 1 1 1 1 1 1 1 1 1 1 0.999997 0.999977 0.999832 0.999007 0.993634 0.971159 0.855953 0.634946 0.779255 0.928082 0.989378 0.997828 0.999689 0.999931 0.999983 0.999994 0.999998 0.999999 1 1 1 1 1 1 1 1 1 1 1 1 1 1 1 1 1 1 1 1 
1 1 1 1 1 1 1 1 1 1 1 1 1 1 1 1 1 1 1 1 1 0.999999 0.999997 0.999993 0.99998 0.999941 0.999778 0.999082 0.994291 0.974309 0.863428 0.642015 0.742026 0.918416 0.985386 0.997189 0.999573 0.999935 0.999991 0.999999 1 1 1 1 1 1 1 1 1 1 1 1 1 1 1 1 1 1 1 1 1 0.999999 0.999991 0.999935 0.999573 0.997189 0.985387 0.918419 0.74203 0.642009 0.863411 0.974278 0.994265 0.99904 0.999759 0.999934 0.999978 0.999992 0.999997 0.999999 1 1 1 1 1 1 1 1 1 1 1 1 1 1 1 1 1 1 1 1 
1 1 1 1 1 1 1 1 1 1 1 1 1 1 1 1 1 1 1 1 0.999999 0.999999 0.999996 0.99999 0.999974 0.999926 0.99978 0.999263 0.99695 0.985434 0.919434 0.742564 0.640385 0.859403 0.971829 0.993839 0.99904 0.999839 0.999978 0.999996 0.999999 0.999999 0.999999 0.999999 0.999999 0.999999 0.999999 0.999999 0.999999 0.999999 0.999999 0.999999 0.999999 0.999999 0.999999 0.999999 0.999999 0.999999 0.999999 0.999999 0.999999 0.999996 0.999978 0.99984 0.99904 0.993841 0.971836 0.859424 0.640406 0.742524 0.919334 0.985326 0.996757 0.999193 0.999752 0.999916 0.99997 0.999989 0.999996 0.999998 0.999999 1 1 1 1 1 1 1 1 1 1 1 1 1 1 1 1 1 1 1 
1 1 1 1 1 1 1 1 1 1 1 1 1 1 1 1 1 1 1 1 0.999999 0.999998 0.999995 0.999986 0.999964 0.999902 0.99973 0.999232 0.997723 0.991942 0.970452 0.858154 0.63986 0.743114 0.919919 0.985785 0.997329 0.999593 0.999936 0.999987 0.999993 0.999994 0.999994 0.999994 0.999994 0.999994 0.999994 0.999994 0.999994 0.999994 0.999994 0.999994 0.999994 0.999994 0.999994 0.999994 0.999994 0.999994 0.999994 0.999994 0.999993 0.999987 0.999936 0.999594 0.997332 0.985797 0.919963 0.743224 0.639718 0.85789 0.969988 0.991275 0.997501 0.999141 0.9997 0.99989 0.999959 0.999985 0.999994 0.999998 0.999999 1 1 1 1 1 1 1 1 1 1 1 1 1 1 1 1 1 1 1 
1 1 1 1 1 1 1 1 1 1 1 1 1 1 1 1 1 1 1 1 0.999999 0.999997 0.999993 0.999981 0.99995 0.999867 0.999644 0.99903 0.99732 0.992208 0.976813 0.913505 0.737909 0.644097 0.864862 0.974663 0.994402 0.999167 0.99982 0.999937 0.99995 0.999952 0.999952 0.999952 0.999952 0.999952 0.999952 0.999952 0.999952 0.999952 0.999952 0.999952 0.999952 0.999952 0.999952 0.999952 0.999952 0.999952 0.999952 0.999952 0.99995 0.999936 0.99982 0.999168 0.994416 0.974729 0.8651 0.644694 0.736999 0.912369 0.974965 0.991589 0.997057 0.998938 0.999609 0.999855 0.999945 0.999979 0.999992 0.999997 0.999999 0.999999 1 1 1 1 1 1 1 1 1 1 1 1 1 1 1 1 1 1 
1 1 1 1 1 1 1 1 1 1 1 1 1 1 1 1 1 1 1 0.999999 0.999998 0.999996 0.99999 0.999974 0.999933 0.999824 0.999534 0.998759 0.996677 0.991074 0.975945 0.936196 0.833171 0.620827 0.784895 0.929927 0.989488 0.997651 0.999438 0.999638 0.999667 0.999669 0.999669 0.999669 0.999669 0.999669 0.999669 0.999669 0.999669 0.999669 0.999669 0.999669 0.999669 0.999669 0.999669 0.999669 0.999669 0.999669 0.999669 0.999669 0.999667 0.999636 0.999436 0.99766 0.989548 0.930228 0.785898 0.618073 0.827166 0.931878 0.974307 0.990375 0.99642 0.99866 0.999497 0.999809 0.999927 0.999972 0.999989 0.999996 0.999998 0.999999 1 1 1 1 1 1 1 1 1 1 1 1 1 1 1 1 1 1 
0.999999 0.999999 0.999999 0.999999 0.999999 0.999999 0.999999 0.999999 0.999999 0.999999 0.999999 0.999999 0.999999 0.999999 0.999999 0.999999 0.999999 0.999999 0.999999 0.999999 0.999997 0.999994 0.999986 0.999964 0.999909 0.999765 0.999388 0.998393 0.99573 0.988665 0.969433 0.921877 0.795103 0.62089 0.738208 0.916889 0.983327 0.995309 0.997357 0.997568 0.997566 0.997559 0.997557 0.997556 0.997556 0.997556 0.997556 0.997556 0.997556 0.997556 0.997556 0.997556 0.997556 0.997556 0.997556 0.997556 0.997556 0.997556 0.997557 0.997558 0.997562 0.997556 0.99733 0.99531 0.983566 0.917924 0.74118 0.605251 0.784963 0.917243 0.967531 0.987944 0.995448 0.998285 0.999345 0.999748 0.999902 0.999961 0.999984 0.999993 0.999997 0.999999 0.999999 0.999999 0.999999 0.999999 0.999999 0.999999 0.999999 0.999999 0.999999 0.999999 0.999999 0.999999 0.999999 0.999999 0.999999 0.999999 0.999999 0.999999 
0.999998 0.999998 0.999998 0.999998 0.999998 0.999998 0.999998 0.999998 0.999998 0.999998 0.999998 0.999998 0.999998 0.999999 0.999999 0.999999 0.999999 0.999998 0.999998 0.999997 0.999995 0.99999 0.999978 0.999948 0.999872 0.99968 0.99919 0.997918 0.994585 0.985734 0.962272 0.901009 0.757085 0.530722 0.695235 0.881251 0.96732 0.984477 0.987462 0.987107 0.986883 0.986812 0.986795 0.986792 0.986792 0.986791 0.986791 0.986791 0.986791 0.986791 0.986791 0.986791 0.986791 0.986791 0.986791 0.986791 0.986792 0.986792 0.986794 0.986807 0.986863 0.987028 0.9873 0.98443 0.967808 0.883113 0.696595 0.523824 0.74927 0.896687 0.960419 0.984958 0.994268 0.997787 0.999135 0.999657 0.999862 0.999944 0.999976 0.99999 0.999995 0.999997 0.999998 0.999998 0.999999 0.999999 0.999999 0.999999 0.999998 0.999998 0.999998 0.999998 0.999998 0.999998 0.999998 0.999998 0.999998 0.999998 0.999998 0.999998 
0.999995 0.999995 0.999995 0.999995 0.999995 0.999995 0.999995 0.999995 0.999995 0.999996 0.999996 0.999996 0.999996 0.999996 0.999996 0.999996 0.999996 0.999996 0.999996 0.999994 0.999991 0.999983 0.999965 0.999919 0.999809 0.999541 0.998879 0.997234 0.993096 0.982612 0.95604 0.890597 0.745398 0.523045 0.519176 0.735155 0.883268 0.927774 0.924728 0.920505 0.918938 0.918526 0.918442 0.918426 0.918423 0.918422 0.918422 0.918422 0.918422 0.918422 0.918422 0.918422 0.918422 0.918422 0.918422 0.918422 0.918423 0.918425 0.918437 0.918502 0.918819 0.920105 0.923442 0.926592 0.884675 0.735709 0.521124 0.515539 0.737288 0.885982 0.95386 0.98164 0.992669 0.997047 0.998797 0.999505 0.999793 0.999912 0.999961 0.999982 0.999991 0.999994 0.999995 0.999996 0.999996 0.999996 0.999996 0.999996 0.999996 0.999996 0.999996 0.999996 0.999995 0.999995 0.999995 0.999995 0.999995 0.999995 0.999995 0.999995 
0.999987 0.999987 0.999987 0.999987 0.999987 0.999987 0.999987 0.999987 0.999988 0.999988 0.999988 0.999988 0.999989 0.999989 0.999989 0.999989 0.99999 0.99999 0.999989 0.999987 0.999982 0.999969 0.999938 0.999865 0.999692 0.999283 0.998311 0.995994 0.99045 0.977175 0.945718 0.873825 0.726955 0.509854 0.41948 0.526556 0.675537 0.761816 0.756552 0.740928 0.735112 0.733748 0.73346 0.733409 0.7334 0.733398 0.733398 0.733398 0.733398 0.733398 0.733398 0.733398 0.733398 0.733398 0.733398 0.733398 0.733399 0.733406 0.733445 0.733663 0.73475 0.739348 0.753298 0.75941 0.681982 0.526777 0.418787 0.499873 0.716593 0.86749 0.942518 0.975665 0.989757 0.99568 0.99817 0.999219 0.999664 0.999852 0.999932 0.999966 0.999981 0.999986 0.999989 0.999989 0.99999 0.999989 0.999989 0.999989 0.999989 0.999988 0.999988 0.999988 0.999988 0.999987 0.999987 0.999987 0.999987 0.999987 0.999987 0.999987 
0.999964 0.999964 0.999964 0.999964 0.999965 0.999965 0.999965 0.999966 0.999966 0.999967 0.999967 0.999968 0.999969 0.99997 0.99997 0.999971 0.999972 0.999972 0.999971 0.999968 0.999959 0.999937 0.999884 0.999759 0.999466 0.998785 0.997205 0.993544 0.985095 0.965794 0.922807 0.832862 0.671484 0.474354 0.396437 0.433805 0.474753 0.507511 0.609939 0.70208 0.726464 0.732146 0.733162 0.733358 0.733391 0.733397 0.733398 0.733398 0.733398 0.733398 0.733398 0.733398 0.733398 0.733398 0.733398 0.733397 0.733393 0.733369 0.733228 0.732438 0.728062 0.707997 0.629183 0.515253 0.478802 0.438708 0.398964 0.464605 0.657211 0.822835 0.917338 0.963108 0.983833 0.992964 0.996942 0.998667 0.999413 0.999735 0.999873 0.999932 0.999957 0.999967 0.999971 0.999972 0.999972 0.999971 0.99997 0.99997 0.999969 0.999968 0.999967 0.999967 0.999966 0.999966 0.999965 0.999965 0.999965 0.999964 0.999964 0.999964 
0.999902 0.999902 0.999902 0.999903 0.999903 0.999904 0.999905 0.999906 0.999908 0.999909 0.999911 0.999913 0.999915 0.999917 0.999919 0.999922 0.999924 0.999925 0.999925 0.999921 0.999906 0.999867 0.999773 0.99955 0.99903 0.997828 0.995064 0.988748 0.974474 0.942907 0.876486 0.751607 0.573996 0.45951 0.5143 0.604174 0.663477 0.717274 0.789698 0.867702 0.907017 0.915782 0.917832 0.918289 0.918397 0.918417 0.918421 0.918422 0.918422 0.918422 0.918422 0.918422 0.918422 0.918422 0.918422 0.918419 0.918406 0.918334 0.917993 0.916457 0.909672 0.878706 0.80171 0.727786 0.672965 0.615618 0.526636 0.460601 0.558717 0.73619 0.866898 0.937924 0.972081 0.987638 0.994558 0.9976 0.998928 0.999504 0.999752 0.999858 0.999901 0.999918 0.999924 0.999925 0.999923 0.999921 0.999919 0.999917 0.999915 0.999913 0.999911 0.999909 0.999907 0.999906 0.999905 0.999904 0.999903 0.999903 0.999902 0.999902 
0.999732 0.999732 0.999733 0.999734 0.999736 0.999738 0.999741 0.999744 0.999748 0.999752 0.999757 0.999762 0.999767 0.999773 0.99978 0.999787 0.999793 0.999798 0.999801 0.999795 0.999772 0.999704 0.999536 0.999133 0.998189 0.996005 0.990996 0.979641 0.954395 0.900535 0.795693 0.632697 0.495745 0.544942 0.685058 0.784859 0.839443 0.876967 0.917108 0.950152 0.970968 0.980837 0.985094 0.986426 0.986707 0.986776 0.986788 0.986791 0.986791 0.986791 0.986791 0.986791 0.986791 0.986791 0.98679 0.986782 0.98674 0.98654 0.985688 0.98205 0.973466 0.954238 0.922864 0.883013 0.846105 0.7944 0.699411 0.559559 0.491607 0.614149 0.780118 0.891534 0.949875 0.977512 0.990022 0.995566 0.997993 0.999046 0.999497 0.999686 0.999763 0.999791 0.999798 0.999797 0.999792 0.999785 0.999779 0.999772 0.999766 0.999761 0.999756 0.999751 0.999747 0.999743 0.99974 0.999738 0.999735 0.999734 0.999733 0.999732 
0.999267 0.999268 0.99927 0.999273 0.999278 0.999284 0.999292 0.9993 0.99931 0.999322 0.999335 0.999349 0.999364 0.999381 0.999399 0.999417 0.999436 0.999453 0.999465 0.999463 0.999429 0.999315 0.999017 0.998288 0.996566 0.992565 0.983403 0.962823 0.918189 0.828542 0.678216 0.521787 0.531146 0.685221 0.818223 0.892184 0.928709 0.949836 0.966336 0.979859 0.988679 0.993449 0.99583 0.996943 0.997417 0.997524 0.997549 0.997555 0.997556 0.997556 0.997556 0.997556 0.997556 0.997555 0.997552 0.997535 0.997467 0.997132 0.996176 0.994065 0.989705 0.981605 0.968591 0.952545 0.932342 0.898267 0.829301 0.702506 0.54512 0.51139 0.657726 0.813469 0.90995 0.958805 0.981545 0.991727 0.996192 0.998122 0.998942 0.999281 0.999412 0.999454 0.999459 0.999449 0.999432 0.999414 0.999396 0.999378 0.999362 0.999347 0.999333 0.99932 0.999309 0.999299 0.99929 0.999283 0.999277 0.999273 0.999269 0.999267 
0.997998 0.998 0.998006 0.998015 0.998028 0.998045 0.998065 0.998089 0.998116 0.998148 0.998183 0.998221 0.998263 0.998309 0.998358 0.99841 0.998462 0.998513 0.998556 0.998575 0.998535 0.998354 0.997836 0.996532 0.993405 0.986102 0.969439 0.932633 0.856511 0.720343 0.552966 0.511435 0.654467 0.807266 0.900451 0.946569 0.968184 0.97936 0.986737 0.991996 0.9955 0.997559 0.998676 0.999234 0.9995 0.999612 0.999651 0.999664 0.999668 0.999669 0.999669 0.999669 0.999669 0.999666 0.999656 0.999628 0.999541 0.999318 0.998832 0.997816 0.995923 0.992642 0.987643 0.980579 0.970074 0.950114 0.907621 0.820967 0.674274 0.522037 0.536638 0.699044 0.84245 0.925297 0.965959 0.98452 0.992699 0.996218 0.997694 0.998287 0.998501 0.998555 0.998542 0.998502 0.998453 0.998401 0.998351 0.998302 0.998257 0.998215 0.998177 0.998143 0.998112 0.998085 0.998062 0.998042 0.998026 0.998014 0.998005 0.998 
0.994543 0.994549 0.994564 0.99459 0.994625 0.99467 0.994725 0.994789 0.994864 0.994949 0.995043 0.995148 0.995263 0.995388 0.995522 0.995663 0.99581 0.995957 0.996092 0.996187 0.996178 0.995917 0.995051 0.992759 0.987153 0.973989 0.944193 0.880646 0.760389 0.591453 0.500388 0.614966 0.779334 0.889555 0.946605 0.973252 0.985363 0.991236 0.994582 0.996758 0.998158 0.999 0.999475 0.999725 0.999851 0.999909 0.999935 0.999946 0.99995 0.999951 0.999951 0.999951 0.99995 0.999947 0.999939 0.999918 0.999869 0.999761 0.999537 0.999103 0.998323 0.997015 0.994954 0.991798 0.986349 0.975252 0.950915 0.898601 0.796082 0.636376 0.504823 0.57041 0.739369 0.867987 0.937857 0.971057 0.985837 0.992171 0.994781 0.995785 0.996106 0.996141 0.996058 0.995929 0.995786 0.995641 0.995501 0.995369 0.995246 0.995132 0.995029 0.994935 0.994852 0.994778 0.994715 0.994662 0.994618 0.994585 0.994561 0.994547 
0.985186 0.985202 0.985243 0.985311 0.985406 0.985527 0.985674 0.985848 0.98605 0.986278 0.986534 0.986817 0.987128 0.987465 0.987828 0.988214 0.988617 0.989029 0.989426 0.989759 0.989916 0.98963 0.988273 0.984371 0.974541 0.951329 0.899838 0.796935 0.635051 0.503796 0.574216 0.743273 0.870031 0.938722 0.971549 0.986393 0.993029 0.996117 0.997724 0.998663 0.999239 0.999585 0.999783 0.99989 0.999945 0.999972 0.999984 0.99999 0.999992 0.999994 0.999994 0.999994 0.999993 0.999991 0.999986 0.999975 0.999953 0.999904 0.999808 0.999626 0.999306 0.998767 0.997885 0.996389 0.993551 0.987509 0.97404 0.944234 0.881444 0.763164 0.595607 0.499898 0.611064 0.777223 0.888871 0.946042 0.972134 0.983281 0.987761 0.989367 0.98976 0.989651 0.98934 0.988955 0.988552 0.988154 0.987772 0.987414 0.987081 0.986774 0.986494 0.986242 0.986017 0.98582 0.985649 0.985505 0.985389 0.985298 0.985234 0.985197 
0.960284 0.960325 0.960434 0.960612 0.96086 0.961177 0.961564 0.962021 0.962549 0.96315 0.963822 0.964568 0.965388 0.966279 0.96724 0.968266 0.969347 0.970463 0.971574 0.972594 0.973325 0.973305 0.971438 0.96515 0.948577 0.909302 0.825599 0.679113 0.522774 0.536783 0.701203 0.844447 0.926427 0.966501 0.984821 0.992966 0.996569 0.998205 0.999003 0.999433 0.99968 0.999825 0.999908 0.999953 0.999977 0.999989 0.999994 0.999997 0.999998 0.999999 0.999999 0.999999 0.999998 0.999997 0.999995 0.99999 0.99998 0.999959 0.999918 0.999841 0.999707 0.999477 0.999078 0.998342 0.99685 0.993588 0.986236 0.969717 0.933487 0.858654 0.723994 0.555582 0.510117 0.65427 0.808161 0.900228 0.944302 0.963168 0.970469 0.972771 0.97298 0.972335 0.971358 0.970273 0.969175 0.968108 0.967095 0.966145 0.965264 0.964454 0.963718 0.963055 0.962464 0.961945 0.961498 0.961121 0.960815 0.960578 0.960411 0.960313 
0.896819 0.896918 0.897188 0.897627 0.898237 0.899019 0.899975 0.901106 0.902415 0.903904 0.905577 0.907437 0.909484 0.911719 0.914138 0.916731 0.91948 0.922349 0.925266 0.928082 0.930468 0.931654 0.92982 0.920694 0.894725 0.833335 0.712704 0.551986 0.506913 0.653217 0.812157 0.909963 0.95903 0.981715 0.991844 0.996302 0.99826 0.999135 0.999545 0.999751 0.999862 0.999925 0.99996 0.99998 0.99999 0.999995 0.999998 0.999999 0.999999 1 1 1 1 0.999999 0.999998 0.999996 0.999991 0.999982 0.999964 0.999932 0.999874 0.999771 0.999581 0.999207 0.998414 0.996648 0.992644 0.983558 0.963201 0.918961 0.829548 0.678188 0.519691 0.532552 0.689479 0.819046 0.887558 0.917211 0.928008 0.930568 0.929701 0.927468 0.924735 0.921873 0.919046 0.916333 0.913772 0.911382 0.909174 0.907152 0.905317 0.903668 0.902203 0.900918 0.899812 0.898881 0.898125 0.897542 0.897131 0.89689 
0.755826 0.756022 0.756553 0.757423 0.758632 0.760186 0.762091 0.764354 0.766984 0.769994 0.773396 0.777201 0.781424 0.786073 0.791152 0.796655 0.802561 0.808819 0.815321 0.821845 0.827895 0.832325 0.832417 0.821833 0.787059 0.705713 0.571343 0.48472 0.596851 0.769696 0.887261 0.94839 0.977034 0.989877 0.995532 0.998005 0.999086 0.999564 0.999782 0.999886 0.999939 0.999967 0.999982 0.999991 0.999995 0.999998 0.999999 0.999999 1 1 1 1 1 1 0.999999 0.999998 0.999996 0.999992 0.999984 0.99997 0.999944 0.999895 0.9998 0.999602 0.999171 0.998201 0.995988 0.990934 0.979464 0.953837 0.898738 0.790619 0.622552 0.488456 0.549896 0.687057 0.776434 0.816267 0.829274 0.830265 0.826334 0.820542 0.814177 0.807792 0.801631 0.795809 0.790381 0.78537 0.780783 0.776618 0.772866 0.769517 0.766557 0.763977 0.761765 0.759912 0.75841 0.757255 0.756441 0.755965 
0.546628 0.54681 0.547308 0.548126 0.549275 0.550771 0.552633 0.554887 0.557564 0.5607 0.564339 0.568529 0.573322 0.578775 0.58494 0.591863 0.599575 0.608069 0.617273 0.626972 0.63663 0.64494 0.648731 0.640728 0.606604 0.531857 0.453102 0.521622 0.705361 0.850959 0.931003 0.969266 0.986504 0.994101 0.997416 0.99886 0.999489 0.999764 0.999887 0.999943 0.999971 0.999984 0.999992 0.999996 0.999998 0.999999 0.999999 1 1 1 1 1 1 1 1 0.999999 0.999998 0.999996 0.999992 0.999986 0.999973 0.999948 0.999896 0.999785 0.999537 0.998974 0.997685 0.994729 0.987961 0.972594 0.938347 0.865905 0.730205 0.545178 0.448859 0.515766 0.594867 0.633885 0.644561 0.642052 0.634385 0.625102 0.615664 0.606667 0.598347 0.590785 0.583991 0.577939 0.572585 0.567879 0.563766 0.560197 0.557125 0.554508 0.552312 0.550505 0.549063 0.547967 0.547202 0.546758 
0.557042 0.556847 0.556319 0.555457 0.55426 0.552727 0.550857 0.548648 0.5461 0.543214 0.539995 0.536456 0.532618 0.528519 0.524216 0.519796 0.515374 0.511097 0.507124 0.503574 0.500373 0.496895 0.491083 0.47788 0.448608 0.405175 0.417573 0.585833 0.775525 0.893789 0.952315 0.979081 0.990879 0.996035 0.99827 0.999244 0.999668 0.999851 0.999931 0.999966 0.999983 0.999991 0.999995 0.999997 0.999998 0.999999 0.999999 1 1 1 1 1 1 1 1 0.999999 0.999998 0.999997 0.999995 0.999991 0.999984 0.999969 0.999936 0.999863 0.999697 0.999317 0.998447 0.996452 0.991857 0.981338 0.957428 0.904727 0.796337 0.61407 0.431122 0.399766 0.442302 0.474537 0.489757 0.496589 0.500563 0.504014 0.507696 0.511732 0.516032 0.520452 0.524854 0.529128 0.533193 0.536993 0.540492 0.543669 0.546512 0.549015 0.551176 0.552998 0.554479 0.555623 0.556431 0.556903 
0.766434 0.766243 0.765723 0.764869 0.763673 0.762123 0.760203 0.75789 0.755159 0.751977 0.748305 0.744098 0.739308 0.733878 0.727754 0.720878 0.713197 0.704654 0.695171 0.684574 0.672407 0.657415 0.636416 0.601912 0.541752 0.45412 0.429892 0.611055 0.794724 0.905181 0.957397 0.981561 0.991863 0.99646 0.998452 0.999332 0.999712 0.999874 0.999942 0.999971 0.999984 0.99999 0.999994 0.999996 0.999998 0.999998 0.999999 0.999999 0.999999 0.999999 0.999999 0.999999 0.999999 0.999999 0.999999 0.999999 0.999998 0.999996 0.999994 0.999991 0.999985 0.999972 0.999944 0.999879 0.999729 0.999387 0.998593 0.9968 0.992664 0.983429 0.961617 0.914486 0.813028 0.63777 0.441294 0.446478 0.535715 0.6001 0.637007 0.658903 0.674119 0.686239 0.696696 0.706018 0.714405 0.721944 0.728694 0.734709 0.740043 0.744749 0.748881 0.752485 0.755605 0.758277 0.760533 0.762398 0.763893 0.765034 0.765833 0.766298 
0.902133 0.902037 0.901778 0.901351 0.900752 0.899974 0.899007 0.897838 0.896451 0.894826 0.892939 0.890761 0.888261 0.885401 0.882139 0.878431 0.874224 0.869453 0.86401 0.857674 0.8499 0.83931 0.822296 0.790547 0.724584 0.606949 0.472902 0.574123 0.755417 0.88867 0.946645 0.976003 0.98907 0.995364 0.997913 0.999106 0.999641 0.999843 0.999925 0.999958 0.999974 0.999984 0.999989 0.999992 0.999993 0.999994 0.999994 0.999994 0.999994 0.999994 0.999994 0.999994 0.999994 0.999994 0.999994 0.999994 0.999993 0.999992 0.99999 0.999985 0.999975 0.999958 0.999921 0.999837 0.999628 0.999164 0.998089 0.995797 0.990201 0.978536 0.952552 0.899866 0.779073 0.600664 0.469488 0.593061 0.716525 0.788023 0.822084 0.839989 0.850822 0.858603 0.864863 0.870209 0.874885 0.879007 0.882642 0.88584 0.888646 0.891099 0.893235 0.895086 0.896678 0.898034 0.899174 0.900112 0.900863 0.901434 0.901833 0.902065 
0.96243 0.962391 0.962286 0.962113 0.961871 0.961555 0.961162 0.960686 0.96012 0.959456 0.958684 0.957791 0.956762 0.955581 0.95423 0.952685 0.950918 0.94889 0.946525 0.94366 0.9399 0.934227 0.924244 0.90319 0.860645 0.752611 0.645493 0.622011 0.73257 0.853668 0.915597 0.969919 0.984493 0.993264 0.996894 0.998848 0.99952 0.999786 0.999886 0.999927 0.999941 0.999947 0.999949 0.999951 0.999951 0.999952 0.999952 0.999952 0.999952 0.999952 0.999952 0.999952 0.999952 0.999952 0.999952 0.999952 0.999951 0.999951 0.99995 0.999948 0.999943 0.999926 0.999879 0.999759 0.999465 0.998846 0.996971 0.993393 0.984712 0.970374 0.916289 0.855079 0.735045 0.626743 0.647721 0.744002 0.856841 0.90147 0.923885 0.93438 0.940236 0.94403 0.946876 0.949204 0.951193 0.952924 0.954438 0.955763 0.956921 0.95793 0.958806 0.959563 0.960213 0.960765 0.961229 0.961611 0.961915 0.962147 0.962309 0.962403 
0.986003 0.985988 0.985948 0.985881 0.985789 0.985668 0.985517 0.985335 0.985118 0.984864 0.984568 0.984225 0.983829 0.983375 0.982854 0.982256 0.981569 0.980771 0.979818 0.978616 0.976935 0.974238 0.969242 0.959272 0.938871 0.900145 0.860398 0.745013 0.641405 0.639638 0.741964 0.859013 0.918404 0.971628 0.985469 0.994054 0.998321 0.999288 0.999595 0.99965 0.999664 0.999668 0.999669 0.999669 0.999669 0.999669 0.999669 0.999669 0.999669 0.999669 0.999669 0.999669 0.999669 0.999669 0.999669 0.999669 0.999669 0.999669 0.999669 0.999667 0.99966 0.99963 0.999473 0.998988 0.997168 0.993741 0.985347 0.971623 0.918432 0.859076 0.742078 0.639817 0.641126 0.744433 0.860983 0.897889 0.937219 0.958523 0.968997 0.974243 0.977036 0.978746 0.979948 0.980889 0.981674 0.982348 0.982934 0.983445 0.98389 0.984278 0.984614 0.984905 0.985154 0.985366 0.985543 0.985689 0.985806 0.985894 0.985956 0.985992 
0.994846 0.99484 0.994825 0.994801 0.994766 0.994721 0.994665 0.994597 0.994516 0.994421 0.994311 0.994182 0.994035 0.993865 0.99367 0.993445 0.993185 0.992878 0.992503 0.992008 0.991282 0.990071 0.987875 0.983619 0.976508 0.963106 0.969114 0.918548 0.859415 0.742497 0.640415 0.640367 0.742434 0.859432 0.919061 0.974274 0.989705 0.996127 0.997219 0.997507 0.997547 0.997555 0.997556 0.997556 0.997556 0.997556 0.997556 0.997556 0.997556 0.997556 0.997556 0.997556 0.997556 0.997556 0.997556 0.997556 0.997556 0.997556 0.997555 0.99755 0.997525 0.997356 0.996711 0.993625 0.985373 0.971688 0.918548 0.85929 0.742421 0.64037 0.640407 0.742479 0.859383 0.918551 0.970146 0.963113 0.976094 0.983357 0.987767 0.990055 0.991309 0.992051 0.992548 0.992921 0.993224 0.993479 0.993699 0.993891 0.994057 0.994202 0.994328 0.994436 0.994529 0.994608 0.994674 0.994729 0.994772 0.994805 0.994828 0.994842 
0.99811 0.998107 0.998102 0.998093 0.99808 0.998063 0.998043 0.998017 0.997988 0.997952 0.997911 0.997864 0.997809 0.997746 0.997674 0.99759 0.997492 0.997374 0.997226 0.997024 0.996717 0.996205 0.995299 0.993734 0.991332 0.988491 0.992386 0.985273 0.971694 0.918564 0.8593 0.742407 0.640239 0.640636 0.745186 0.867078 0.961461 0.979511 0.98572 0.986568 0.986764 0.986787 0.986791 0.986791 0.986791 0.986791 0.986791 0.986791 0.986791 0.986791 0.986791 0.986791 0.986791 0.986791 0.986791 0.986791 0.986791 0.986791 0.986788 0.986771 0.986636 0.986058 0.982154 0.971114 0.918437 0.859253 0.74239 0.64037 0.640372 0.742433 0.859303 0.918562 0.971693 0.985304 0.992896 0.988783 0.991277 0.993667 0.995261 0.996195 0.996724 0.997038 0.997242 0.99739 0.997506 0.997602 0.997685 0.997756 0.997818 0.997871 0.997918 0.997958 0.997992 0.998022 0.998046 0.998066 0.998082 0.998095 0.998103 0.998108 
0.999308 0.999307 0.999305 0.999302 0.999297 0.999291 0.999283 0.999274 0.999263 0.99925 0.999235 0.999217 0.999197 0.999174 0.999147 0.999115 0.999079 0.999033 0.998975 0.998893 0.998766 0.998557 0.998209 0.997653 0.996954 0.996332 0.997982 0.997112 0.993755 0.985381 0.971666 0.918407 0.858507 0.738657 0.62748 0.670864 0.812888 0.901598 0.914255 0.917906 0.918325 0.918412 0.918421 0.918422 0.918422 0.918422 0.918422 0.918422 0.918422 0.918422 0.918422 0.918422 0.918422 0.918422 0.918422 0.918422 0.918422 0.918421 0.918414 0.918347 0.918016 0.91543 0.905949 0.854034 0.73999 0.638672 0.638829 0.741978 0.85922 0.918538 0.971687 0.985384 0.993758 0.997132 0.99835 0.996526 0.996983 0.997645 0.9982 0.998554 0.998768 0.998897 0.99898 0.999039 0.999084 0.99912 0.999151 0.999177 0.9992 0.99922 0.999237 0.999252 0.999265 0.999275 0.999284 0.999292 0.999298 0.999302 0.999305 0.999307 
0.999747 0.999746 0.999746 0.999744 0.999743 0.99974 0.999738 0.999734 0.99973 0.999725 0.99972 0.999713 0.999706 0.999697 0.999687 0.999676 0.999662 0.999644 0.999621 0.999588 0.999537 0.999455 0.999326 0.999141 0.998935 0.998854 0.999294 0.999521 0.999013 0.997171 0.993679 0.984834 0.96857 0.903562 0.788073 0.572029 0.606675 0.686026 0.727694 0.732111 0.733263 0.733374 0.733396 0.733398 0.733398 0.733398 0.733398 0.733398 0.733398 0.733398 0.733398 0.733398 0.733398 0.733398 0.733398 0.733398 0.733398 0.733396 0.733376 0.733269 0.732172 0.727986 0.688261 0.613117 0.542108 0.712797 0.848814 0.916662 0.971251 0.985321 0.993752 0.997183 0.999017 0.999536 0.999413 0.998938 0.99896 0.999145 0.999325 0.999454 0.999537 0.999589 0.999623 0.999646 0.999663 0.999677 0.999689 0.999698 0.999707 0.999714 0.999721 0.999726 0.999731 0.999735 0.999738 0.999741 0.999743 0.999745 0.999746 0.999746 
0.999907 0.999907 0.999907 0.999906 0.999906 0.999905 0.999904 0.999903 0.999901 0.999899 0.999897 0.999895 0.999892 0.999889 0.999885 0.999881 0.999876 0.999869 0.99986 0.999847 0.999826 0.999795 0.999749 0.999689 0.999633 0.999628 0.999769 0.999887 0.999824 0.999532 0.998731 0.995708 0.984051 0.949308 0.795883 0.574264 0.606134 0.685886 0.727675 0.732108 0.733263 0.733374 0.733396 0.733398 0.733398 0.733398 0.733398 0.733398 0.733398 0.733398 0.733398 0.733398 0.733398 0.733398 0.733398 0.733398 0.733398 0.733396 0.733374 0.733263 0.732109 0.72769 0.685942 0.606196 0.5679 0.755276 0.938333 0.976007 0.992352 0.9969 0.998985 0.999564 0.999831 0.999903 0.999806 0.99966 0.999646 0.999693 0.99975 0.999795 0.999827 0.999847 0.99986 0.99987 0.999876 0.999882 0.999886 0.99989 0.999893 0.999895 0.999898 0.9999 0.999901 0.999903 0.999904 0.999905 0.999906 0.999907 0.999907 0.999907 
0.999966 0.999966 0.999966 0.999966 0.999966 0.999965 0.999965 0.999964 0.999964 0.999963 0.999962 0.999962 0.999961 0.999959 0.999958 0.999956 0.999954 0.999952 0.999948 0.999943 0.999935 0.999924 0.999907 0.999888 0.999873 0.999878 0.999919 0.999953 0.999957 0.999803 0.999094 0.99425 0.976009 0.868959 0.671058 0.661373 0.809749 0.901101 0.914164 0.917895 0.918324 0.918412 0.918421 0.918422 0.918422 0.918422 0.918422 0.918422 0.918422 0.918422 0.918422 0.918422 0.918422 0.918422 0.918422 0.918422 0.918422 0.918421 0.918412 0.918324 0.917895 0.914164 0.901106 0.809747 0.661013 0.667287 0.86622 0.974305 0.993694 0.998824 0.999701 0.999918 0.999972 0.999965 0.999932 0.999889 0.999879 0.99989 0.999908 0.999924 0.999935 0.999943 0.999948 0.999952 0.999955 0.999957 0.999958 0.99996 0.999961 0.999962 0.999963 0.999963 0.999964 0.999964 0.999965 0.999965 0.999966 0.999966 0.999966 0.999966 
0.999988 0.999988 0.999988 0.999987 0.999987 0.999987 0.999987 0.999987 0.999987 0.999987 0.999986 0.999986 0.999986 0.999985 0.999985 0.999984 0.999983 0.999982 0.999981 0.999979 0.999976 0.999972 0.999966 0.99996 0.999956 0.999958 0.999969 0.999975 0.999952 0.999717 0.997829 0.989401 0.928347 0.781892 0.628894 0.812695 0.95343 0.97776 0.985515 0.986534 0.98676 0.986786 0.986791 0.986791 0.986791 0.986791 0.986791 0.986791 0.986791 0.986791 0.986791 0.986791 0.986791 0.986791 0.986791 0.986791 0.986791 0.986791 0.986786 0.98676 0.986534 0.985515 0.97776 0.953434 0.812685 0.628674 0.781526 0.928039 0.989173 0.997711 0.999684 0.999942 0.999988 0.999985 0.999975 0.999963 0.999958 0.999961 0.999966 0.999972 0.999976 0.999979 0.999981 0.999982 0.999983 0.999984 0.999985 0.999985 0.999986 0.999986 0.999986 0.999987 0.999987 0.999987 0.999987 0.999987 0.999987 0.999987 0.999988 0.999988 
0.999995 0.999995 0.999995 0.999995 0.999995 0.999995 0.999995 0.999995 0.999995 0.999995 0.999995 0.999995 0.999995 0.999995 0.999994 0.999994 0.999994 0.999993 0.999993 0.999992 0.999991 0.999989 0.999988 0.999986 0.999984 0.999984 0.999985 0.999984 0.999926 0.999503 0.996865 0.982817 0.91036 0.703715 0.701301 0.905478 0.978408 0.994091 0.996944 0.997469 0.997543 0.997555 0.997556 0.997556 0.997556 0.997556 0.997556 0.997556 0.997556 0.997556 0.997556 0.997556 0.997556 0.997556 0.997556 0.997556 0.997556 0.997556 0.997555 0.997543 0.997469 0.996944 0.994091 0.978409 0.905486 0.701309 0.703541 0.909946 0.981505 0.996457 0.99935 0.999896 0.999982 0.99999 0.99999 0.999987 0.999985 0.999986 0.999988 0.99999 0.999991 0.999992 0.999993 0.999993 0.999994 0.999994 0.999994 0.999995 0.999995 0.999995 0.999995 0.999995 0.999995 0.999995 0.999995 0.999995 0.999995 0.999995 0.999995 0.999995 
0.999998 0.999998 0.999998 0.999998 0.999998 0.999998 0.999998 0.999998 0.999998 0.999998 0.999998 0.999998 0.999998 0.999998 0.999998 0.999998 0.999998 0.999998 0.999997 0.999997 0.999997 0.999996 0.999995 0.999995 0.999994 0.999993 0.999989 0.999976 0.999832 0.999007 0.993634 0.971163 0.855974 0.635027 0.778908 0.926731 0.988785 0.997401 0.999377 0.999621 0.999664 0.999669 0.999669 0.999669 0.999669 0.999669 0.999669 0.999669 0.999669 0.999669 0.999669 0.999669 0.999669 0.999669 0.999669 0.999669 0.999669 0.999669 0.999669 0.999664 0.999621 0.999377 0.997402 0.988791 0.92676 0.77906 0.634614 0.853284 0.965596 0.990673 0.998295 0.999641 0.999944 0.999989 0.999993 0.999994 0.999994 0.999995 0.999996 0.999996 0.999997 0.999997 0.999997 0.999998 0.999998 0.999998 0.999998 0.999998 0.999998 0.999998 0.999998 0.999998 0.999998 0.999998 0.999998 0.999998 0.999998 0.999998 0.999998 0.999998 
0.999999 0.999999 0.999999 0.999999 0.999999 0.999999 0.999999 0.999999 0.999999 0.999999 0.999999 0.999999 0.999999 0.999999 0.999999 0.999999 0.999999 0.999999 0.999999 0.999999 0.999999 0.999999 0.999998 0.999998 0.999997 0.999994 0.99999 0.999935 0.999573 0.997188 0.985383 0.918408 0.742019 0.642022 0.863392 0.974233 0.994249 0.999132 0.99981 0.999934 0.999949 0.999951 0.999952 0.999952 0.999952 0.999952 0.999952 0.999952 0.999952 0.999952 0.999952 0.999952 0.999952 0.999952 0.999952 0.999952 0.999952 0.999952 0.999951 0.999949 0.999934 0.99981 0.999135 0.99427 0.974392 0.864035 0.64468 0.733128 0.87219 0.973129 0.992729 0.998766 0.999759 0.999965 0.999993 0.999996 0.999997 0.999998 0.999998 0.999999 0.999999 0.999999 0.999999 0.999999 0.999999 0.999999 0.999999 0.999999 0.999999 0.999999 0.999999 0.999999 0.999999 0.999999 0.999999 0.999999 0.999999 0.999999 0.999999 0.999999 
1 1 1 1 1 1 1 1 1 1 1 1 1 1 1 1 1 1 1 1 1 0.999999 0.999999 0.999999 0.999998 0.999995 0.999978 0.99984 0.999039 0.993832 0.971798 0.859342 0.640313 0.74269 0.919729 0.985704 0.997311 0.999587 0.999934 0.999986 0.999993 0.999994 0.999994 0.999994 0.999994 0.999994 0.999994 0.999994 0.999994 0.999994 0.999994 0.999994 0.999994 0.999994 0.999994 0.999994 0.999994 0.999994 0.999994 0.999993 0.999986 0.999936 0.999598 0.997396 0.986169 0.922792 0.752589 0.604593 0.743252 0.90944 0.978917 0.995366 0.99922 0.999869 0.999981 0.999996 0.999998 0.999999 0.999999 0.999999 1 1 1 1 1 1 1 1 1 1 1 1 1 1 1 1 1 1 1 1 
1 1 1 1 1 1 1 1 1 1 1 1 1 1 1 1 1 1 1 1 1 1 1 0.999999 0.999998 0.999992 0.999941 0.999596 0.997323 0.985729 0.919738 0.742693 0.640313 0.859342 0.971797 0.99383 0.999037 0.999839 0.999978 0.999996 0.999999 0.999999 0.999999 0.999999 0.999999 0.999999 0.999999 0.999999 0.999999 0.999999 0.999999 0.999999 0.999999 0.999999 0.999999 0.999999 0.999999 0.999999 0.999999 0.999999 0.999997 0.999981 0.999868 0.999218 0.995364 0.978916 0.909439 0.743252 0.604593 0.752592 0.922801 0.986195 0.997408 0.999606 0.999942 0.999992 0.999998 0.999999 1 1 1 1 1 1 1 1 1 1 1 1 1 1 1 1 1 1 1 1 1 1 
1 1 1 1 1 1 1 1 1 1 1 1 1 1 1 1 1 1 1 1 1 1 1 0.999999 0.999997 0.999983 0.999862 0.999194 0.994359 0.974379 0.863467 0.642035 0.742015 0.918407 0.985383 0.997187 0.999573 0.999935 0.999991 0.999999 1 1 1 1 1 1 1 1 1 1 1 1 1 1 1 1 1 1 1 1 0.999999 0.999994 0.999965 0.999759 0.998766 0.992729 0.973129 0.872189 0.733125 0.644693 0.86411 0.974539 0.99438 0.999198 0.999863 0.999983 0.999997 0.999999 1 1 1 1 1 1 1 1 1 1 1 1 1 1 1 1 1 1 1 1 1 1 
1 1 1 1 1 1 1 1 1 1 1 1 1 1 1 1 1 1 1 1 1 1 1 0.999999 0.999995 0.999957 0.999728 0.997852 0.989402 0.928095 0.779264 0.634943 0.855951 0.971157 0.993633 0.999007 0.999832 0.999977 0.999997 1 1 1 1 1 1 1 1 1 1 1 1 1 1 1 1 1 1 1 1 1 1 0.999999 0.999991 0.999945 0.999641 0.998295 0.990673 0.965592 0.853266 0.634537 0.779417 0.928124 0.989407 0.997853 0.999728 0.999957 0.999995 0.999999 1 1 1 1 1 1 1 1 1 1 1 1 1 1 1 1 1 1 1 1 1 1 
1 1 1 1 1 1 1 1 1 1 1 1 1 1 1 1 1 1 1 1 1 1 1 0.999999 0.999991 0.999933 0.999529 0.997001 0.983145 0.911404 0.703622 0.70328 0.910206 0.982796 0.996863 0.999503 0.999927 0.99999 0.999999 1 1 1 1 1 1 1 1 1 1 1 1 1 1 1 1 1 1 1 1 1 1 1 0.999998 0.999983 0.999898 0.999353 0.99646 0.981498 0.909828 0.70317 0.703643 0.91141 0.983146 0.997001 0.999529 0.999933 0.999991 0.999999 1 1 1 1 1 1 1 1 1 1 1 1 1 1 1 1 1 1 1 1 1 1 
1 1 1 1 1 1 1 1 1 1 1 1 1 1 1 1 1 1 1 1 1 1 1 0.999998 0.999983 0.999859 0.999176 0.99422 0.973824 0.860102 0.636572 0.778761 0.927829 0.989309 0.99783 0.999723 0.999956 0.999995 0.999999 1 1 1 1 1 1 1 1 1 1 1 1 1 1 1 1 1 1 1 1 1 1 1 0.999999 0.999994 0.99995 0.999703 0.997755 0.989176 0.927757 0.778745 0.636575 0.860103 0.973824 0.99422 0.999176 0.999859 0.999983 0.999998 1 1 1 1 1 1 1 1 1 1 1 1 1 1 1 1 1 1 1 1 1 1 
1 1 1 1 1 1 1 1 1 1 1 1 1 1 1 1 1 1 1 1 1 1 0.999999 0.999995 0.999956 0.999723 0.997832 0.989311 0.927831 0.778761 0.636571 0.860102 0.973824 0.99422 0.999176 0.999859 0.999983 0.999998 1 1 1 1 1 1 1 1 1 1 1 1 1 1 1 1 1 1 1 1 1 1 1 1 1 0.999997 0.999982 0.999856 0.999167 0.994196 0.973816 0.860099 0.636571 0.778761 0.927831 0.989311 0.997832 0.999723 0.999956 0.999995 0.999999 1 1 1 1 1 1 1 1 1 1 1 1 1 1 1 1 1 1 1 1 1 
1 1 1 1 1 1 1 1 1 1 1 1 1 1 1 1 1 1 1 1 1 1 0.999999 0.99999 0.999928 0.999506 0.99687 0.982819 0.910213 0.703282 0.703622 0.911404 0.983145 0.997001 0.999529 0.999933 0.999991 0.999999 1 1 1 1 1 1 1 1 1 1 1 1 1 1 1 1 1 1 1 1 1 1 1 1 1 0.999999 0.999991 0.999933 0.999527 0.996998 0.983144 0.911404 0.703621 0.703282 0.910213 0.982819 0.99687 0.999506 0.999928 0.99999 0.999999 1 1 1 1 1 1 1 1 1 1 1 1 1 1 1 1 1 1 1 1 1 
1 1 1 1 1 1 1 1 1 1 1 1 1 1 1 1 1 1 1 1 1 1 0.999997 0.999978 0.999837 0.999023 0.993701 0.971271 0.856015 0.634953 0.77926 0.928094 0.989401 0.997852 0.999728 0.999957 0.999995 0.999999 1 1 1 1 1 1 1 1 1 1 1 1 1 1 1 1 1 1 1 1 1 1 1 1 1 0.999999 0.999995 0.999957 0.999728 0.997852 0.989401 0.928094 0.77926 0.634953 0.856015 0.971271 0.993701 0.999023 0.999837 0.999978 0.999997 1 1 1 1 1 1 1 1 1 1 1 1 1 1 1 1 1 1 1 1 1 
1 1 1 1 1 1 1 1 1 1 1 1 1 1 1 1 1 1 1 1 1 0.999999 0.999992 0.99994 0.999595 0.997317 0.985704 0.919585 0.742276 0.641952 0.863446 0.974373 0.994358 0.999194 0.999862 0.999983 0.999998 1 1 1 1 1 1 1 1 1 1 1 1 1 1 1 1 1 1 1 1 1 1 1 1 1 1 1 0.999998 0.999983 0.999862 0.999194 0.994358 0.974373 0.863446 0.641952 0.742276 0.919585 0.985704 0.997317 0.999595 0.99994 0.999992 0.999999 1 1 1 1 1 1 1 1 1 1 1 1 1 1 1 1 1 1 1 1 
1 1 1 1 1 1 1 1 1 1 1 1 1 1 1 1 1 1 1 1 1 0.999998 0.999983 0.999862 0.999191 0.994351 0.974351 0.863439 0.64195 0.742277 0.919586 0.985706 0.997318 0.999595 0.999941 0.999992 0.999999 1 1 1 1 1 1 1 1 1 1 1 1 1 1 1 1 1 1 1 1 1 1 1 1 1 1 1 0.999999 0.999992 0.999941 0.999595 0.997318 0.985706 0.919586 0.742277 0.64195 0.863439 0.974351 0.994351 0.999191 0.999862 0.999983 0.999998 1 1 1 1 1 1 1 1 1 1 1 1 1 1 1 1 1 1 1 1 
1 1 1 1 1 1 1 1 1 1 1 1 1 1 1 1 1 1 1 1 0.999999 0.999995 0.999956 0.999723 0.997836 0.989334 0.927984 0.779202 0.634963 0.85602 0.971272 0.993701 0.999023 0.999837 0.999978 0.999997 1 1 1 1 1 1 1 1 1 1 1 1 1 1 1 1 1 1 1 1 1 1 1 1 1 1 1 1 1 0.999997 0.999978 0.999837 0.999023 0.993701 0.971272 0.85602 0.634963 0.779202 0.927984 0.989334 0.997836 0.999723 0.999956 0.999995 0.999999 1 1 1 1 1 1 1 1 1 1 1 1 1 1 1 1 1 1 1 
1 1 1 1 1 1 1 1 1 1 1 1 1 1 1 1 1 1 1 1 0.999999 0.99999 0.999928 0.999506 0.996871 0.982824 0.910235 0.703379 0.703379 0.910235 0.982824 0.996871 0.999506 0.999928 0.99999 0.999999 1 1 1 1 1 1 1 1 1 1 1 1 1 1 1 1 1 1 1 1 1 1 1 1 1 1 1 1 1 0.999999 0.99999 0.999928 0.999506 0.996871 0.982824 0.910235 0.703379 0.703379 0.910235 0.982824 0.996871 0.999506 0.999928 0.99999 0.999999 1 1 1 1 1 1 1 1 1 1 1 1 1 1 1 1 1 1 1 
1 1 1 1 1 1 1 1 1 1 1 1 1 1 1 1 1 1 1 1 0.999997 0.999978 0.999837 0.999023 0.993701 0.971272 0.85602 0.634963 0.779202 0.927984 0.989334 0.997836 0.999723 0.999956 0.999995 0.999999 1 1 1 1 1 1 1 1 1 1 1 1 1 1 1 1 1 1 1 1 1 1 1 1 1 1 1 1 1 0.999999 0.999995 0.999956 0.999723 0.997836 0.989334 0.927984 0.779202 0.634963 0.85602 0.971272 0.993701 0.999023 0.999837 0.999978 0.999997 1 1 1 1 1 1 1 1 1 1 1 1 1 1 1 1 1 1 1 
1 1 1 1 1 1 1 1 1 1 1 1 1 1 1 1 1 1 1 0.999999 0.999992 0.99994 0.999595 0.997317 0.985704 0.919585 0.742277 0.64195 0.863439 0.974351 0.994351 0.999191 0.999862 0.999983 0.999998 1 1 1 1 1 1 1 1 1 1 1 1 1 1 1 1 1 1 1 1 1 1 1 1 1 1 1 1 1 1 1 0.999998 0.999983 0.999862 0.999191 0.994351 0.974351 0.863439 0.64195 0.742277 0.919585 0.985704 0.997317 0.999595 0.99994 0.999992 0.999999 1 1 1 1 1 1 1 1 1 1 1 1 1 1 1 1 1 1 
1 1 1 1 1 1 1 1 1 1 1 1 1 1 1 1 1 1 0.999999 0.999997 0.999983 0.999862 0.999191 0.994351 0.974351 0.863439 0.64195 0.742277 0.919585 0.985704 0.997317 0.999595 0.99994 0.999992 0.999999 1 1 1 1 1 1 1 1 1 1 1 1 1 1 1 1 1 1 1 1 1 1 1 1 1 1 1 1 1 1 1 0.999999 0.999992 0.99994 0.999595 0.997317 0.985704 0.919585 0.742277 0.64195 0.863439 0.974351 0.994351 0.999191 0.999862 0.999983 0.999997 0.999999 1 1 1 1 1 1 1 1 1 1 1 1 1 1 1 1 1 
1 1 1 1 1 1 1 1 1 1 1 1 1 1 1 1 1 0.999999 0.999998 0.999994 0.999956 0.999723 0.997836 0.989334 0.927984 0.779202 0.634963 0.85602 0.971272 0.993701 0.999023 0.999837 0.999978 0.999997 1 1 1 1 1 1 1 1 1 1 1 1 1 1 1 1 1 1 1 1 1 1 1 1 1 1 1 1 1 1 1 1 1 0.999997 0.999978 0.999837 0.999023 0.993701 0.971272 0.85602 0.634963 0.779202 0.927984 0.989334 0.997836 0.999723 0.999956 0.999994 0.999998 0.999999 1 1 1 1 1 1 1 1 1 1 1 1 1 1 1 1 
1 1 1 1 1 1 1 1 1 1 1 1 1 1 0.999999 0.999999 0.999999 0.999998 0.999996 0.999988 0.999927 0.999506 0.996871 0.982824 0.910235 0.703379 0.703379 0.910235 0.982824 0.996871 0.999506 0.999928 0.99999 0.999999 1 1 1 1 1 1 1 1 1 1 1 1 1 1 1 1 1 1 1 1 1 1 1 1 1 1 1 1 1 1 1 1 1 0.999999 0.99999 0.999928 0.999506 0.996871 0.982824 0.910235 0.703379 0.703379 0.910235 0.982824 0.996871 0.999506 0.999927 0.999988 0.999996 0.999998 0.999999 0.999999 0.999999 1 1 1 1 1 1 1 1 1 1 1 1 1 
0.999999 0.999999 0.999999 0.999999 0.999999 0.999999 0.999999 0.999999 0.999999 0.999999 0.999999 0.999999 0.999999 0.999999 0.999999 0.999998 0.999997 0.999995 0.999991 0.999973 0.999835 0.999022 0.993701 0.971272 0.85602 0.634963 0.779202 0.927984 0.989334 0.997836 0.999723 0.999956 0.999995 0.999999 1 1 1 1 1 1 1 1 1 1 1 1 1 1 1 1 1 1 1 1 1 1 1 1 1 1 1 1 1 1 1 1 1 0.999999 0.999995 0.999956 0.999723 0.997836 0.989334 0.927984 0.779202 0.634963 0.85602 0.971272 0.993701 0.999022 0.999835 0.999973 0.999991 0.999995 0.999997 0.999998 0.999999 0.999999 0.999999 0.999999 0.999999 0.999999 0.999999 0.999999 0.999999 0.999999 0.999999 0.999999 0.999999 0.999999 
0.999999 0.999999 0.999999 0.999999 0.999999 0.999999 0.999999 0.999999 0.999999 0.999999 0.999999 0.999998 0.999998 0.999998 0.999997 0.999995 0.999992 0.999987 0.999976 0.999928 0.999592 0.997316 0.985704 0.919585 0.742277 0.64195 0.863439 0.974351 0.994351 0.999191 0.999862 0.999983 0.999998 1 1 1 1 1 1 1 1 1 1 1 1 1 1 1 1 1 1 1 1 1 1 1 1 1 1 1 1 1 1 1 1 1 1 1 0.999998 0.999983 0.999862 0.999191 0.994351 0.974351 0.863439 0.64195 0.742277 0.919585 0.985704 0.997316 0.999592 0.999928 0.999976 0.999987 0.999992 0.999995 0.999997 0.999998 0.999998 0.999998 0.999999 0.999999 0.999999 0.999999 0.999999 0.999999 0.999999 0.999999 0.999999 0.999999 
0.999996 0.999996 0.999996 0.999996 0.999996 0.999996 0.999996 0.999996 0.999996 0.999996 0.999996 0.999996 0.999995 0.999994 0.999992 0.999988 0.999981 0.999968 0.999941 0.999828 0.999183 0.994349 0.974351 0.863439 0.64195 0.742277 0.919585 0.985704 0.997317 0.999595 0.99994 0.999992 0.999999 1 1 1 1 1 1 1 1 1 1 1 1 1 1 1 1 1 1 1 1 1 1 1 1 1 1 1 1 1 1 1 1 1 1 1 0.999999 0.999992 0.99994 0.999595 0.997317 0.985704 0.919585 0.742277 0.64195 0.863439 0.974351 0.994349 0.999183 0.999828 0.999941 0.999968 0.999981 0.999988 0.999992 0.999994 0.999995 0.999996 0.999996 0.999996 0.999996 0.999996 0.999996 0.999996 0.999996 0.999996 0.999996 0.999996 
0.999989 0.999989 0.999989 0.999989 0.999989 0.999989 0.999989 0.999989 0.999989 0.999989 0.999989 0.999989 0.999988 0.999985 0.99998 0.999971 0.999953 0.999921 0.999848 0.999634 0.99782 0.98933 0.927983 0.779202 0.634963 0.85602 0.971272 0.993701 0.999023 0.999837 0.999978 0.999997 1 1 1 1 1 1 1 1 1 1 1 1 1 1 1 1 1 1 1 1 1 1 1 1 1 1 1 1 1 1 1 1 1 1 1 1 1 0.999997 0.999978 0.999837 0.999023 0.993701 0.971272 0.85602 0.634963 0.779202 0.927983 0.98933 0.99782 0.999634 0.999848 0.999921 0.999953 0.999971 0.99998 0.999985 0.999988 0.999989 0.999989 0.999989 0.999989 0.999989 0.999989 0.999989 0.999989 0.999989 0.999989 0.999989 
0.99997 0.99997 0.99997 0.99997 0.99997 0.99997 0.99997 0.999971 0.999971 0.999971 0.999971 0.99997 0.999968 0.999962 0.999951 0.999928 0.999886 0.999808 0.999661 0.999267 0.996827 0.982814 0.910233 0.703379 0.703379 0.910235 0.982824 0.996871 0.999506 0.999928 0.99999 0.999999 1 1 1 1 1 1 1 1 1 1 1 1 1 1 1 1 1 1 1 1 1 1 1 1 1 1 1 1 1 1 1 1 1 1 1 1 1 0.999999 0.99999 0.999928 0.999506 0.996871 0.982824 0.910235 0.703379 0.703379 0.910233 0.982814 0.996827 0.999267 0.999661 0.999808 0.999886 0.999928 0.999951 0.999962 0.999968 0.99997 0.999971 0.999971 0.999971 0.999971 0.99997 0.99997 0.99997 0.99997 0.99997 0.99997 
0.999917 0.999917 0.999917 0.999917 0.999918 0.999918 0.999919 0.99992 0.999921 0.999921 0.999921 0.99992 0.999915 0.999903 0.999878 0.999825 0.999723 0.999531 0.999163 0.99839 0.993584 0.971244 0.856016 0.634963 0.779202 0.927984 0.989334 0.997836 0.999723 0.999956 0.999995 0.999999 1 1 1 1 1 1 1 1 1 1 1 1 1 1 1 1 1 1 1 1 1 1 1 1 1 1 1 1 1 1 1 1 1 1 1 1 1 0.999999 0.999995 0.999956 0.999723 0.997836 0.989334 0.927984 0.779202 0.634963 0.856016 0.971244 0.993584 0.99839 0.999163 0.999531 0.999723 0.999825 0.999878 0.999903 0.999915 0.99992 0.999921 0.999921 0.999921 0.99992 0.999919 0.999918 0.999918 0.999917 0.999917 0.999917 
0.999772 0.999772 0.999773 0.999774 0.999775 0.999777 0.999779 0.999781 0.999783 0.999785 0.999786 0.999784 0.999775 0.999751 0.999695 0.999576 0.999333 0.998856 0.997895 0.995691 0.985405 0.919514 0.742267 0.641951 0.863439 0.974351 0.994351 0.999191 0.999862 0.999983 0.999998 1 1 1 1 1 1 1 1 1 1 1 1 1 1 1 1 1 1 1 1 1 1 1 1 1 1 1 1 1 1 1 1 1 1 1 1 1 1 1 0.999998 0.999983 0.999862 0.999191 0.994351 0.974351 0.863439 0.641951 0.742267 0.919514 0.985405 0.995691 0.997895 0.998856 0.999333 0.999576 0.999695 0.999751 0.999775 0.999784 0.999786 0.999785 0.999783 0.999781 0.999779 0.999777 0.999775 0.999774 0.999773 0.999772 
0.999377 0.999378 0.999379 0.999382 0.999385 0.99939 0.999395 0.999401 0.999408 0.999415 0.999419 0.999417 0.999401 0.999353 0.999236 0.998976 0.998431 0.997306 0.995136 0.990141 0.973558 0.86327 0.641931 0.74228 0.919585 0.985704 0.997317 0.999595 0.99994 0.999992 0.999999 1 1 1 1 1 1 1 1 1 1 1 1 1 1 1 1 1 1 1 1 1 1 1 1 1 1 1 1 1 1 1 1 1 1 1 1 1 1 1 0.999999 0.999992 0.99994 0.999595 0.997317 0.985704 0.919585 0.74228 0.641931 0.86327 0.973558 0.990141 0.995136 0.997306 0.998431 0.998976 0.999236 0.999353 0.999401 0.999417 0.999419 0.999415 0.999408 0.999401 0.999395 0.99939 0.999385 0.999382 0.999379 0.999378 
0.998298 0.998299 0.998303 0.99831 0.99832 0.998332 0.998347 0.998365 0.998384 0.998404 0.99842 0.998425 0.998402 0.998311 0.998073 0.997523 0.996314 0.993853 0.988257 0.978446 0.926212 0.778813 0.635003 0.85603 0.971274 0.993701 0.999023 0.999837 0.999978 0.999997 1 1 1 1 1 1 1 1 1 1 1 1 1 1 1 1 1 1 1 1 1 1 1 1 1 1 1 1 1 1 1 1 1 1 1 1 1 1 1 1 1 0.999997 0.999978 0.999837 0.999023 0.993701 0.971274 0.85603 0.635003 0.778813 0.926212 0.978446 0.988257 0.993853 0.996314 0.997523 0.998073 0.998311 0.998402 0.998425 0.99842 0.998404 0.998384 0.998365 0.998347 0.998332 0.99832 0.99831 0.998303 0.998299 
0.995355 0.995359 0.99537 0.995389 0.995415 0.995449 0.995491 0.995539 0.995593 0.995651 0.995704 0.995738 0.995717 0.995562 0.9951 0.993969 0.991452 0.986174 0.975747 0.955868 0.90544 0.702501 0.703509 0.910265 0.982829 0.996871 0.999507 0.999928 0.99999 0.999999 1 1 1 1 1 1 1 1 1 1 1 1 1 1 1 1 1 1 1 1 1 1 1 1 1 1 1 1 1 1 1 1 1 1 1 1 1 1 1 1 1 0.999999 0.99999 0.999928 0.999507 0.996871 0.982829 0.910265 0.703509 0.702501 0.90544 0.955868 0.975747 0.986174 0.991452 0.993969 0.9951 0.995562 0.995717 0.995738 0.995704 0.995651 0.995593 0.995539 0.995491 0.995449 0.995415 0.995389 0.99537 0.995359 
0.987372 0.987382 0.987413 0.987464 0.987535 0.987627 0.98774 0.987872 0.988022 0.988185 0.988348 0.988481 0.988514 0.988286 0.987435 0.98518 0.979911 0.968653 0.946374 0.907877 0.843438 0.633034 0.779604 0.928063 0.989345 0.997838 0.999724 0.999956 0.999995 0.999999 1 1 1 1 1 1 1 1 1 1 1 1 1 1 1 1 1 1 1 1 1 1 1 1 1 1 1 1 1 1 1 1 1 1 1 1 1 1 1 1 1 0.999999 0.999995 0.999956 0.999724 0.997838 0.989345 0.928063 0.779604 0.633034 0.843438 0.907877 0.946374 0.968653 0.979911 0.98518 0.987435 0.988286 0.988514 0.988481 0.988348 0.988185 0.988022 0.987872 0.98774 0.987627 0.987535 0.987464 0.987413 0.987382 
0.966024 0.966051 0.966131 0.966266 0.966455 0.966698 0.966996 0.967349 0.967752 0.968197 0.968663 0.969094 0.969361 0.969151 0.96774 0.963484 0.952878 0.928742 0.881726 0.784529 0.714624 0.646669 0.864574 0.974561 0.994378 0.999195 0.999862 0.999983 0.999998 1 1 1 1 1 1 1 1 1 1 1 1 1 1 1 1 1 1 1 1 1 1 1 1 1 1 1 1 1 1 1 1 1 1 1 1 1 1 1 1 1 1 1 0.999998 0.999983 0.999862 0.999195 0.994378 0.974561 0.864574 0.646669 0.714624 0.784529 0.881726 0.928742 0.952878 0.963484 0.96774 0.969151 0.969361 0.969094 0.968663 0.968197 0.967752 0.967349 0.966996 0.966698 0.966455 0.966266 0.966131 0.966051 
0.911056 0.911123 0.911325 0.911662 0.912135 0.912747 0.913498 0.914389 0.915414 0.916562 0.917796 0.919027 0.920032 0.920261 0.918396 0.911282 0.892276 0.846946 0.764258 0.618938 0.584421 0.755186 0.922569 0.986159 0.997382 0.999603 0.999941 0.999992 0.999999 1 1 1 1 1 1 1 1 1 1 1 1 1 1 1 1 1 1 1 1 1 1 1 1 1 1 1 1 1 1 1 1 1 1 1 1 1 1 1 1 1 1 1 0.999999 0.999992 0.999941 0.999603 0.997382 0.986159 0.922569 0.755186 0.584421 0.618938 0.764258 0.846946 0.892276 0.911282 0.918396 0.920261 0.920032 0.919027 0.917796 0.916562 0.915414 0.914389 0.913498 0.912747 0.912135 0.911662 0.911325 0.911123 
0.784638 0.784778 0.785198 0.7859 0.78689 0.788171 0.789749 0.791628 0.793809 0.796276 0.798988 0.801823 0.804462 0.806095 0.804673 0.795259 0.766459 0.698699 0.57381 0.479316 0.69342 0.882966 0.9755 0.994504 0.999124 0.999851 0.99998 0.999997 1 1 1 1 1 1 1 1 1 1 1 1 1 1 1 1 1 1 1 1 1 1 1 1 1 1 1 1 1 1 1 1 1 1 1 1 1 1 1 1 1 1 1 1 1 0.999997 0.99998 0.999851 0.999124 0.994504 0.9755 0.882966 0.69342 0.479316 0.57381 0.698699 0.766459 0.795259 0.804673 0.806095 0.804462 0.801823 0.798988 0.796276 0.793809 0.791628 0.789749 0.788171 0.78689 0.7859 0.785198 0.784778 
0.577012 0.577176 0.577672 0.578506 0.579686 0.581228 0.583146 0.58546 0.588185 0.59133 0.594876 0.598729 0.602595 0.605653 0.605734 0.597488 0.569603 0.507512 0.435077 0.507852 0.795847 0.948715 0.988736 0.997977 0.999651 0.999948 0.999993 0.999999 1 1 1 1 1 1 1 1 1 1 1 1 1 1 1 1 1 1 1 1 1 1 1 1 1 1 1 1 1 1 1 1 1 1 1 1 1 1 1 1 1 1 1 1 1 0.999999 0.999993 0.999948 0.999651 0.997977 0.988736 0.948715 0.795847 0.507852 0.435077 0.507512 0.569603 0.597488 0.605734 0.605653 0.602595 0.598729 0.594876 0.59133 0.588185 0.58546 0.583146 0.581228 0.579686 0.578506 0.577672 0.577176 
