0.54288 0.542768 0.542432 0.54187 0.54108 0.540061 0.538809 0.537323 0.535598 0.533626 0.531386 0.52881 0.525694 0.521449 0.514471 0.500404 0.471027 0.415527 0.39441 0.847099 0.966228 0.997829 0.999681 0.999985 0.999998 1 1 1 1 1 1 1 1 1 1 1 1 1 1 1 1 1 1 1 1 1 1 1 1 1 1 1 1 1 1 1 1 1 1 1 1 1 1 1 1 1 1 1 1 1 1 1 1 1 1 1 0.999998 0.999985 0.999681 0.997829 0.966228 0.847099 0.39441 0.415527 0.471027 0.500404 0.514471 0.521449 0.525694 0.52881 0.531386 0.533626 0.535598 0.537323 0.538809 0.540061 0.54108 0.54187 0.542432 0.542768 
0.751658 0.751532 0.751153 0.750517 0.749616 0.74844 0.746976 0.745208 0.743111 0.740651 0.737767 0.734335 0.730053 0.724172 0.714742 0.697049 0.659935 0.588584 0.482252 0.473698 0.947457 0.987804 0.999491 0.999928 0.999997 1 1 1 1 1 1 1 1 1 1 1 1 1 1 1 1 1 1 1 1 1 1 1 1 1 1 1 1 1 1 1 1 1 1 1 1 1 1 1 1 1 1 1 1 1 1 1 1 1 1 1 0.999997 0.999928 0.999491 0.987804 0.947457 0.473698 0.482252 0.588584 0.659935 0.697049 0.714742 0.724172 0.730053 0.734335 0.737767 0.740651 0.743111 0.745208 0.746976 0.74844 0.749616 0.750517 0.751153 0.751532 
0.894682 0.894618 0.894423 0.894097 0.893634 0.893029 0.892274 0.891357 0.890263 0.888968 0.887425 0.885537 0.883072 0.879469 0.873326 0.861502 0.835874 0.789657 0.677404 0.699553 0.909381 0.981298 0.99901 0.999892 0.999995 1 1 1 1 1 1 1 1 1 1 1 1 1 1 1 1 1 1 1 1 1 1 1 1 1 1 1 1 1 1 1 1 1 1 1 1 1 1 1 1 1 1 1 1 1 1 1 1 1 1 1 0.999995 0.999892 0.99901 0.981298 0.909381 0.699553 0.677404 0.789657 0.835874 0.861502 0.873326 0.879469 0.883072 0.885537 0.887425 0.888968 0.890263 0.891357 0.892274 0.893029 0.893634 0.894097 0.894423 0.894618 
0.959406 0.95938 0.959301 0.959167 0.958978 0.95873 0.95842 0.958043 0.95759 0.957049 0.956392 0.955559 0.954411 0.95262 0.949381 0.943047 0.928754 0.904652 0.820519 0.870563 0.871418 0.963009 0.998105 0.999706 0.999987 0.999999 1 1 1 1 1 1 1 1 1 1 1 1 1 1 1 1 1 1 1 1 1 1 1 1 1 1 1 1 1 1 1 1 1 1 1 1 1 1 1 1 1 1 1 1 1 1 1 1 1 0.999999 0.999987 0.999706 0.998105 0.963009 0.871418 0.870563 0.820519 0.904652 0.928754 0.943047 0.949381 0.95262 0.954411 0.955559 0.956392 0.957049 0.95759 0.958043 0.95842 0.95873 0.958978 0.959167 0.959301 0.95938 
0.984848 0.984838 0.984807 0.984756 0.984684 0.984588 0.984469 0.984324 0.984148 0.983935 0.98367 0.983322 0.982818 0.981991 0.980488 0.977536 0.971898 0.961438 0.946277 0.954616 0.869125 0.915312 0.980817 0.999114 0.999894 0.999995 1 1 1 1 1 1 1 1 1 1 1 1 1 1 1 1 1 1 1 1 1 1 1 1 1 1 1 1 1 1 1 1 1 1 1 1 1 1 1 1 1 1 1 1 1 1 1 1 1 0.999995 0.999894 0.999114 0.980817 0.915312 0.869125 0.954616 0.946277 0.961438 0.971898 0.977536 0.980488 0.981991 0.982818 0.983322 0.98367 0.983935 0.984148 0.984324 0.984469 0.984588 0.984684 0.984756 0.984807 0.984838 
0.994416 0.994412 0.994401 0.994382 0.994355 0.994319 0.994275 0.99422 0.994153 0.994071 0.993966 0.993823 0.993606 0.993241 0.992574 0.991337 0.988987 0.985432 0.97856 0.978689 0.915081 0.869787 0.963264 0.998272 0.999714 0.999989 0.999999 1 1 1 1 1 1 1 1 1 1 1 1 1 1 1 1 1 1 1 1 1 1 1 1 1 1 1 1 1 1 1 1 1 1 1 1 1 1 1 1 1 1 1 1 1 1 1 0.999999 0.999989 0.999714 0.998272 0.963264 0.869787 0.915081 0.978689 0.97856 0.985432 0.988987 0.991337 0.992574 0.993241 0.993606 0.993823 0.993966 0.994071 0.994153 0.99422 0.994275 0.994319 0.994355 0.994382 0.994401 0.994412 
0.997951 0.99795 0.997945 0.997938 0.997928 0.997915 0.997899 0.997878 0.997853 0.997821 0.997779 0.99772 0.997628 0.997472 0.997192 0.996688 0.995828 0.994571 0.992551 0.994454 0.962603 0.869032 0.930829 0.98147 0.99937 0.999902 0.999997 1 1 1 1 1 1 1 1 1 1 1 1 1 1 1 1 1 1 1 1 1 1 1 1 1 1 1 1 1 1 1 1 1 1 1 1 1 1 1 1 1 1 1 1 1 1 1 0.999997 0.999902 0.99937 0.98147 0.930829 0.869032 0.962603 0.994454 0.992551 0.994571 0.995828 0.996688 0.997192 0.997472 0.997628 0.99772 0.997779 0.997821 0.997853 0.997878 0.997899 0.997915 0.997928 0.997938 0.997945 0.99795 
0.999249 0.999249 0.999247 0.999245 0.999241 0.999236 0.99923 0.999222 0.999213 0.9992 0.999184 0.99916 0.999121 0.999055 0.99894 0.998744 0.998417 0.997986 0.997171 0.997883 0.980033 0.899531 0.899536 0.980077 0.998936 0.999887 0.999994 1 1 1 1 1 1 1 1 1 1 1 1 1 1 1 1 1 1 1 1 1 1 1 1 1 1 1 1 1 1 1 1 1 1 1 1 1 1 1 1 1 1 1 1 1 1 1 0.999994 0.999887 0.998936 0.980077 0.899536 0.899531 0.980033 0.997883 0.997171 0.997986 0.998417 0.998744 0.99894 0.999055 0.999121 0.99916 0.999184 0.9992 0.999213 0.999222 0.99923 0.999236 0.999241 0.999245 0.999247 0.999249 
0.999725 0.999725 0.999724 0.999723 0.999722 0.99972 0.999718 0.999715 0.999711 0.999707 0.9997 0.99969 0.999674 0.999647 0.999601 0.999524 0.999396 0.999235 0.998715 0.99911 0.981456 0.930827 0.869049 0.962693 0.99809 0.999704 0.999987 0.999999 1 1 1 1 1 1 1 1 1 1 1 1 1 1 1 1 1 1 1 1 1 1 1 1 1 1 1 1 1 1 1 1 1 1 1 1 1 1 1 1 1 1 1 1 1 0.999999 0.999987 0.999704 0.99809 0.962693 0.869049 0.930827 0.981456 0.99911 0.998715 0.999235 0.999396 0.999524 0.999601 0.999647 0.999674 0.99969 0.9997 0.999707 0.999711 0.999715 0.999718 0.99972 0.999722 0.999723 0.999724 0.999725 
0.999899 0.999899 0.999899 0.999899 0.999898 0.999898 0.999897 0.999896 0.999894 0.999892 0.99989 0.999886 0.999879 0.999868 0.99985 0.999821 0.999777 0.999716 0.999646 0.999645 0.998267 0.963263 0.869777 0.915269 0.980814 0.999114 0.999894 0.999995 1 1 1 1 1 1 1 1 1 1 1 1 1 1 1 1 1 1 1 1 1 1 1 1 1 1 1 1 1 1 1 1 1 1 1 1 1 1 1 1 1 1 1 1 1 0.999995 0.999894 0.999114 0.980814 0.915269 0.869777 0.963263 0.998267 0.999645 0.999646 0.999716 0.999777 0.999821 0.99985 0.999868 0.999879 0.999886 0.99989 0.999892 0.999894 0.999896 0.999897 0.999898 0.999898 0.999899 0.999899 0.999899 
0.999963 0.999963 0.999963 0.999963 0.999963 0.999963 0.999962 0.999962 0.999961 0.99996 0.999959 0.999958 0.999955 0.999951 0.999944 0.999933 0.999917 0.999899 0.999867 0.99987 0.999112 0.980814 0.915269 0.869777 0.963264 0.998271 0.999714 0.999989 0.999999 1 1 1 1 1 1 1 1 1 1 1 1 1 1 1 1 1 1 1 1 1 1 1 1 1 1 1 1 1 1 1 1 1 1 1 1 1 1 1 1 1 1 1 0.999999 0.999989 0.999714 0.998271 0.963264 0.869777 0.915269 0.980814 0.999112 0.99987 0.999867 0.999899 0.999917 0.999933 0.999944 0.999951 0.999955 0.999958 0.999959 0.99996 0.999961 0.999962 0.999962 0.999963 0.999963 0.999963 0.999963 0.999963 
0.999987 0.999987 0.999986 0.999986 0.999986 0.999986 0.999986 0.999986 0.999986 0.999985 0.999985 0.999984 0.999983 0.999982 0.999979 0.999975 0.99997 0.999963 0.999955 0.999954 0.999704 0.99809 0.962693 0.869048 0.930829 0.98147 0.99937 0.999902 0.999997 1 1 1 1 1 1 1 1 1 1 1 1 1 1 1 1 1 1 1 1 1 1 1 1 1 1 1 1 1 1 1 1 1 1 1 1 1 1 1 1 1 1 1 0.999997 0.999902 0.99937 0.98147 0.930829 0.869048 0.962693 0.99809 0.999704 0.999954 0.999955 0.999963 0.99997 0.999975 0.999979 0.999982 0.999983 0.999984 0.999985 0.999985 0.999986 0.999986 0.999986 0.999986 0.999986 0.999986 0.999986 0.999987 
0.999995 0.999995 0.999995 0.999995 0.999995 0.999995 0.999995 0.999995 0.999995 0.999995 0.999995 0.999994 0.999994 0.999993 0.999992 0.999991 0.999989 0.999987 0.999984 0.99998 0.999887 0.998936 0.980077 0.899536 0.899536 0.980077 0.998936 0.999887 0.999994 1 1 1 1 1 1 1 1 1 1 1 1 1 1 1 1 1 1 1 1 1 1 1 1 1 1 1 1 1 1 1 1 1 1 1 1 1 1 1 1 1 1 1 0.999994 0.999887 0.998936 0.980077 0.899536 0.899536 0.980077 0.998936 0.999887 0.99998 0.999984 0.999987 0.999989 0.999991 0.999992 0.999993 0.999994 0.999994 0.999995 0.999995 0.999995 0.999995 0.999995 0.999995 0.999995 0.999995 0.999995 0.999995 
0.999998 0.999998 0.999998 0.999998 0.999998 0.999998 0.999998 0.999998 0.999998 0.999998 0.999998 0.999998 0.999998 0.999997 0.999997 0.999997 0.999996 0.999995 0.999993 0.999991 0.999902 0.99937 0.98147 0.930829 0.869048 0.962693 0.99809 0.999704 0.999987 0.999999 1 1 1 1 1 1 1 1 1 1 1 1 1 1 1 1 1 1 1 1 1 1 1 1 1 1 1 1 1 1 1 1 1 1 1 1 1 1 1 1 1 0.999999 0.999987 0.999704 0.99809 0.962693 0.869048 0.930829 0.98147 0.99937 0.999902 0.999991 0.999993 0.999995 0.999996 0.999997 0.999997 0.999997 0.999998 0.999998 0.999998 0.999998 0.999998 0.999998 0.999998 0.999998 0.999998 0.999998 0.999998 0.999998 
0.999999 0.999999 0.999999 0.999999 0.999999 0.999999 0.999999 0.999999 0.999999 0.999999 0.999999 0.999999 0.999999 0.999999 0.999999 0.999999 0.999998 0.999998 0.999998 0.999996 0.999989 0.999714 0.998271 0.963264 0.869777 0.915269 0.980814 0.999114 0.999894 0.999995 1 1 1 1 1 1 1 1 1 1 1 1 1 1 1 1 1 1 1 1 1 1 1 1 1 1 1 1 1 1 1 1 1 1 1 1 1 1 1 1 1 0.999995 0.999894 0.999114 0.980814 0.915269 0.869777 0.963264 0.998271 0.999714 0.999989 0.999996 0.999998 0.999998 0.999998 0.999999 0.999999 0.999999 0.999999 0.999999 0.999999 0.999999 0.999999 0.999999 0.999999 0.999999 0.999999 0.999999 0.999999 0.999999 
1 1 1 1 1 1 1 1 1 1 1 1 1 1 1 1 0.999999 0.999999 0.999999 0.999999 0.999995 0.999894 0.999114 0.980814 0.915269 0.869777 0.963264 0.998271 0.999714 0.999989 0.999999 1 1 1 1 1 1 1 1 1 1 1 1 1 1 1 1 1 1 1 1 1 1 1 1 1 1 1 1 1 1 1 1 1 1 1 1 1 1 1 0.999999 0.999989 0.999714 0.998271 0.963264 0.869777 0.915269 0.980814 0.999114 0.999894 0.999995 0.999999 0.999999 0.999999 0.999999 1 1 1 1 1 1 1 1 1 1 1 1 1 1 1 
1 1 1 1 1 1 1 1 1 1 1 1 1 1 1 1 1 1 1 1 0.999999 0.999987 0.999704 0.99809 0.962693 0.869048 0.930829 0.98147 0.99937 0.999902 0.999997 1 1 1 1 1 1 1 1 1 1 1 1 1 1 1 1 1 1 1 1 1 1 1 1 1 1 1 1 1 1 1 1 1 1 1 1 1 1 1 0.999997 0.999902 0.99937 0.98147 0.930829 0.869048 0.962693 0.99809 0.999704 0.999987 0.999999 1 1 1 1 1 1 1 1 1 1 1 1 1 1 1 1 1 1 1 
1 1 1 1 1 1 1 1 1 1 1 1 1 1 1 1 1 1 1 1 1 0.999994 0.999887 0.998936 0.980077 0.899536 0.899536 0.980077 0.998936 0.999887 0.999994 1 1 1 1 1 1 1 1 1 1 1 1 1 1 1 1 1 1 1 1 1 1 1 1 1 1 1 1 1 1 1 1 1 1 1 1 1 1 1 0.999994 0.999887 0.998936 0.980077 0.899536 0.899536 0.980077 0.998936 0.999887 0.999994 1 1 1 1 1 1 1 1 1 1 1 1 1 1 1 1 1 1 1 1 
1 1 1 1 1 1 1 1 1 1 1 1 1 1 1 1 1 1 1 1 1 0.999997 0.999902 0.99937 0.98147 0.930829 0.869048 0.962693 0.99809 0.999704 0.999987 0.999999 1 1 1 1 1 1 1 1 1 1 1 1 1 1 1 1 1 1 1 1 1 1 1 1 1 1 1 1 1 1 1 1 1 1 1 1 1 0.999999 0.999987 0.999704 0.99809 0.962693 0.869048 0.930829 0.98147 0.99937 0.999902 0.999997 1 1 1 1 1 1 1 1 1 1 1 1 1 1 1 1 1 1 1 1 
1 1 1 1 1 1 1 1 1 1 1 1 1 1 1 1 1 1 1 1 1 0.999999 0.999989 0.999714 0.998271 0.963264 0.869777 0.915269 0.980814 0.999114 0.999894 0.999995 1 1 1 1 1 1 1 1 1 1 1 1 1 1 1 1 1 1 1 1 1 1 1 1 1 1 1 1 1 1 1 1 1 1 1 1 1 0.999995 0.999894 0.999114 0.980814 0.915269 0.869777 0.963264 0.998271 0.999714 0.999989 0.999999 1 1 1 1 1 1 1 1 1 1 1 1 1 1 1 1 1 1 1 1 
1 1 1 1 1 1 1 1 1 1 1 1 1 1 1 1 1 1 1 1 1 1 0.999995 0.999894 0.999114 0.980814 0.915269 0.869777 0.963264 0.998271 0.999714 0.999989 0.999999 1 1 1 1 1 1 1 1 1 1 1 1 1 1 1 1 1 1 1 1 1 1 1 1 1 1 1 1 1 1 1 1 1 1 1 0.999999 0.999989 0.999714 0.998271 0.963264 0.869777 0.915269 0.980814 0.999114 0.999894 0.999995 1 1 1 1 1 1 1 1 1 1 1 1 1 1 1 1 1 1 1 1 1 
1 1 1 1 1 1 1 1 1 1 1 1 1 1 1 1 1 1 1 1 1 1 0.999999 0.999987 0.999704 0.99809 0.962693 0.869048 0.930829 0.98147 0.99937 0.999902 0.999997 1 1 1 1 1 1 1 1 1 1 1 1 1 1 1 1 1 1 1 1 1 1 1 1 1 1 1 1 1 1 1 1 1 1 1 0.999997 0.999902 0.99937 0.98147 0.930829 0.869048 0.962693 0.99809 0.999704 0.999987 0.999999 1 1 1 1 1 1 1 1 1 1 1 1 1 1 1 1 1 1 1 1 1 
1 1 1 1 1 1 1 1 1 1 1 1 1 1 1 1 1 1 1 1 1 1 1 0.999994 0.999887 0.998936 0.980077 0.899536 0.899536 0.980077 0.998936 0.999887 0.999994 1 1 1 1 1 1 1 1 1 1 1 1 1 1 1 1 1 1 1 1 1 1 1 1 1 1 1 1 1 1 1 1 1 1 1 0.999994 0.999887 0.998936 0.980077 0.899536 0.899536 0.980077 0.998936 0.999887 0.999994 1 1 1 1 1 1 1 1 1 1 1 1 1 1 1 1 1 1 1 1 1 1 
1 1 1 1 1 1 1 1 1 1 1 1 1 1 1 1 1 1 1 1 1 1 1 0.999997 0.999902 0.99937 0.98147 0.930829 0.869048 0.962693 0.99809 0.999704 0.999987 0.999999 1 1 1 1 1 1 1 1 1 1 1 1 1 1 1 1 1 1 1 1 1 1 1 1 1 1 1 1 1 1 1 1 1 0.999999 0.999987 0.999704 0.99809 0.962693 0.869048 0.930829 0.98147 0.99937 0.999902 0.999997 1 1 1 1 1 1 1 1 1 1 1 1 1 1 1 1 1 1 1 1 1 1 
1 1 1 1 1 1 1 1 1 1 1 1 1 1 1 1 1 1 1 1 1 1 1 0.999999 0.999989 0.999714 0.998271 0.963264 0.869777 0.915269 0.980814 0.999114 0.999894 0.999995 1 1 1 1 1 1 1 1 1 1 1 1 1 1 1 1 1 1 1 1 1 1 1 1 1 1 1 1 1 1 1 1 1 0.999995 0.999894 0.999114 0.980814 0.915269 0.869777 0.963264 0.998271 0.999714 0.999989 0.999999 1 1 1 1 1 1 1 1 1 1 1 1 1 1 1 1 1 1 1 1 1 1 
1 1 1 1 1 1 1 1 1 1 1 1 1 1 1 1 1 1 1 1 1 1 1 1 0.999995 0.999894 0.999114 0.980814 0.915269 0.869777 0.963264 0.998272 0.999714 0.999989 0.999999 1 1 1 1 1 1 1 1 1 1 1 1 1 1 1 1 1 1 1 1 1 1 1 1 1 1 1 1 1 1 1 0.999999 0.999989 0.999714 0.998272 0.963264 0.869777 0.915269 0.980814 0.999114 0.999894 0.999995 1 1 1 1 1 1 1 1 1 1 1 1 1 1 1 1 1 1 1 1 1 1 1 
1 1 1 1 1 1 1 1 1 1 1 1 1 1 1 1 1 1 1 1 1 1 1 1 0.999999 0.999987 0.999704 0.99809 0.962693 0.869048 0.93083 0.981471 0.999371 0.999902 0.999997 1 1 1 1 1 1 1 1 1 1 1 1 1 1 1 1 1 1 1 1 1 1 1 1 1 1 1 1 1 1 1 0.999997 0.999902 0.999371 0.981471 0.93083 0.869048 0.962693 0.99809 0.999704 0.999987 0.999999 1 1 1 1 1 1 1 1 1 1 1 1 1 1 1 1 1 1 1 1 1 1 1 
1 1 1 1 1 1 1 1 1 1 1 1 1 1 1 1 1 1 1 1 1 1 1 1 1 0.999994 0.999887 0.998936 0.980077 0.899534 0.89954 0.980161 0.998941 0.999889 0.999994 1 1 1 1 1 1 1 1 1 1 1 1 1 1 1 1 1 1 1 1 1 1 1 1 1 1 1 1 1 1 1 0.999994 0.999889 0.998941 0.980161 0.89954 0.899534 0.980077 0.998936 0.999887 0.999994 1 1 1 1 1 1 1 1 1 1 1 1 1 1 1 1 1 1 1 1 1 1 1 1 
1 1 1 1 1 1 1 1 1 1 1 1 1 1 1 1 1 1 1 1 1 1 1 1 0.999999 0.999997 0.999902 0.99937 0.981468 0.930821 0.869199 0.963016 0.998263 0.999713 0.999989 0.999999 1 1 1 1 1 1 1 1 1 1 1 1 1 1 1 1 1 1 1 1 1 1 1 1 1 1 1 1 1 0.999999 0.999989 0.999713 0.998263 0.963016 0.869199 0.930821 0.981468 0.99937 0.999902 0.999997 0.999999 1 1 1 1 1 1 1 1 1 1 1 1 1 1 1 1 1 1 1 1 1 1 1 
1 1 1 1 1 1 1 1 1 1 1 1 1 1 1 1 1 1 1 1 1 1 1 1 0.999999 0.999997 0.999989 0.999713 0.998263 0.963016 0.869199 0.930821 0.981468 0.99937 0.999902 0.999997 1 1 1 1 1 1 1 1 1 1 1 1 1 1 1 1 1 1 1 1 1 1 1 1 1 1 1 1 1 0.999997 0.999902 0.99937 0.981468 0.930821 0.869199 0.963016 0.998263 0.999713 0.999989 0.999997 0.999999 1 1 1 1 1 1 1 1 1 1 1 1 1 1 1 1 1 1 1 1 1 1 1 
1 1 1 1 1 1 1 1 1 1 1 1 1 1 1 1 1 1 1 1 1 1 1 0.999999 0.999999 0.999996 0.99999 0.999889 0.998941 0.980161 0.89954 0.899534 0.980077 0.998935 0.999887 0.999994 1 1 1 1 1 1 1 1 1 1 1 1 1 1 1 1 1 1 1 1 1 1 1 1 1 1 1 1 1 0.999994 0.999887 0.998935 0.980077 0.899534 0.89954 0.980161 0.998941 0.999888 0.999987 0.999995 0.999998 0.999999 1 1 1 1 1 1 1 1 1 1 1 1 1 1 1 1 1 1 1 1 1 1 
1 1 1 1 1 1 1 1 1 1 1 1 1 1 1 1 1 1 1 1 1 1 1 0.999999 0.999997 0.999993 0.999983 0.999901 0.99937 0.981471 0.930829 0.869048 0.962692 0.998089 0.999703 0.999987 0.999999 1 1 1 1 1 1 1 1 1 1 1 1 1 1 1 1 1 1 1 1 1 1 1 1 1 1 1 0.999999 0.999987 0.999703 0.998089 0.962692 0.869048 0.930829 0.981471 0.999369 0.999899 0.999979 0.999992 0.999997 0.999999 0.999999 1 1 1 1 1 1 1 1 1 1 1 1 1 1 1 1 1 1 1 1 1 
1 1 1 1 1 1 1 1 1 1 1 1 1 1 1 1 1 1 1 1 1 1 0.999999 0.999998 0.999995 0.99999 0.999974 0.999937 0.999708 0.998267 0.963263 0.869779 0.915264 0.98073 0.999109 0.999892 0.999995 1 1 1 1 1 1 1 1 1 1 1 1 1 1 1 1 1 1 1 1 1 1 1 1 1 1 1 0.999995 0.999892 0.999109 0.98073 0.915264 0.869778 0.963261 0.998263 0.999702 0.99992 0.999968 0.999987 0.999994 0.999997 0.999999 0.999999 1 1 1 1 1 1 1 1 1 1 1 1 1 1 1 1 1 1 1 1 
1 1 1 1 1 1 1 1 1 1 1 1 1 1 1 1 1 1 1 1 1 0.999999 0.999998 0.999996 0.999992 0.999981 0.999958 0.999899 0.999742 0.999082 0.980794 0.915274 0.869627 0.962941 0.998099 0.999706 0.999987 0.999999 1 1 1 1 1 1 1 1 1 1 1 1 1 1 1 1 1 1 1 1 1 1 1 1 1 0.999999 0.999987 0.999706 0.998099 0.962941 0.869628 0.915272 0.980781 0.99905 0.99961 0.999873 0.999944 0.999976 0.999989 0.999995 0.999998 0.999999 0.999999 1 1 1 1 1 1 1 1 1 1 1 1 1 1 1 1 1 1 1 
1 1 1 1 1 1 1 1 1 1 1 1 1 1 1 1 1 1 1 1 0.999999 0.999998 0.999996 0.999992 0.999984 0.999965 0.999923 0.999825 0.999614 0.998932 0.997901 0.962859 0.86962 0.915279 0.980816 0.999114 0.999894 0.999995 1 1 1 1 1 1 1 1 1 1 1 1 1 1 1 1 1 1 1 1 1 1 1 1 1 0.999995 0.999894 0.999114 0.980817 0.91528 0.869616 0.962829 0.997689 0.998485 0.999515 0.999772 0.999904 0.999956 0.99998 0.999991 0.999995 0.999998 0.999999 0.999999 1 1 1 1 1 1 1 1 1 1 1 1 1 1 1 1 1 1 
1 1 1 1 1 1 1 1 1 1 1 1 1 1 1 1 1 1 0.999999 0.999999 0.999998 0.999996 0.999993 0.999985 0.999968 0.999932 0.999853 0.999672 0.999261 0.998138 0.995641 0.980349 0.915113 0.869805 0.963281 0.998272 0.999714 0.999989 0.999998 1 1 1 1 1 1 1 1 1 1 1 1 1 1 1 1 1 1 1 1 1 1 1 0.999998 0.999989 0.999714 0.998272 0.963287 0.869821 0.915022 0.980184 0.994356 0.997796 0.999078 0.9996 0.999819 0.999917 0.999961 0.999981 0.999991 0.999995 0.999998 0.999999 0.999999 1 1 1 1 1 1 1 1 1 1 1 1 1 1 1 1 1 
0.999999 0.999999 0.999999 0.999999 0.999999 0.999999 0.999999 0.999999 0.999999 0.999999 0.999999 0.999999 0.999999 0.999999 0.999999 0.999999 0.999999 0.999999 0.999999 0.999998 0.999996 0.999992 0.999984 0.999969 0.999936 0.999866 0.999717 0.999395 0.99867 0.99709 0.99326 0.985406 0.96134 0.86836 0.930941 0.981462 0.999367 0.999898 0.999993 0.999996 0.999996 0.999996 0.999996 0.999996 0.999996 0.999996 0.999996 0.999996 0.999996 0.999996 0.999996 0.999996 0.999996 0.999996 0.999996 0.999996 0.999996 0.999996 0.999996 0.999996 0.999996 0.999996 0.999993 0.999898 0.999368 0.981475 0.93098 0.86794 0.960601 0.982382 0.992151 0.996475 0.998403 0.999266 0.999657 0.999837 0.999921 0.999961 0.999981 0.99999 0.999995 0.999997 0.999998 0.999999 0.999999 0.999999 0.999999 0.999999 0.999999 0.999999 0.999999 0.999999 0.999999 0.999999 0.999999 0.999999 0.999999 0.999999 0.999999 0.999999 
0.999998 0.999998 0.999998 0.999998 0.999998 0.999998 0.999998 0.999998 0.999998 0.999998 0.999998 0.999998 0.999998 0.999999 0.999999 0.999998 0.999998 0.999998 0.999997 0.999995 0.999991 0.999983 0.999967 0.999934 0.999867 0.999729 0.999439 0.998818 0.997488 0.994486 0.988368 0.973507 0.95463 0.892143 0.904063 0.980137 0.998835 0.999803 0.999894 0.999898 0.999898 0.999898 0.999898 0.999898 0.999898 0.999898 0.999898 0.999898 0.999898 0.999898 0.999898 0.999898 0.999898 0.999898 0.999898 0.999898 0.999898 0.999898 0.999898 0.999898 0.999898 0.999898 0.999894 0.999801 0.998851 0.980201 0.905296 0.888074 0.93698 0.968773 0.985761 0.993407 0.996967 0.998572 0.999318 0.999668 0.999837 0.999919 0.999959 0.999979 0.999989 0.999994 0.999996 0.999998 0.999998 0.999998 0.999998 0.999998 0.999998 0.999998 0.999998 0.999998 0.999998 0.999998 0.999998 0.999998 0.999998 0.999998 0.999998 0.999998 
0.999995 0.999995 0.999995 0.999995 0.999995 0.999995 0.999996 0.999996 0.999996 0.999996 0.999996 0.999996 0.999996 0.999996 0.999996 0.999996 0.999996 0.999995 0.999993 0.999989 0.999981 0.999964 0.999929 0.99986 0.999721 0.999438 0.998855 0.99764 0.994996 0.989288 0.975136 0.946957 0.847296 0.774364 0.88513 0.960935 0.99756 0.998958 0.999231 0.999202 0.999198 0.999198 0.999198 0.999198 0.999198 0.999198 0.999198 0.999198 0.999198 0.999198 0.999198 0.999198 0.999198 0.999198 0.999198 0.999198 0.999198 0.999198 0.999198 0.999198 0.999198 0.9992 0.999223 0.998959 0.997611 0.962432 0.888144 0.717237 0.82836 0.936482 0.970776 0.987195 0.993999 0.997142 0.998604 0.99931 0.999655 0.999827 0.999912 0.999955 0.999976 0.999987 0.999992 0.999994 0.999995 0.999996 0.999996 0.999996 0.999996 0.999996 0.999996 0.999996 0.999996 0.999996 0.999995 0.999995 0.999995 0.999995 0.999995 0.999995 
0.999987 0.999987 0.999987 0.999988 0.999988 0.999988 0.999988 0.999988 0.999988 0.999988 0.999988 0.999989 0.999989 0.999989 0.999989 0.999989 0.999989 0.999987 0.999983 0.999975 0.999957 0.99992 0.999847 0.999699 0.999404 0.998815 0.997631 0.995223 0.990262 0.979688 0.95711 0.905103 0.800078 0.584163 0.465211 0.921002 0.966539 0.9841 0.98132 0.980809 0.980738 0.980731 0.98073 0.98073 0.98073 0.98073 0.98073 0.98073 0.98073 0.98073 0.98073 0.98073 0.98073 0.98073 0.98073 0.98073 0.98073 0.98073 0.98073 0.980731 0.980736 0.98079 0.981139 0.983596 0.96747 0.923591 0.475374 0.554048 0.772537 0.890602 0.949489 0.975822 0.988264 0.994189 0.997094 0.998537 0.999261 0.999626 0.99981 0.999902 0.999947 0.99997 0.99998 0.999985 0.999988 0.999988 0.999989 0.999989 0.999988 0.999988 0.999988 0.999988 0.999988 0.999988 0.999988 0.999988 0.999988 0.999987 0.999987 0.999987 
0.999966 0.999966 0.999966 0.999966 0.999966 0.999966 0.999967 0.999967 0.999967 0.999968 0.999968 0.999969 0.99997 0.99997 0.999971 0.999971 0.99997 0.999967 0.999959 0.999941 0.999904 0.999825 0.999666 0.999348 0.998714 0.99746 0.994982 0.990087 0.980377 0.961127 0.92271 0.848645 0.710065 0.519489 0.410867 0.538517 0.907771 0.922469 0.919923 0.91521 0.914504 0.914441 0.914435 0.914434 0.914434 0.914434 0.914434 0.914434 0.914434 0.914434 0.914434 0.914434 0.914434 0.914434 0.914434 0.914434 0.914434 0.914434 0.914434 0.914438 0.914485 0.914975 0.918923 0.921314 0.908397 0.543968 0.412767 0.487514 0.676986 0.825368 0.908949 0.953417 0.976199 0.987857 0.993809 0.996849 0.998399 0.999187 0.999585 0.999784 0.999883 0.99993 0.999953 0.999963 0.999967 0.999969 0.999969 0.999969 0.999969 0.999968 0.999968 0.999967 0.999967 0.999967 0.999966 0.999966 0.999966 0.999966 0.999966 0.999966 
0.999906 0.999906 0.999907 0.999907 0.999907 0.999908 0.999909 0.99991 0.999911 0.999912 0.999913 0.999915 0.999917 0.999919 0.99992 0.999921 0.99992 0.999915 0.9999 0.999863 0.999783 0.999616 0.999272 0.99858 0.997204 0.994492 0.989189 0.9789 0.959176 0.92208 0.855213 0.743533 0.589479 0.445689 0.40929 0.443634 0.479847 0.54973 0.814665 0.906016 0.913623 0.914365 0.914424 0.914433 0.914434 0.914434 0.914434 0.914434 0.914434 0.914434 0.914434 0.914434 0.914434 0.914434 0.914434 0.914434 0.914434 0.914434 0.914429 0.914384 0.913876 0.908275 0.841106 0.576282 0.488895 0.455867 0.421154 0.433347 0.553463 0.707855 0.829691 0.906426 0.950247 0.974029 0.986599 0.993143 0.996511 0.998229 0.999095 0.999526 0.999738 0.999839 0.999886 0.999906 0.999914 0.999917 0.999917 0.999916 0.999914 0.999913 0.999912 0.99991 0.999909 0.999909 0.999908 0.999907 0.999907 0.999906 0.999906 0.999906 
0.999744 0.999744 0.999745 0.999746 0.999747 0.999748 0.99975 0.999753 0.999756 0.999759 0.999763 0.999768 0.999773 0.999778 0.999784 0.999788 0.999788 0.99978 0.99975 0.999676 0.999509 0.999151 0.99841 0.996908 0.993913 0.988019 0.976586 0.954801 0.914499 0.84391 0.732298 0.591497 0.486795 0.50418 0.585977 0.648664 0.689275 0.761118 0.854672 0.954928 0.978527 0.980459 0.980679 0.98072 0.980729 0.98073 0.98073 0.98073 0.98073 0.98073 0.98073 0.98073 0.98073 0.98073 0.98073 0.98073 0.98073 0.980725 0.980696 0.980554 0.979355 0.96512 0.876054 0.777997 0.706225 0.66945 0.614226 0.530614 0.481858 0.554678 0.692259 0.814212 0.896093 0.944325 0.970931 0.98506 0.992398 0.996144 0.998028 0.998959 0.99941 0.999622 0.999718 0.999759 0.999773 0.999776 0.999774 0.99977 0.999766 0.999762 0.999758 0.999755 0.999752 0.99975 0.999748 0.999746 0.999745 0.999744 0.999744 0.999744 
0.9993 0.9993 0.999302 0.999305 0.999308 0.999312 0.999318 0.999324 0.999332 0.999342 0.999353 0.999365 0.999379 0.999395 0.999411 0.999426 0.999434 0.999423 0.99937 0.999224 0.998879 0.998123 0.996534 0.993288 0.986796 0.974079 0.949743 0.904867 0.827303 0.709022 0.571613 0.49617 0.557911 0.679976 0.777057 0.831521 0.865943 0.904383 0.950696 0.977955 0.990551 0.995243 0.998067 0.999106 0.999187 0.999197 0.999197 0.999197 0.999198 0.999198 0.999198 0.999198 0.999198 0.999197 0.999197 0.999197 0.999192 0.999153 0.998654 0.99604 0.99198 0.981468 0.95748 0.913911 0.876126 0.845863 0.800075 0.714549 0.59397 0.502051 0.536428 0.665045 0.793295 0.883651 0.937763 0.967715 0.983528 0.991646 0.995717 0.997712 0.998665 0.999104 0.999296 0.999372 0.999395 0.999395 0.999386 0.999374 0.999361 0.99935 0.99934 0.999331 0.999323 0.999317 0.999311 0.999307 0.999304 0.999302 0.9993 0.999299 
0.998087 0.998089 0.998094 0.998101 0.99811 0.998122 0.998137 0.998155 0.998176 0.998202 0.998231 0.998266 0.998306 0.99835 0.998397 0.998443 0.998477 0.998478 0.998392 0.998114 0.997416 0.99584 0.992468 0.985517 0.971634 0.944763 0.895077 0.809866 0.684062 0.549809 0.501833 0.591785 0.725196 0.83049 0.893704 0.926977 0.945989 0.962686 0.978285 0.990325 0.995645 0.997907 0.998956 0.999503 0.999834 0.999892 0.999897 0.999897 0.999898 0.999898 0.999898 0.999898 0.999898 0.999898 0.999897 0.999895 0.999872 0.999639 0.99914 0.998234 0.996308 0.991898 0.981251 0.966419 0.950955 0.934601 0.907111 0.854144 0.761977 0.633726 0.518783 0.519005 0.637503 0.772206 0.871458 0.931577 0.964753 0.982047 0.99074 0.994967 0.996953 0.997844 0.998217 0.99835 0.998377 0.99836 0.998328 0.998291 0.998256 0.998224 0.998196 0.998172 0.998151 0.998134 0.998119 0.998108 0.998099 0.998093 0.998089 0.998087 
0.994783 0.99479 0.994802 0.994821 0.994846 0.994878 0.994918 0.994967 0.995025 0.995095 0.995176 0.995271 0.995379 0.995502 0.995636 0.995774 0.995896 0.995956 0.995849 0.99535 0.993981 0.990754 0.983706 0.969088 0.940142 0.886073 0.793608 0.661044 0.531793 0.510845 0.620249 0.755012 0.856557 0.918292 0.951859 0.969054 0.978616 0.985628 0.991663 0.995753 0.99802 0.999078 0.999596 0.99983 0.999928 0.999969 0.999984 0.999992 0.999996 0.999996 0.999996 0.999996 0.999996 0.999994 0.999987 0.999975 0.999944 0.999866 0.999681 0.999236 0.998332 0.996382 0.992738 0.987203 0.980851 0.972766 0.958696 0.931178 0.879693 0.791994 0.665566 0.537399 0.507445 0.613598 0.753487 0.860845 0.92625 0.961948 0.980119 0.988918 0.992974 0.994735 0.995424 0.995631 0.995633 0.995554 0.99545 0.995344 0.995245 0.995157 0.99508 0.995014 0.994957 0.99491 0.994871 0.99484 0.994816 0.994799 0.994788 0.994783 
0.985833 0.98585 0.985883 0.985933 0.986 0.986087 0.986195 0.986326 0.986484 0.986671 0.986891 0.987147 0.987442 0.987778 0.988153 0.988552 0.988938 0.989222 0.989195 0.988394 0.985822 0.979405 0.965049 0.935235 0.878082 0.779671 0.64169 0.51887 0.522625 0.645579 0.778604 0.873855 0.930871 0.96224 0.978586 0.986918 0.991421 0.994396 0.996636 0.998226 0.999121 0.999581 0.999807 0.999915 0.999966 0.999986 0.999993 0.999997 0.999998 0.999999 1 0.999999 0.999999 0.999997 0.999995 0.999989 0.999974 0.999934 0.999842 0.99965 0.999255 0.99848 0.997069 0.995037 0.992422 0.988659 0.981882 0.96863 0.943055 0.895884 0.814645 0.692296 0.556247 0.501673 0.595028 0.738654 0.852317 0.9212 0.9578 0.975584 0.98363 0.986967 0.988148 0.988387 0.988243 0.987963 0.987652 0.987353 0.98708 0.98684 0.986631 0.986452 0.9863 0.986173 0.986069 0.985986 0.985921 0.985875 0.985845 0.985831 
0.961978 0.962024 0.96211 0.962241 0.962418 0.962646 0.962929 0.963274 0.963688 0.96418 0.964759 0.965436 0.96622 0.967119 0.968131 0.969237 0.970372 0.971367 0.971819 0.970811 0.966329 0.954167 0.926199 0.869107 0.767798 0.626517 0.510439 0.534677 0.667012 0.797633 0.887003 0.939307 0.967857 0.982838 0.99052 0.994426 0.996507 0.997779 0.998665 0.999261 0.99962 0.999813 0.999912 0.999961 0.999983 0.999993 0.999997 0.999999 0.999999 1 1 1 1 0.999999 0.999998 0.999995 0.999987 0.999968 0.999928 0.999843 0.999677 0.999364 0.998836 0.99805 0.996953 0.995231 0.992068 0.985881 0.973797 0.950655 0.907653 0.832037 0.71352 0.57243 0.499527 0.581998 0.727578 0.843841 0.912212 0.946379 0.961554 0.967475 0.969225 0.969225 0.968557 0.967688 0.966809 0.965994 0.965266 0.964628 0.964077 0.963605 0.963206 0.962873 0.962599 0.96238 0.962211 0.962089 0.962011 0.961974 
0.900998 0.90111 0.901325 0.901648 0.902086 0.902649 0.903351 0.904206 0.905235 0.906459 0.907904 0.909598 0.911569 0.913842 0.91643 0.919313 0.922387 0.92536 0.927503 0.927097 0.920308 0.899139 0.849275 0.752776 0.613401 0.50423 0.544019 0.683227 0.812086 0.896983 0.945542 0.971642 0.985251 0.992241 0.995795 0.997602 0.998553 0.999105 0.999461 0.999696 0.999838 0.999918 0.99996 0.999982 0.999992 0.999996 0.999998 0.999999 1 1 1 1 1 1 0.999999 0.999997 0.999993 0.999985 0.999967 0.999931 0.999862 0.999738 0.999532 0.999221 0.998753 0.997973 0.996515 0.993662 0.988055 0.977117 0.956016 0.916158 0.844443 0.728216 0.582988 0.497518 0.571927 0.714722 0.824611 0.883942 0.910105 0.919406 0.921223 0.920039 0.91783 0.915412 0.913105 0.911019 0.90918 0.907581 0.906204 0.905029 0.904038 0.903211 0.902533 0.901991 0.901574 0.901272 0.901078 0.900988 
0.764132 0.764356 0.764786 0.765433 0.766312 0.767446 0.768861 0.770592 0.772681 0.775179 0.778144 0.781643 0.78575 0.790538 0.796069 0.802358 0.809296 0.816472 0.822746 0.8253 0.817663 0.786782 0.712856 0.591185 0.494028 0.546061 0.691957 0.821176 0.90375 0.949939 0.974313 0.986855 0.993246 0.996486 0.998125 0.998957 0.999391 0.999633 0.999781 0.999874 0.999932 0.999964 0.999982 0.999992 0.999996 0.999998 0.999999 1 1 1 1 1 1 1 0.999999 0.999999 0.999997 0.999993 0.999985 0.99997 0.999941 0.999892 0.999811 0.999684 0.999481 0.999127 0.998458 0.997145 0.994551 0.98943 0.979336 0.959564 0.921453 0.851255 0.73431 0.583379 0.488691 0.553256 0.676954 0.760372 0.797813 0.809312 0.809294 0.80499 0.799496 0.794036 0.78904 0.784625 0.780787 0.777483 0.774659 0.772264 0.770251 0.768578 0.767212 0.766123 0.765285 0.764679 0.764291 0.764111 
0.554663 0.554887 0.555319 0.555973 0.556867 0.558029 0.559496 0.561314 0.563545 0.566261 0.569557 0.573545 0.578363 0.584169 0.591132 0.5994 0.609007 0.619637 0.630056 0.63678 0.631557 0.598903 0.526776 0.461669 0.527395 0.686046 0.821585 0.906034 0.952058 0.97583 0.987832 0.993856 0.996876 0.998392 0.999154 0.99954 0.999739 0.999847 0.99991 0.999948 0.999971 0.999985 0.999992 0.999996 0.999998 0.999999 1 1 1 1 1 1 1 1 1 0.999999 0.999999 0.999997 0.999993 0.999987 0.999975 0.999955 0.999922 0.999869 0.99978 0.999618 0.999309 0.998698 0.997483 0.995059 0.990204 0.980458 0.960929 0.922381 0.849306 0.724518 0.55933 0.454326 0.493624 0.565791 0.603683 0.613595 0.610744 0.603626 0.595835 0.588634 0.582368 0.577044 0.572567 0.568819 0.565693 0.563098 0.560955 0.559202 0.557789 0.556673 0.555822 0.555212 0.554822 0.554641 
0.548898 0.548682 0.548265 0.54764 0.546792 0.545702 0.544348 0.542699 0.540724 0.538386 0.535646 0.532466 0.528819 0.52469 0.520098 0.515095 0.509752 0.504023 0.497353 0.487525 0.46909 0.433615 0.396913 0.465888 0.640609 0.800626 0.898484 0.949623 0.975216 0.9878 0.993967 0.997003 0.998497 0.999238 0.999607 0.999791 0.999885 0.999934 0.999962 0.999978 0.999988 0.999993 0.999997 0.999998 0.999999 1 1 1 1 1 1 1 1 1 1 1 0.999999 0.999999 0.999997 0.999994 0.99999 0.999981 0.999968 0.999944 0.999904 0.999828 0.99968 0.999384 0.998788 0.997581 0.995111 0.990049 0.979621 0.958095 0.914158 0.826381 0.672946 0.486907 0.390571 0.42538 0.46656 0.489701 0.502345 0.51028 0.516298 0.521367 0.525817 0.529752 0.533217 0.536245 0.538867 0.541116 0.543022 0.544617 0.545926 0.546975 0.547783 0.548369 0.548744 0.548919 
0.758191 0.757962 0.757521 0.756854 0.755943 0.754761 0.753271 0.751428 0.749174 0.746434 0.743117 0.739107 0.734259 0.728391 0.721262 0.712542 0.701705 0.687785 0.668621 0.639595 0.589726 0.509271 0.418359 0.493225 0.680632 0.862654 0.933333 0.968957 0.98493 0.992855 0.996504 0.998302 0.999171 0.999595 0.999798 0.999896 0.999945 0.99997 0.999983 0.999991 0.999995 0.999997 0.999998 0.999999 1 1 1 1 1 1 1 1 1 1 1 1 1 0.999999 0.999999 0.999998 0.999995 0.999992 0.999986 0.999975 0.999955 0.999915 0.999835 0.999672 0.999329 0.998621 0.997143 0.994105 0.987316 0.973865 0.943005 0.879154 0.704254 0.510946 0.429079 0.529799 0.612447 0.661204 0.68746 0.703677 0.714852 0.723307 0.730033 0.735527 0.740074 0.743856 0.747007 0.749626 0.751793 0.753569 0.755004 0.75614 0.757007 0.75763 0.758028 0.758213 
0.898003 0.897887 0.897663 0.897325 0.896862 0.89626 0.895499 0.894556 0.893396 0.89198 0.890255 0.888153 0.885588 0.882441 0.878551 0.873663 0.867339 0.858656 0.845629 0.822669 0.780012 0.679175 0.552217 0.720743 0.848754 0.912974 0.949784 0.973555 0.986059 0.993343 0.996776 0.998659 0.999362 0.99971 0.999864 0.999935 0.999968 0.999984 0.999991 0.999995 0.999997 0.999998 0.999999 1 1 1 1 1 1 1 1 1 1 1 1 1 1 1 0.999999 0.999999 0.999998 0.999996 0.999993 0.999986 0.999973 0.999947 0.99989 0.999764 0.999479 0.998909 0.997292 0.994269 0.98801 0.97762 0.964066 0.937217 0.882496 0.792667 0.595011 0.699612 0.799208 0.836942 0.857114 0.867842 0.87471 0.879571 0.883288 0.886248 0.888657 0.890639 0.892277 0.893629 0.894743 0.895652 0.896384 0.896962 0.897403 0.897719 0.897921 0.898014 
0.960759 0.960711 0.96062 0.960482 0.960293 0.960048 0.959737 0.959351 0.958875 0.958294 0.957583 0.956715 0.955649 0.954331 0.952681 0.950564 0.947732 0.943684 0.93728 0.926395 0.905622 0.874359 0.819857 0.910719 0.87047 0.868496 0.914511 0.962235 0.980126 0.994512 0.99652 0.998164 0.999096 0.999687 0.999854 0.999936 0.999973 0.999987 0.999994 0.999996 0.999998 0.999999 0.999999 1 1 1 1 1 1 1 1 1 1 1 1 1 1 1 0.999999 0.999999 0.999998 0.999997 0.999994 0.999989 0.999975 0.999947 0.999879 0.999745 0.999274 0.998602 0.997644 0.996295 0.980335 0.962464 0.914772 0.86888 0.870469 0.91414 0.862675 0.890129 0.916095 0.93338 0.942469 0.947685 0.950875 0.953054 0.954662 0.955914 0.95692 0.957741 0.958415 0.958971 0.959427 0.959799 0.960098 0.960334 0.960514 0.960643 0.960725 0.960763 
0.985365 0.985347 0.985312 0.985259 0.985187 0.985093 0.984973 0.984825 0.984642 0.984419 0.984145 0.983809 0.983396 0.982881 0.982229 0.981377 0.980207 0.978487 0.975774 0.971186 0.963849 0.952844 0.946705 0.979866 0.962932 0.915371 0.869698 0.869527 0.915194 0.962859 0.980663 0.998018 0.999045 0.999629 0.9998 0.999923 0.999964 0.999985 0.999991 0.999994 0.999996 0.999998 0.999998 0.999999 0.999999 0.999999 1 1 1 1 1 1 1 1 1 1 0.999999 0.999999 0.999999 0.999998 0.999997 0.999995 0.999992 0.999983 0.999967 0.999936 0.999853 0.999673 0.999078 0.998058 0.980691 0.962891 0.915214 0.869546 0.869665 0.915323 0.962924 0.980256 0.959423 0.96001 0.968399 0.974181 0.977911 0.98009 0.981446 0.982348 0.982998 0.983494 0.983887 0.984205 0.984465 0.984679 0.984854 0.984997 0.985112 0.985202 0.985271 0.985321 0.985352 0.985367 
0.994609 0.994602 0.994589 0.994569 0.994542 0.994507 0.994463 0.994407 0.994339 0.994255 0.994152 0.994026 0.99387 0.993674 0.993423 0.993089 0.992622 0.991931 0.990851 0.989172 0.986691 0.984253 0.984199 0.995753 0.998019 0.98073 0.962942 0.915275 0.86963 0.869612 0.915259 0.962931 0.980727 0.998094 0.999108 0.999708 0.999949 0.999974 0.999986 0.99999 0.999993 0.999995 0.999996 0.999996 0.999996 0.999996 0.999996 0.999996 0.999996 0.999996 0.999996 0.999996 0.999996 0.999996 0.999996 0.999996 0.999996 0.999996 0.999996 0.999996 0.999995 0.999992 0.999986 0.999975 0.999891 0.999704 0.999107 0.998095 0.980729 0.962934 0.915265 0.86962 0.86963 0.915274 0.962941 0.980731 0.998052 0.997528 0.988505 0.987001 0.988535 0.990386 0.991701 0.992555 0.993097 0.993458 0.993713 0.993905 0.994054 0.994175 0.994272 0.994353 0.994418 0.994471 0.994514 0.994548 0.994574 0.994592 0.994604 0.994609 
0.998022 0.99802 0.998015 0.998008 0.997998 0.997985 0.997968 0.997947 0.997922 0.997891 0.997853 0.997806 0.997747 0.997673 0.997577 0.997447 0.997265 0.996995 0.996589 0.995994 0.995256 0.994661 0.995247 0.99808 0.999621 0.999103 0.998097 0.980733 0.96294 0.915272 0.869628 0.869628 0.915272 0.962941 0.98074 0.998269 0.999441 0.999876 0.999893 0.999897 0.999898 0.999898 0.999898 0.999898 0.999898 0.999898 0.999898 0.999898 0.999898 0.999898 0.999898 0.999898 0.999898 0.999898 0.999898 0.999898 0.999898 0.999898 0.999898 0.999898 0.999897 0.999895 0.999885 0.999703 0.999108 0.998097 0.980732 0.96294 0.915272 0.869628 0.869628 0.915272 0.96294 0.980733 0.998097 0.999105 0.999658 0.998627 0.996481 0.995651 0.995952 0.996469 0.996921 0.997235 0.997445 0.997586 0.997686 0.997759 0.997816 0.997861 0.997897 0.997927 0.997952 0.997971 0.997987 0.998 0.998009 0.998016 0.99802 0.998022 
0.999276 0.999275 0.999273 0.99927 0.999267 0.999262 0.999256 0.999248 0.999239 0.999227 0.999213 0.999195 0.999173 0.999146 0.999109 0.999059 0.998988 0.998886 0.998738 0.99854 0.998322 0.998224 0.998492 0.999337 0.99976 0.999886 0.999704 0.999109 0.998097 0.980732 0.96294 0.915272 0.869626 0.869635 0.915507 0.963578 0.997338 0.99875 0.999181 0.999195 0.999197 0.999197 0.999198 0.999198 0.999198 0.999198 0.999198 0.999198 0.999198 0.999198 0.999198 0.999198 0.999198 0.999198 0.999198 0.999198 0.999198 0.999198 0.999198 0.999197 0.999196 0.999187 0.998925 0.998087 0.980728 0.962939 0.915272 0.869628 0.869628 0.915272 0.96294 0.980732 0.998097 0.999109 0.999705 0.999888 0.999825 0.999527 0.998876 0.998563 0.998579 0.998721 0.998866 0.998978 0.999057 0.999111 0.999149 0.999177 0.999199 0.999216 0.999229 0.999241 0.99925 0.999257 0.999263 0.999267 0.999271 0.999273 0.999275 0.999276 
0.999735 0.999734 0.999734 0.999733 0.999731 0.99973 0.999727 0.999725 0.999721 0.999717 0.999712 0.999705 0.999697 0.999686 0.999672 0.999653 0.999627 0.999588 0.999536 0.999471 0.999412 0.999401 0.999511 0.999746 0.999904 0.999966 0.999986 0.999892 0.999705 0.999109 0.998097 0.980731 0.962929 0.915086 0.868541 0.884723 0.946305 0.979474 0.980466 0.980722 0.980729 0.98073 0.98073 0.98073 0.98073 0.98073 0.98073 0.98073 0.98073 0.98073 0.98073 0.98073 0.98073 0.98073 0.98073 0.98073 0.98073 0.98073 0.98073 0.980729 0.980724 0.980551 0.979806 0.962521 0.915202 0.869592 0.869602 0.915266 0.96294 0.980732 0.998097 0.999109 0.999705 0.999892 0.999986 0.999974 0.999927 0.999813 0.999629 0.999516 0.999504 0.999539 0.999585 0.999624 0.999652 0.999673 0.999688 0.999698 0.999706 0.999713 0.999718 0.999722 0.999725 0.999728 0.99973 0.999732 0.999733 0.999734 0.999735 0.999735 
0.999903 0.999903 0.999903 0.999902 0.999902 0.999901 0.9999 0.999899 0.999898 0.999896 0.999894 0.999892 0.999889 0.999885 0.99988 0.999872 0.999862 0.999848 0.99983 0.99981 0.999794 0.999797 0.999837 0.999909 0.999959 0.999984 0.999995 0.999995 0.999987 0.999892 0.999705 0.999102 0.997984 0.979773 0.944541 0.851046 0.866026 0.897879 0.914018 0.91435 0.914432 0.914434 0.914434 0.914434 0.914434 0.914434 0.914434 0.914434 0.914434 0.914434 0.914434 0.914434 0.914434 0.914434 0.914434 0.914434 0.914434 0.914434 0.914434 0.914432 0.91435 0.914023 0.898042 0.866628 0.836155 0.91299 0.962315 0.980704 0.998092 0.999108 0.999705 0.999892 0.999987 0.999995 0.999996 0.999987 0.999969 0.999931 0.999874 0.999836 0.999827 0.999835 0.999849 0.999862 0.999872 0.99988 0.999885 0.999889 0.999892 0.999895 0.999897 0.999898 0.999899 0.9999 0.999901 0.999902 0.999902 0.999903 0.999903 0.999903 
0.999964 0.999964 0.999964 0.999964 0.999964 0.999964 0.999963 0.999963 0.999963 0.999962 0.999961 0.99996 0.999959 0.999958 0.999956 0.999953 0.999949 0.999944 0.999938 0.999932 0.999928 0.999931 0.999945 0.999967 0.999984 0.999993 0.999997 0.999999 0.999999 0.999995 0.999984 0.999871 0.999155 0.996551 0.945178 0.85127 0.866016 0.897877 0.914018 0.91435 0.914432 0.914434 0.914434 0.914434 0.914434 0.914434 0.914434 0.914434 0.914434 0.914434 0.914434 0.914434 0.914434 0.914434 0.914434 0.914434 0.914434 0.914434 0.914434 0.914432 0.91435 0.914018 0.897877 0.866017 0.850664 0.928971 0.995714 0.998564 0.999685 0.999889 0.999987 0.999995 0.999999 0.999999 0.999998 0.999995 0.999988 0.999974 0.999957 0.999944 0.999939 0.999941 0.999945 0.999949 0.999953 0.999956 0.999958 0.999959 0.999961 0.999961 0.999962 0.999963 0.999963 0.999964 0.999964 0.999964 0.999964 0.999964 0.999964 0.999964 
0.999987 0.999987 0.999987 0.999987 0.999987 0.999987 0.999987 0.999986 0.999986 0.999986 0.999986 0.999985 0.999985 0.999984 0.999984 0.999983 0.999981 0.99998 0.999978 0.999976 0.999975 0.999976 0.999981 0.999988 0.999994 0.999997 0.999999 0.999999 1 0.999998 0.999989 0.999714 0.998432 0.963804 0.88469 0.883888 0.946127 0.979467 0.980465 0.980722 0.980729 0.98073 0.98073 0.98073 0.98073 0.98073 0.98073 0.98073 0.98073 0.98073 0.98073 0.98073 0.98073 0.98073 0.98073 0.98073 0.98073 0.98073 0.98073 0.980729 0.980722 0.980465 0.979467 0.946127 0.883878 0.884374 0.963629 0.998339 0.999706 0.999985 0.999997 1 1 1 0.999999 0.999998 0.999995 0.999991 0.999985 0.999981 0.999979 0.999979 0.99998 0.999981 0.999983 0.999984 0.999985 0.999985 0.999986 0.999986 0.999986 0.999986 0.999987 0.999987 0.999987 0.999987 0.999987 0.999987 0.999987 0.999987 
0.999995 0.999995 0.999995 0.999995 0.999995 0.999995 0.999995 0.999995 0.999995 0.999995 0.999995 0.999995 0.999995 0.999994 0.999994 0.999994 0.999993 0.999993 0.999992 0.999991 0.999991 0.999992 0.999993 0.999996 0.999998 0.999999 0.999999 1 1 0.999997 0.999902 0.999371 0.981476 0.931064 0.868459 0.946435 0.996816 0.998658 0.999179 0.999194 0.999197 0.999197 0.999198 0.999198 0.999198 0.999198 0.999198 0.999198 0.999198 0.999198 0.999198 0.999198 0.999198 0.999198 0.999198 0.999198 0.999198 0.999198 0.999197 0.999197 0.999194 0.999179 0.998658 0.996816 0.946435 0.868453 0.931058 0.981472 0.999368 0.999901 0.999997 1 1 1 1 0.999999 0.999998 0.999997 0.999995 0.999993 0.999993 0.999992 0.999993 0.999993 0.999994 0.999994 0.999994 0.999995 0.999995 0.999995 0.999995 0.999995 0.999995 0.999995 0.999995 0.999995 0.999995 0.999995 0.999995 0.999995 
0.999998 0.999998 0.999998 0.999998 0.999998 0.999998 0.999998 0.999998 0.999998 0.999998 0.999998 0.999998 0.999998 0.999998 0.999998 0.999998 0.999997 0.999997 0.999997 0.999997 0.999997 0.999997 0.999998 0.999998 0.999999 1 1 1 1 0.999994 0.999887 0.998936 0.980079 0.899543 0.899378 0.979741 0.998668 0.999779 0.99989 0.999897 0.999898 0.999898 0.999898 0.999898 0.999898 0.999898 0.999898 0.999898 0.999898 0.999898 0.999898 0.999898 0.999898 0.999898 0.999898 0.999898 0.999898 0.999898 0.999898 0.999898 0.999897 0.99989 0.999779 0.998668 0.979741 0.899378 0.89954 0.980073 0.998849 0.999881 0.999992 0.999999 1 1 1 1 0.999999 0.999999 0.999998 0.999998 0.999997 0.999997 0.999997 0.999998 0.999998 0.999998 0.999998 0.999998 0.999998 0.999998 0.999998 0.999998 0.999998 0.999998 0.999998 0.999998 0.999998 0.999998 0.999998 0.999998 
0.999999 0.999999 0.999999 0.999999 0.999999 0.999999 0.999999 0.999999 0.999999 0.999999 0.999999 0.999999 0.999999 0.999999 0.999999 0.999999 0.999999 0.999999 0.999999 0.999999 0.999999 0.999999 0.999999 0.999999 1 1 1 1 0.999999 0.999987 0.999703 0.998089 0.962692 0.86905 0.930824 0.981385 0.999362 0.999897 0.999993 0.999996 0.999996 0.999996 0.999996 0.999996 0.999996 0.999996 0.999996 0.999996 0.999996 0.999996 0.999996 0.999996 0.999996 0.999996 0.999996 0.999996 0.999996 0.999996 0.999996 0.999996 0.999996 0.999993 0.999897 0.999362 0.981385 0.930826 0.869041 0.96252 0.99767 0.999524 0.999976 0.999996 1 1 1 1 1 1 0.999999 0.999999 0.999999 0.999999 0.999999 0.999999 0.999999 0.999999 0.999999 0.999999 0.999999 0.999999 0.999999 0.999999 0.999999 0.999999 0.999999 0.999999 0.999999 0.999999 0.999999 0.999999 
1 1 1 1 1 1 1 1 1 1 1 1 1 1 1 1 1 1 1 1 1 1 1 1 1 1 1 1 0.999995 0.999892 0.999109 0.98073 0.915264 0.869779 0.963263 0.99827 0.999713 0.999989 0.999998 1 1 1 1 1 1 1 1 1 1 1 1 1 1 1 1 1 1 1 1 1 1 0.999998 0.999989 0.999713 0.998272 0.963273 0.870009 0.914493 0.964049 0.998185 0.999622 0.999983 0.999998 1 1 1 1 1 1 1 1 1 1 1 1 1 1 1 1 1 1 1 1 1 1 1 1 1 1 1 
1 1 1 1 1 1 1 1 1 1 1 1 1 1 1 1 1 1 1 1 1 1 1 1 1 1 1 0.999999 0.999987 0.999706 0.998099 0.962941 0.869627 0.915277 0.980816 0.999114 0.999894 0.999995 1 1 1 1 1 1 1 1 1 1 1 1 1 1 1 1 1 1 1 1 1 1 1 1 0.999995 0.999895 0.99912 0.980995 0.916125 0.854151 0.915348 0.979934 0.998607 0.999796 0.99999 0.999999 1 1 1 1 1 1 1 1 1 1 1 1 1 1 1 1 1 1 1 1 1 1 1 1 1 1 
1 1 1 1 1 1 1 1 1 1 1 1 1 1 1 1 1 1 1 1 1 1 1 1 1 1 1 0.999995 0.999894 0.999114 0.980816 0.915277 0.869627 0.962941 0.998099 0.999706 0.999987 0.999999 1 1 1 1 1 1 1 1 1 1 1 1 1 1 1 1 1 1 1 1 1 1 1 1 0.999999 0.99999 0.999796 0.998607 0.979934 0.915348 0.854151 0.916125 0.980995 0.999121 0.999895 0.999995 1 1 1 1 1 1 1 1 1 1 1 1 1 1 1 1 1 1 1 1 1 1 1 1 1 1 
1 1 1 1 1 1 1 1 1 1 1 1 1 1 1 1 1 1 1 1 1 1 1 1 1 1 0.999999 0.999989 0.999714 0.998272 0.963264 0.869779 0.915264 0.98073 0.999109 0.999892 0.999995 1 1 1 1 1 1 1 1 1 1 1 1 1 1 1 1 1 1 1 1 1 1 1 1 1 1 0.999998 0.999983 0.999622 0.998185 0.964049 0.914493 0.870009 0.963274 0.998274 0.999714 0.999989 0.999999 1 1 1 1 1 1 1 1 1 1 1 1 1 1 1 1 1 1 1 1 1 1 1 1 1 
1 1 1 1 1 1 1 1 1 1 1 1 1 1 1 1 1 1 1 1 1 1 1 1 1 1 0.999997 0.999902 0.999371 0.981471 0.93083 0.869048 0.962692 0.998089 0.999703 0.999987 0.999999 1 1 1 1 1 1 1 1 1 1 1 1 1 1 1 1 1 1 1 1 1 1 1 1 1 1 1 0.999996 0.999976 0.999524 0.99767 0.96252 0.86904 0.930832 0.981471 0.999371 0.999902 0.999997 1 1 1 1 1 1 1 1 1 1 1 1 1 1 1 1 1 1 1 1 1 1 1 1 1 
1 1 1 1 1 1 1 1 1 1 1 1 1 1 1 1 1 1 1 1 1 1 1 1 1 1 0.999994 0.999889 0.998941 0.980161 0.89954 0.899534 0.980077 0.998935 0.999887 0.999994 1 1 1 1 1 1 1 1 1 1 1 1 1 1 1 1 1 1 1 1 1 1 1 1 1 1 1 1 0.999999 0.999992 0.999881 0.998849 0.980071 0.899533 0.89954 0.980161 0.998941 0.999889 0.999994 1 1 1 1 1 1 1 1 1 1 1 1 1 1 1 1 1 1 1 1 1 1 1 1 1 
1 1 1 1 1 1 1 1 1 1 1 1 1 1 1 1 1 1 1 1 1 1 1 1 1 0.999999 0.999989 0.999713 0.998263 0.963016 0.869199 0.930821 0.981468 0.99937 0.999902 0.999997 1 1 1 1 1 1 1 1 1 1 1 1 1 1 1 1 1 1 1 1 1 1 1 1 1 1 1 1 1 0.999997 0.999901 0.999368 0.981467 0.930821 0.869199 0.963016 0.998263 0.999713 0.999989 0.999999 1 1 1 1 1 1 1 1 1 1 1 1 1 1 1 1 1 1 1 1 1 1 1 1 
1 1 1 1 1 1 1 1 1 1 1 1 1 1 1 1 1 1 1 1 1 1 1 1 1 0.999997 0.999902 0.99937 0.981468 0.930821 0.869199 0.963016 0.998263 0.999713 0.999989 0.999999 1 1 1 1 1 1 1 1 1 1 1 1 1 1 1 1 1 1 1 1 1 1 1 1 1 1 1 1 1 0.999999 0.999989 0.999712 0.998263 0.963016 0.869199 0.930821 0.981468 0.99937 0.999902 0.999997 1 1 1 1 1 1 1 1 1 1 1 1 1 1 1 1 1 1 1 1 1 1 1 1 
1 1 1 1 1 1 1 1 1 1 1 1 1 1 1 1 1 1 1 1 1 1 1 1 1 0.999994 0.999887 0.998936 0.980077 0.899534 0.89954 0.980161 0.998941 0.999889 0.999994 1 1 1 1 1 1 1 1 1 1 1 1 1 1 1 1 1 1 1 1 1 1 1 1 1 1 1 1 1 1 1 0.999994 0.999889 0.998941 0.980161 0.89954 0.899534 0.980077 0.998936 0.999887 0.999994 1 1 1 1 1 1 1 1 1 1 1 1 1 1 1 1 1 1 1 1 1 1 1 1 
1 1 1 1 1 1 1 1 1 1 1 1 1 1 1 1 1 1 1 1 1 1 1 1 0.999999 0.999987 0.999704 0.99809 0.962693 0.869048 0.93083 0.981471 0.999371 0.999902 0.999997 1 1 1 1 1 1 1 1 1 1 1 1 1 1 1 1 1 1 1 1 1 1 1 1 1 1 1 1 1 1 1 0.999997 0.999902 0.999371 0.981471 0.93083 0.869048 0.962693 0.99809 0.999704 0.999987 0.999999 1 1 1 1 1 1 1 1 1 1 1 1 1 1 1 1 1 1 1 1 1 1 1 
1 1 1 1 1 1 1 1 1 1 1 1 1 1 1 1 1 1 1 1 1 1 1 1 0.999995 0.999894 0.999114 0.980814 0.915269 0.869777 0.963264 0.998272 0.999714 0.999989 0.999999 1 1 1 1 1 1 1 1 1 1 1 1 1 1 1 1 1 1 1 1 1 1 1 1 1 1 1 1 1 1 1 0.999999 0.999989 0.999714 0.998272 0.963264 0.869777 0.915269 0.980814 0.999114 0.999894 0.999995 1 1 1 1 1 1 1 1 1 1 1 1 1 1 1 1 1 1 1 1 1 1 1 
1 1 1 1 1 1 1 1 1 1 1 1 1 1 1 1 1 1 1 1 1 1 1 0.999999 0.999989 0.999714 0.998271 0.963264 0.869777 0.915269 0.980814 0.999114 0.999894 0.999995 1 1 1 1 1 1 1 1 1 1 1 1 1 1 1 1 1 1 1 1 1 1 1 1 1 1 1 1 1 1 1 1 1 0.999995 0.999894 0.999114 0.980814 0.915269 0.869777 0.963264 0.998271 0.999714 0.999989 0.999999 1 1 1 1 1 1 1 1 1 1 1 1 1 1 1 1 1 1 1 1 1 1 
1 1 1 1 1 1 1 1 1 1 1 1 1 1 1 1 1 1 1 1 1 1 1 0.999997 0.999902 0.99937 0.98147 0.930829 0.869048 0.962693 0.99809 0.999704 0.999987 0.999999 1 1 1 1 1 1 1 1 1 1 1 1 1 1 1 1 1 1 1 1 1 1 1 1 1 1 1 1 1 1 1 1 1 0.999999 0.999987 0.999704 0.99809 0.962693 0.869048 0.930829 0.98147 0.99937 0.999902 0.999997 1 1 1 1 1 1 1 1 1 1 1 1 1 1 1 1 1 1 1 1 1 1 
1 1 1 1 1 1 1 1 1 1 1 1 1 1 1 1 1 1 1 1 1 1 1 0.999994 0.999887 0.998936 0.980077 0.899536 0.899536 0.980077 0.998936 0.999887 0.999994 1 1 1 1 1 1 1 1 1 1 1 1 1 1 1 1 1 1 1 1 1 1 1 1 1 1 1 1 1 1 1 1 1 1 1 0.999994 0.999887 0.998936 0.980077 0.899536 0.899536 0.980077 0.998936 0.999887 0.999994 1 1 1 1 1 1 1 1 1 1 1 1 1 1 1 1 1 1 1 1 1 1 
1 1 1 1 1 1 1 1 1 1 1 1 1 1 1 1 1 1 1 1 1 1 0.999999 0.999987 0.999704 0.99809 0.962693 0.869048 0.930829 0.98147 0.99937 0.999902 0.999997 1 1 1 1 1 1 1 1 1 1 1 1 1 1 1 1 1 1 1 1 1 1 1 1 1 1 1 1 1 1 1 1 1 1 1 0.999997 0.999902 0.99937 0.98147 0.930829 0.869048 0.962693 0.99809 0.999704 0.999987 0.999999 1 1 1 1 1 1 1 1 1 1 1 1 1 1 1 1 1 1 1 1 1 
1 1 1 1 1 1 1 1 1 1 1 1 1 1 1 1 1 1 1 1 1 1 0.999995 0.999894 0.999114 0.980814 0.915269 0.869777 0.963264 0.998271 0.999714 0.999989 0.999999 1 1 1 1 1 1 1 1 1 1 1 1 1 1 1 1 1 1 1 1 1 1 1 1 1 1 1 1 1 1 1 1 1 1 1 0.999999 0.999989 0.999714 0.998271 0.963264 0.869777 0.915269 0.980814 0.999114 0.999894 0.999995 1 1 1 1 1 1 1 1 1 1 1 1 1 1 1 1 1 1 1 1 1 
1 1 1 1 1 1 1 1 1 1 1 1 1 1 1 1 1 1 1 1 1 0.999999 0.999989 0.999714 0.998271 0.963264 0.869777 0.915269 0.980814 0.999114 0.999894 0.999995 1 1 1 1 1 1 1 1 1 1 1 1 1 1 1 1 1 1 1 1 1 1 1 1 1 1 1 1 1 1 1 1 1 1 1 1 1 0.999995 0.999894 0.999114 0.980814 0.915269 0.869777 0.963264 0.998271 0.999714 0.999989 0.999999 1 1 1 1 1 1 1 1 1 1 1 1 1 1 1 1 1 1 1 1 
1 1 1 1 1 1 1 1 1 1 1 1 1 1 1 1 1 1 1 1 1 0.999997 0.999902 0.99937 0.98147 0.930829 0.869048 0.962693 0.99809 0.999704 0.999987 0.999999 1 1 1 1 1 1 1 1 1 1 1 1 1 1 1 1 1 1 1 1 1 1 1 1 1 1 1 1 1 1 1 1 1 1 1 1 1 0.999999 0.999987 0.999704 0.99809 0.962693 0.869048 0.930829 0.98147 0.99937 0.999902 0.999997 1 1 1 1 1 1 1 1 1 1 1 1 1 1 1 1 1 1 1 1 
1 1 1 1 1 1 1 1 1 1 1 1 1 1 1 1 1 1 1 0.999999 0.999999 0.999994 0.999887 0.998936 0.980077 0.899536 0.899536 0.980077 0.998936 0.999887 0.999994 1 1 1 1 1 1 1 1 1 1 1 1 1 1 1 1 1 1 1 1 1 1 1 1 1 1 1 1 1 1 1 1 1 1 1 1 1 1 1 0.999994 0.999887 0.998936 0.980077 0.899536 0.899536 0.980077 0.998936 0.999887 0.999994 0.999999 0.999999 1 1 1 1 1 1 1 1 1 1 1 1 1 1 1 1 1 1 
0.999999 0.999999 0.999999 0.999999 0.999999 0.999999 0.999999 0.999999 0.999999 0.999999 0.999999 0.999999 0.999999 0.999999 0.999999 0.999999 0.999999 0.999999 0.999999 0.999999 0.999998 0.999987 0.999704 0.99809 0.962693 0.869048 0.930829 0.98147 0.99937 0.999902 0.999997 1 1 1 1 1 1 1 1 1 1 1 1 1 1 1 1 1 1 1 1 1 1 1 1 1 1 1 1 1 1 1 1 1 1 1 1 1 1 1 0.999997 0.999902 0.99937 0.98147 0.930829 0.869048 0.962693 0.99809 0.999704 0.999987 0.999998 0.999999 0.999999 0.999999 0.999999 0.999999 0.999999 0.999999 0.999999 0.999999 0.999999 0.999999 0.999999 0.999999 0.999999 0.999999 0.999999 0.999999 0.999999 0.999999 
0.999998 0.999998 0.999998 0.999998 0.999998 0.999998 0.999998 0.999998 0.999998 0.999998 0.999998 0.999998 0.999998 0.999998 0.999998 0.999998 0.999998 0.999997 0.999997 0.999995 0.999993 0.999894 0.999114 0.980814 0.915269 0.869777 0.963264 0.998271 0.999714 0.999989 0.999999 1 1 1 1 1 1 1 1 1 1 1 1 1 1 1 1 1 1 1 1 1 1 1 1 1 1 1 1 1 1 1 1 1 1 1 1 1 1 1 0.999999 0.999989 0.999714 0.998271 0.963264 0.869777 0.915269 0.980814 0.999114 0.999894 0.999993 0.999995 0.999997 0.999997 0.999998 0.999998 0.999998 0.999998 0.999998 0.999998 0.999998 0.999998 0.999998 0.999998 0.999998 0.999998 0.999998 0.999998 0.999998 0.999998 
0.999996 0.999996 0.999996 0.999996 0.999996 0.999996 0.999996 0.999996 0.999996 0.999996 0.999996 0.999996 0.999996 0.999995 0.999995 0.999994 0.999994 0.999992 0.999991 0.999986 0.999984 0.999714 0.998271 0.963264 0.869777 0.915269 0.980814 0.999114 0.999894 0.999995 1 1 1 1 1 1 1 1 1 1 1 1 1 1 1 1 1 1 1 1 1 1 1 1 1 1 1 1 1 1 1 1 1 1 1 1 1 1 1 1 1 0.999995 0.999894 0.999114 0.980814 0.915269 0.869777 0.963264 0.998271 0.999714 0.999984 0.999986 0.999991 0.999992 0.999994 0.999994 0.999995 0.999995 0.999996 0.999996 0.999996 0.999996 0.999996 0.999996 0.999996 0.999996 0.999996 0.999996 0.999996 0.999996 
0.999988 0.999988 0.999988 0.999988 0.999988 0.999988 0.999988 0.999988 0.999988 0.999988 0.999988 0.999988 0.999988 0.999988 0.999987 0.999985 0.999983 0.999979 0.999974 0.999964 0.9999 0.99937 0.98147 0.930829 0.869048 0.962693 0.99809 0.999704 0.999987 0.999999 1 1 1 1 1 1 1 1 1 1 1 1 1 1 1 1 1 1 1 1 1 1 1 1 1 1 1 1 1 1 1 1 1 1 1 1 1 1 1 1 1 0.999999 0.999987 0.999704 0.99809 0.962693 0.869048 0.930829 0.98147 0.99937 0.9999 0.999964 0.999974 0.999979 0.999983 0.999985 0.999987 0.999988 0.999988 0.999988 0.999988 0.999988 0.999988 0.999988 0.999988 0.999988 0.999988 0.999988 0.999988 0.999988 
0.999967 0.999967 0.999967 0.999967 0.999967 0.999967 0.999968 0.999968 0.999968 0.999968 0.999969 0.999969 0.999968 0.999967 0.999964 0.99996 0.999953 0.999943 0.999932 0.999911 0.99988 0.998935 0.980077 0.899536 0.899536 0.980077 0.998936 0.999887 0.999994 1 1 1 1 1 1 1 1 1 1 1 1 1 1 1 1 1 1 1 1 1 1 1 1 1 1 1 1 1 1 1 1 1 1 1 1 1 1 1 1 1 1 1 0.999994 0.999887 0.998936 0.980077 0.899536 0.899536 0.980077 0.998935 0.99988 0.999911 0.999932 0.999943 0.999953 0.99996 0.999964 0.999967 0.999968 0.999969 0.999969 0.999968 0.999968 0.999968 0.999968 0.999967 0.999967 0.999967 0.999967 0.999967 
0.999909 0.99991 0.99991 0.99991 0.99991 0.999911 0.999912 0.999912 0.999913 0.999914 0.999915 0.999915 0.999914 0.999911 0.999905 0.999893 0.999875 0.999847 0.99981 0.999767 0.999684 0.998089 0.962693 0.869048 0.930829 0.98147 0.99937 0.999902 0.999997 1 1 1 1 1 1 1 1 1 1 1 1 1 1 1 1 1 1 1 1 1 1 1 1 1 1 1 1 1 1 1 1 1 1 1 1 1 1 1 1 1 1 1 0.999997 0.999902 0.99937 0.98147 0.930829 0.869048 0.962693 0.998089 0.999684 0.999767 0.99981 0.999847 0.999875 0.999893 0.999905 0.999911 0.999914 0.999915 0.999915 0.999914 0.999913 0.999912 0.999912 0.999911 0.99991 0.99991 0.99991 0.99991 
0.999753 0.999753 0.999753 0.999754 0.999755 0.999757 0.999758 0.999761 0.999763 0.999765 0.999767 0.999768 0.999766 0.99976 0.999745 0.999716 0.999665 0.999582 0.999464 0.999152 0.999064 0.980809 0.915269 0.869777 0.963264 0.998271 0.999714 0.999989 0.999999 1 1 1 1 1 1 1 1 1 1 1 1 1 1 1 1 1 1 1 1 1 1 1 1 1 1 1 1 1 1 1 1 1 1 1 1 1 1 1 1 1 1 1 0.999999 0.999989 0.999714 0.998271 0.963264 0.869777 0.915269 0.980809 0.999064 0.999152 0.999464 0.999582 0.999665 0.999716 0.999745 0.99976 0.999766 0.999768 0.999767 0.999765 0.999763 0.999761 0.999758 0.999757 0.999755 0.999754 0.999753 0.999753 
0.999324 0.999324 0.999326 0.999328 0.999331 0.999335 0.99934 0.999346 0.999352 0.999359 0.999365 0.999369 0.999367 0.999353 0.999318 0.999244 0.999113 0.998888 0.998605 0.997788 0.99811 0.963251 0.869777 0.915269 0.980814 0.999114 0.999894 0.999995 1 1 1 1 1 1 1 1 1 1 1 1 1 1 1 1 1 1 1 1 1 1 1 1 1 1 1 1 1 1 1 1 1 1 1 1 1 1 1 1 1 1 1 1 1 0.999995 0.999894 0.999114 0.980814 0.915269 0.869777 0.963251 0.99811 0.997788 0.998605 0.998888 0.999113 0.999244 0.999318 0.999353 0.999367 0.999369 0.999365 0.999359 0.999352 0.999346 0.99934 0.999335 0.999331 0.999328 0.999326 0.999324 
0.998153 0.998154 0.998158 0.998164 0.998173 0.998184 0.998197 0.998213 0.998231 0.99825 0.998268 0.998282 0.998283 0.998257 0.998176 0.997996 0.997652 0.997084 0.996002 0.994575 0.981307 0.9308 0.869049 0.962693 0.99809 0.999704 0.999987 0.999999 1 1 1 1 1 1 1 1 1 1 1 1 1 1 1 1 1 1 1 1 1 1 1 1 1 1 1 1 1 1 1 1 1 1 1 1 1 1 1 1 1 1 1 1 1 0.999999 0.999987 0.999704 0.99809 0.962693 0.869049 0.9308 0.981307 0.994575 0.996002 0.997084 0.997652 0.997996 0.998176 0.998257 0.998283 0.998282 0.998268 0.99825 0.998231 0.998213 0.998197 0.998184 0.998173 0.998164 0.998158 0.998154 
0.994962 0.994966 0.994976 0.994992 0.995016 0.995046 0.995083 0.995126 0.995175 0.995229 0.995283 0.995329 0.995348 0.995305 0.995127 0.994699 0.993841 0.992431 0.990372 0.988319 0.979614 0.899476 0.899538 0.980077 0.998936 0.999887 0.999994 1 1 1 1 1 1 1 1 1 1 1 1 1 1 1 1 1 1 1 1 1 1 1 1 1 1 1 1 1 1 1 1 1 1 1 1 1 1 1 1 1 1 1 1 1 1 1 0.999994 0.999887 0.998936 0.980077 0.899538 0.899476 0.979614 0.988319 0.990372 0.992431 0.993841 0.994699 0.995127 0.995305 0.995348 0.995329 0.995283 0.995229 0.995175 0.995126 0.995083 0.995046 0.995016 0.994992 0.994976 0.994966 
0.986314 0.986323 0.98635 0.986395 0.986458 0.986539 0.986639 0.986756 0.986891 0.98704 0.987195 0.987338 0.98743 0.987384 0.987023 0.986012 0.983867 0.979929 0.974629 0.970193 0.961602 0.868893 0.930834 0.98147 0.99937 0.999902 0.999997 1 1 1 1 1 1 1 1 1 1 1 1 1 1 1 1 1 1 1 1 1 1 1 1 1 1 1 1 1 1 1 1 1 1 1 1 1 1 1 1 1 1 1 1 1 1 1 0.999997 0.999902 0.99937 0.98147 0.930834 0.868893 0.961602 0.970193 0.974629 0.979929 0.983867 0.986012 0.987023 0.987384 0.98743 0.987338 0.987195 0.98704 0.986891 0.986756 0.986639 0.986539 0.986458 0.986395 0.98635 0.986323 
0.963241 0.963265 0.963335 0.963453 0.963619 0.963833 0.964095 0.964406 0.964765 0.965165 0.965593 0.966014 0.966345 0.966397 0.965742 0.963552 0.958131 0.947842 0.929684 0.912851 0.91202 0.870111 0.963282 0.998273 0.999714 0.999989 0.999999 1 1 1 1 1 1 1 1 1 1 1 1 1 1 1 1 1 1 1 1 1 1 1 1 1 1 1 1 1 1 1 1 1 1 1 1 1 1 1 1 1 1 1 1 1 1 1 0.999999 0.999989 0.999714 0.998273 0.963282 0.870111 0.91202 0.912851 0.929684 0.947842 0.958131 0.963552 0.965742 0.966397 0.966345 0.966014 0.965593 0.965165 0.964765 0.964406 0.964095 0.963833 0.963619 0.963453 0.963335 0.963265 
0.904124 0.904182 0.904357 0.90465 0.905062 0.905594 0.906249 0.907027 0.907926 0.908941 0.910047 0.911184 0.912199 0.912714 0.911855 0.907531 0.896087 0.868656 0.82926 0.747898 0.859007 0.916661 0.980878 0.99912 0.999894 0.999995 1 1 1 1 1 1 1 1 1 1 1 1 1 1 1 1 1 1 1 1 1 1 1 1 1 1 1 1 1 1 1 1 1 1 1 1 1 1 1 1 1 1 1 1 1 1 1 1 1 0.999995 0.999894 0.99912 0.980878 0.916661 0.859007 0.747898 0.82926 0.868656 0.896087 0.907531 0.911855 0.912714 0.912199 0.911184 0.910047 0.908941 0.907926 0.907027 0.906249 0.905594 0.905062 0.90465 0.904357 0.904182 
0.770421 0.77054 0.770895 0.771489 0.772325 0.77341 0.774746 0.776341 0.778196 0.780306 0.782644 0.785126 0.787521 0.789229 0.788674 0.782226 0.760434 0.712155 0.600654 0.540199 0.886236 0.966287 0.99824 0.99972 0.999988 0.999999 1 1 1 1 1 1 1 1 1 1 1 1 1 1 1 1 1 1 1 1 1 1 1 1 1 1 1 1 1 1 1 1 1 1 1 1 1 1 1 1 1 1 1 1 1 1 1 1 1 0.999999 0.999988 0.99972 0.99824 0.966287 0.886236 0.540199 0.600654 0.712155 0.760434 0.782226 0.788674 0.789229 0.787521 0.785126 0.782644 0.780306 0.778196 0.776341 0.774746 0.77341 0.772325 0.771489 0.770895 0.77054 
0.561134 0.561259 0.561635 0.562268 0.563163 0.564333 0.56579 0.567549 0.569625 0.572027 0.574749 0.577724 0.580731 0.583119 0.583087 0.576042 0.551597 0.496176 0.428985 0.5029 0.938525 0.989385 0.999298 0.99993 0.999996 1 1 1 1 1 1 1 1 1 1 1 1 1 1 1 1 1 1 1 1 1 1 1 1 1 1 1 1 1 1 1 1 1 1 1 1 1 1 1 1 1 1 1 1 1 1 1 1 1 1 1 0.999996 0.99993 0.999298 0.989385 0.938525 0.5029 0.428985 0.496176 0.551597 0.576042 0.583087 0.583119 0.580731 0.577724 0.574749 0.572027 0.569625 0.567549 0.56579 0.564333 0.563163 0.562268 0.561635 0.561259 
