0.537178 0.537083 0.536798 0.536321 0.535651 0.534785 0.533723 0.53246 0.530992 0.529309 0.527385 0.525142 0.522356 0.518396 0.511558 0.497541 0.467942 0.416073 0.396356 0.642735 0.938668 0.992232 0.99885 0.999896 0.999988 0.999999 1 1 1 1 1 1 1 1 1 1 1 1 1 1 1 1 1 1 1 1 1 1 1 1 1 1 1 1 1 1 1 1 1 1 1 1 1 1 1 1 1 1 1 1 1 1 1 1 1 0.999999 0.999988 0.999896 0.99885 0.992232 0.938668 0.642735 0.396356 0.416073 0.467942 0.497541 0.511558 0.518396 0.522356 0.525142 0.527385 0.529309 0.530992 0.53246 0.533723 0.534785 0.535651 0.536321 0.536798 0.537083 
0.745056 0.744941 0.744597 0.744019 0.743201 0.742133 0.740803 0.739195 0.737285 0.735038 0.732387 0.729186 0.72509 0.719219 0.709331 0.689948 0.648944 0.569541 0.465452 0.499437 0.912628 0.979228 0.998268 0.999737 0.999982 0.999998 1 1 1 1 1 1 1 1 1 1 1 1 1 1 1 1 1 1 1 1 1 1 1 1 1 1 1 1 1 1 1 1 1 1 1 1 1 1 1 1 1 1 1 1 1 1 1 1 1 0.999998 0.999982 0.999737 0.998268 0.979228 0.912628 0.499437 0.465452 0.569541 0.648944 0.689948 0.709331 0.719219 0.72509 0.729186 0.732387 0.735038 0.737285 0.739195 0.740803 0.742133 0.743201 0.744019 0.744597 0.744941 
0.891288 0.891229 0.89105 0.89075 0.890325 0.889769 0.889074 0.888231 0.887222 0.886022 0.884577 0.882769 0.880313 0.876507 0.869587 0.855408 0.823899 0.761145 0.632641 0.556053 0.851202 0.965568 0.996598 0.999556 0.999961 0.999996 1 1 1 1 1 1 1 1 1 1 1 1 1 1 1 1 1 1 1 1 1 1 1 1 1 1 1 1 1 1 1 1 1 1 1 1 1 1 1 1 1 1 1 1 1 1 1 1 1 0.999996 0.999961 0.999556 0.996598 0.965568 0.851202 0.556053 0.632641 0.761145 0.823899 0.855408 0.869587 0.876507 0.880313 0.882769 0.884577 0.886022 0.887222 0.888231 0.889074 0.889769 0.890325 0.89075 0.89105 0.891229 
0.95802 0.957996 0.957922 0.957799 0.957625 0.957396 0.95711 0.956761 0.956341 0.955835 0.955208 0.954387 0.953191 0.951188 0.947304 0.939198 0.920518 0.885026 0.785208 0.759458 0.78695 0.931847 0.99344 0.998863 0.99991 0.999989 0.999999 1 1 1 1 1 1 1 1 1 1 1 1 1 1 1 1 1 1 1 1 1 1 1 1 1 1 1 1 1 1 1 1 1 1 1 1 1 1 1 1 1 1 1 1 1 1 1 0.999999 0.999989 0.99991 0.998863 0.99344 0.931847 0.78695 0.759458 0.785208 0.885026 0.920518 0.939198 0.947304 0.951188 0.953191 0.954387 0.955208 0.955835 0.956341 0.956761 0.95711 0.957396 0.957625 0.957799 0.957922 0.957996 
0.984317 0.984308 0.98428 0.984233 0.984165 0.984078 0.983967 0.983832 0.983668 0.983466 0.983209 0.982854 0.982302 0.981325 0.979408 0.975407 0.967195 0.950948 0.923132 0.907132 0.779608 0.853735 0.963295 0.996844 0.999564 0.999965 0.999997 1 1 1 1 1 1 1 1 1 1 1 1 1 1 1 1 1 1 1 1 1 1 1 1 1 1 1 1 1 1 1 1 1 1 1 1 1 1 1 1 1 1 1 1 1 1 1 0.999997 0.999965 0.999564 0.996844 0.963295 0.853735 0.779608 0.907132 0.923132 0.950948 0.967195 0.975407 0.979408 0.981325 0.982302 0.982854 0.983209 0.983466 0.983668 0.983832 0.983967 0.984078 0.984165 0.984233 0.98428 0.984308 
0.994219 0.994215 0.994205 0.994187 0.994162 0.994129 0.994088 0.994037 0.993974 0.993895 0.99379 0.993638 0.993388 0.992933 0.992035 0.990242 0.98662 0.98027 0.967676 0.957023 0.852795 0.781954 0.932218 0.993981 0.998917 0.999925 0.99999 0.999999 1 1 1 1 1 1 1 1 1 1 1 1 1 1 1 1 1 1 1 1 1 1 1 1 1 1 1 1 1 1 1 1 1 1 1 1 1 1 1 1 1 1 1 1 1 0.999999 0.99999 0.999925 0.998917 0.993981 0.932218 0.781954 0.852795 0.957023 0.967676 0.98027 0.98662 0.990242 0.992035 0.992933 0.993388 0.993638 0.99379 0.993895 0.993974 0.994037 0.994088 0.994129 0.994162 0.994187 0.994205 0.994215 
0.997878 0.997877 0.997873 0.997866 0.997857 0.997845 0.997829 0.99781 0.997786 0.997755 0.997712 0.997646 0.997535 0.997329 0.996931 0.996161 0.994714 0.992329 0.987874 0.987455 0.93001 0.779625 0.878452 0.965448 0.997723 0.999619 0.999977 0.999997 1 1 1 1 1 1 1 1 1 1 1 1 1 1 1 1 1 1 1 1 1 1 1 1 1 1 1 1 1 1 1 1 1 1 1 1 1 1 1 1 1 1 1 1 1 0.999997 0.999977 0.999619 0.997723 0.965448 0.878452 0.779625 0.93001 0.987455 0.987874 0.992329 0.994714 0.996161 0.996931 0.997329 0.997535 0.997646 0.997712 0.997755 0.997786 0.99781 0.997829 0.997845 0.997857 0.997866 0.997873 0.997877 
0.999223 0.999222 0.999221 0.999218 0.999215 0.99921 0.999205 0.999197 0.999188 0.999176 0.999158 0.99913 0.99908 0.99899 0.998817 0.998497 0.997914 0.996991 0.995164 0.994463 0.960672 0.827878 0.827898 0.960816 0.996204 0.999518 0.999958 0.999996 1 1 1 1 1 1 1 1 1 1 1 1 1 1 1 1 1 1 1 1 1 1 1 1 1 1 1 1 1 1 1 1 1 1 1 1 1 1 1 1 1 1 1 1 1 0.999996 0.999958 0.999518 0.996204 0.960816 0.827898 0.827878 0.960672 0.994463 0.995164 0.996991 0.997914 0.998497 0.998817 0.99899 0.99908 0.99913 0.999158 0.999176 0.999188 0.999197 0.999205 0.99921 0.999215 0.999218 0.999221 0.999222 
0.999715 0.999715 0.999715 0.999714 0.999712 0.999711 0.999709 0.999706 0.999702 0.999697 0.99969 0.999678 0.999656 0.999617 0.999544 0.999411 0.999167 0.998791 0.997729 0.997245 0.965399 0.878443 0.779679 0.930312 0.993323 0.998849 0.99991 0.999989 0.999999 1 1 1 1 1 1 1 1 1 1 1 1 1 1 1 1 1 1 1 1 1 1 1 1 1 1 1 1 1 1 1 1 1 1 1 1 1 1 1 1 1 1 1 0.999999 0.999989 0.99991 0.998849 0.993323 0.930312 0.779679 0.878443 0.965399 0.997245 0.997729 0.998791 0.999167 0.999411 0.999544 0.999617 0.999656 0.999678 0.99969 0.999697 0.999702 0.999706 0.999709 0.999711 0.999712 0.999714 0.999715 0.999715 
0.999896 0.999896 0.999896 0.999895 0.999895 0.999894 0.999893 0.999892 0.999891 0.999889 0.999886 0.99988 0.999871 0.999855 0.999824 0.99977 0.999679 0.999526 0.999295 0.998783 0.993966 0.932209 0.781892 0.853462 0.963264 0.996841 0.999563 0.999965 0.999997 1 1 1 1 1 1 1 1 1 1 1 1 1 1 1 1 1 1 1 1 1 1 1 1 1 1 1 1 1 1 1 1 1 1 1 1 1 1 1 1 1 1 1 0.999997 0.999965 0.999563 0.996841 0.963264 0.853462 0.781892 0.932209 0.993966 0.998783 0.999295 0.999526 0.999679 0.99977 0.999824 0.999855 0.999871 0.99988 0.999886 0.999889 0.999891 0.999892 0.999893 0.999894 0.999895 0.999895 0.999896 0.999896 
0.999962 0.999962 0.999962 0.999962 0.999961 0.999961 0.999961 0.999961 0.99996 0.999959 0.999958 0.999956 0.999952 0.999945 0.999932 0.999911 0.999876 0.999823 0.999723 0.999519 0.996836 0.963263 0.853462 0.781892 0.932211 0.99398 0.998917 0.999925 0.99999 0.999999 1 1 1 1 1 1 1 1 1 1 1 1 1 1 1 1 1 1 1 1 1 1 1 1 1 1 1 1 1 1 1 1 1 1 1 1 1 1 1 1 1 0.999999 0.99999 0.999925 0.998917 0.99398 0.932211 0.781892 0.853462 0.963263 0.996836 0.999519 0.999723 0.999823 0.999876 0.999911 0.999932 0.999945 0.999952 0.999956 0.999958 0.999959 0.99996 0.999961 0.999961 0.999961 0.999961 0.999962 0.999962 0.999962 
0.999986 0.999986 0.999986 0.999986 0.999986 0.999986 0.999986 0.999986 0.999985 0.999985 0.999984 0.999983 0.999982 0.999979 0.999974 0.999966 0.999953 0.999935 0.999903 0.99986 0.998847 0.993323 0.930312 0.779679 0.878449 0.965447 0.997723 0.999619 0.999977 0.999997 1 1 1 1 1 1 1 1 1 1 1 1 1 1 1 1 1 1 1 1 1 1 1 1 1 1 1 1 1 1 1 1 1 1 1 1 1 1 1 1 1 0.999997 0.999977 0.999619 0.997723 0.965447 0.878449 0.779679 0.930312 0.993323 0.998847 0.99986 0.999903 0.999935 0.999953 0.999966 0.999974 0.999979 0.999982 0.999983 0.999984 0.999985 0.999985 0.999986 0.999986 0.999986 0.999986 0.999986 0.999986 0.999986 
0.999995 0.999995 0.999995 0.999995 0.999995 0.999995 0.999995 0.999995 0.999995 0.999994 0.999994 0.999994 0.999993 0.999992 0.99999 0.999987 0.999982 0.999976 0.999964 0.999937 0.999516 0.996204 0.960816 0.827897 0.827897 0.960816 0.996204 0.999518 0.999958 0.999996 1 1 1 1 1 1 1 1 1 1 1 1 1 1 1 1 1 1 1 1 1 1 1 1 1 1 1 1 1 1 1 1 1 1 1 1 1 1 1 1 1 0.999996 0.999958 0.999518 0.996204 0.960816 0.827897 0.827897 0.960816 0.996204 0.999516 0.999937 0.999964 0.999976 0.999982 0.999987 0.99999 0.999992 0.999993 0.999994 0.999994 0.999994 0.999995 0.999995 0.999995 0.999995 0.999995 0.999995 0.999995 0.999995 
0.999998 0.999998 0.999998 0.999998 0.999998 0.999998 0.999998 0.999998 0.999998 0.999998 0.999998 0.999998 0.999997 0.999997 0.999996 0.999995 0.999993 0.999991 0.999984 0.999968 0.999618 0.997723 0.965447 0.878449 0.779679 0.930312 0.993323 0.998849 0.99991 0.999989 0.999999 1 1 1 1 1 1 1 1 1 1 1 1 1 1 1 1 1 1 1 1 1 1 1 1 1 1 1 1 1 1 1 1 1 1 1 1 1 1 1 0.999999 0.999989 0.99991 0.998849 0.993323 0.930312 0.779679 0.878449 0.965447 0.997723 0.999618 0.999968 0.999984 0.999991 0.999993 0.999995 0.999996 0.999997 0.999997 0.999998 0.999998 0.999998 0.999998 0.999998 0.999998 0.999998 0.999998 0.999998 0.999998 0.999998 
0.999999 0.999999 0.999999 0.999999 0.999999 0.999999 0.999999 0.999999 0.999999 0.999999 0.999999 0.999999 0.999999 0.999999 0.999999 0.999998 0.999997 0.999996 0.999995 0.999986 0.999924 0.998917 0.99398 0.932211 0.781892 0.853462 0.963264 0.996841 0.999563 0.999965 0.999997 1 1 1 1 1 1 1 1 1 1 1 1 1 1 1 1 1 1 1 1 1 1 1 1 1 1 1 1 1 1 1 1 1 1 1 1 1 1 1 0.999997 0.999965 0.999563 0.996841 0.963264 0.853462 0.781892 0.932211 0.99398 0.998917 0.999924 0.999986 0.999995 0.999996 0.999997 0.999998 0.999999 0.999999 0.999999 0.999999 0.999999 0.999999 0.999999 0.999999 0.999999 0.999999 0.999999 0.999999 0.999999 0.999999 
1 1 1 1 1 1 1 1 1 1 1 1 1 1 0.999999 0.999999 0.999999 0.999999 0.999998 0.999995 0.999965 0.999563 0.996841 0.963264 0.853462 0.781892 0.932211 0.99398 0.998917 0.999925 0.99999 0.999999 1 1 1 1 1 1 1 1 1 1 1 1 1 1 1 1 1 1 1 1 1 1 1 1 1 1 1 1 1 1 1 1 1 1 1 1 1 0.999999 0.99999 0.999925 0.998917 0.99398 0.932211 0.781892 0.853462 0.963264 0.996841 0.999563 0.999965 0.999995 0.999998 0.999999 0.999999 0.999999 0.999999 1 1 1 1 1 1 1 1 1 1 1 1 1 
1 1 1 1 1 1 1 1 1 1 1 1 1 1 1 1 1 1 0.999999 0.999999 0.999989 0.99991 0.998849 0.993323 0.930312 0.779679 0.878449 0.965447 0.997723 0.999619 0.999977 0.999997 1 1 1 1 1 1 1 1 1 1 1 1 1 1 1 1 1 1 1 1 1 1 1 1 1 1 1 1 1 1 1 1 1 1 1 1 1 0.999997 0.999977 0.999619 0.997723 0.965447 0.878449 0.779679 0.930312 0.993323 0.998849 0.99991 0.999989 0.999999 0.999999 1 1 1 1 1 1 1 1 1 1 1 1 1 1 1 1 1 
1 1 1 1 1 1 1 1 1 1 1 1 1 1 1 1 1 1 1 0.999999 0.999996 0.999958 0.999518 0.996204 0.960816 0.827897 0.827897 0.960816 0.996204 0.999518 0.999958 0.999996 1 1 1 1 1 1 1 1 1 1 1 1 1 1 1 1 1 1 1 1 1 1 1 1 1 1 1 1 1 1 1 1 1 1 1 1 1 0.999996 0.999958 0.999518 0.996204 0.960816 0.827897 0.827897 0.960816 0.996204 0.999518 0.999958 0.999996 0.999999 1 1 1 1 1 1 1 1 1 1 1 1 1 1 1 1 1 1 
1 1 1 1 1 1 1 1 1 1 1 1 1 1 1 1 1 1 1 1 0.999997 0.999977 0.999619 0.997723 0.965447 0.878449 0.779679 0.930312 0.993323 0.998849 0.99991 0.999989 0.999999 1 1 1 1 1 1 1 1 1 1 1 1 1 1 1 1 1 1 1 1 1 1 1 1 1 1 1 1 1 1 1 1 1 1 1 0.999999 0.999989 0.99991 0.998849 0.993323 0.930312 0.779679 0.878449 0.965447 0.997723 0.999619 0.999977 0.999997 1 1 1 1 1 1 1 1 1 1 1 1 1 1 1 1 1 1 1 
1 1 1 1 1 1 1 1 1 1 1 1 1 1 1 1 1 1 1 1 0.999999 0.99999 0.999925 0.998917 0.99398 0.932211 0.781892 0.853462 0.963264 0.996841 0.999563 0.999965 0.999997 1 1 1 1 1 1 1 1 1 1 1 1 1 1 1 1 1 1 1 1 1 1 1 1 1 1 1 1 1 1 1 1 1 1 1 0.999997 0.999965 0.999563 0.996841 0.963264 0.853462 0.781892 0.932211 0.99398 0.998917 0.999925 0.99999 0.999999 1 1 1 1 1 1 1 1 1 1 1 1 1 1 1 1 1 1 1 
1 1 1 1 1 1 1 1 1 1 1 1 1 1 1 1 1 1 1 1 1 0.999997 0.999965 0.999563 0.996841 0.963264 0.853462 0.781892 0.932211 0.99398 0.998917 0.999925 0.99999 0.999999 1 1 1 1 1 1 1 1 1 1 1 1 1 1 1 1 1 1 1 1 1 1 1 1 1 1 1 1 1 1 1 1 1 0.999999 0.99999 0.999925 0.998917 0.99398 0.932211 0.781892 0.853462 0.963264 0.996841 0.999563 0.999965 0.999997 1 1 1 1 1 1 1 1 1 1 1 1 1 1 1 1 1 1 1 1 
1 1 1 1 1 1 1 1 1 1 1 1 1 1 1 1 1 1 1 1 1 0.999999 0.999989 0.99991 0.998849 0.993323 0.930312 0.779679 0.878449 0.965447 0.997723 0.999619 0.999977 0.999997 1 1 1 1 1 1 1 1 1 1 1 1 1 1 1 1 1 1 1 1 1 1 1 1 1 1 1 1 1 1 1 1 1 0.999997 0.999977 0.999619 0.997723 0.965447 0.878449 0.779679 0.930312 0.993323 0.998849 0.99991 0.999989 0.999999 1 1 1 1 1 1 1 1 1 1 1 1 1 1 1 1 1 1 1 1 
1 1 1 1 1 1 1 1 1 1 1 1 1 1 1 1 1 1 1 1 1 1 0.999996 0.999958 0.999518 0.996204 0.960816 0.827897 0.827897 0.960816 0.996204 0.999518 0.999958 0.999996 1 1 1 1 1 1 1 1 1 1 1 1 1 1 1 1 1 1 1 1 1 1 1 1 1 1 1 1 1 1 1 1 1 0.999996 0.999958 0.999518 0.996204 0.960816 0.827897 0.827897 0.960816 0.996204 0.999518 0.999958 0.999996 1 1 1 1 1 1 1 1 1 1 1 1 1 1 1 1 1 1 1 1 1 
1 1 1 1 1 1 1 1 1 1 1 1 1 1 1 1 1 1 1 1 1 1 0.999997 0.999977 0.999619 0.997723 0.965447 0.878449 0.779679 0.930312 0.993323 0.998849 0.99991 0.999989 0.999999 1 1 1 1 1 1 1 1 1 1 1 1 1 1 1 1 1 1 1 1 1 1 1 1 1 1 1 1 1 1 1 0.999999 0.999989 0.99991 0.998849 0.993323 0.930312 0.779679 0.878449 0.965447 0.997723 0.999619 0.999977 0.999997 1 1 1 1 1 1 1 1 1 1 1 1 1 1 1 1 1 1 1 1 1 
1 1 1 1 1 1 1 1 1 1 1 1 1 1 1 1 1 1 1 1 1 1 0.999999 0.99999 0.999925 0.998917 0.99398 0.932211 0.781892 0.853462 0.963264 0.996841 0.999563 0.999965 0.999997 1 1 1 1 1 1 1 1 1 1 1 1 1 1 1 1 1 1 1 1 1 1 1 1 1 1 1 1 1 1 1 0.999997 0.999965 0.999563 0.996841 0.963264 0.853462 0.781892 0.932211 0.99398 0.998917 0.999925 0.99999 0.999999 1 1 1 1 1 1 1 1 1 1 1 1 1 1 1 1 1 1 1 1 1 
1 1 1 1 1 1 1 1 1 1 1 1 1 1 1 1 1 1 1 1 1 1 1 0.999997 0.999965 0.999563 0.996841 0.963264 0.853462 0.781893 0.932211 0.993982 0.998917 0.999925 0.99999 0.999999 1 1 1 1 1 1 1 1 1 1 1 1 1 1 1 1 1 1 1 1 1 1 1 1 1 1 1 1 1 0.999999 0.99999 0.999925 0.998917 0.993982 0.932211 0.781893 0.853462 0.963264 0.996841 0.999563 0.999965 0.999997 1 1 1 1 1 1 1 1 1 1 1 1 1 1 1 1 1 1 1 1 1 1 
1 1 1 1 1 1 1 1 1 1 1 1 1 1 1 1 1 1 1 1 1 1 1 0.999999 0.999989 0.99991 0.998849 0.993323 0.930312 0.779678 0.878454 0.965458 0.997729 0.999619 0.999977 0.999997 1 1 1 1 1 1 1 1 1 1 1 1 1 1 1 1 1 1 1 1 1 1 1 1 1 1 1 1 1 0.999997 0.999977 0.999619 0.997729 0.965458 0.878454 0.779678 0.930312 0.993323 0.998849 0.99991 0.999989 0.999999 1 1 1 1 1 1 1 1 1 1 1 1 1 1 1 1 1 1 1 1 1 1 
1 1 1 1 1 1 1 1 1 1 1 1 1 1 1 1 1 1 1 1 1 1 1 1 0.999996 0.999958 0.999518 0.996204 0.960815 0.827887 0.827925 0.9611 0.996238 0.99953 0.999959 0.999996 1 1 1 1 1 1 1 1 1 1 1 1 1 1 1 1 1 1 1 1 1 1 1 1 1 1 1 1 1 0.999996 0.999959 0.99953 0.996238 0.9611 0.827925 0.827887 0.960815 0.996204 0.999518 0.999958 0.999996 0.999999 1 1 1 1 1 1 1 1 1 1 1 1 1 1 1 1 1 1 1 1 1 1 
1 1 1 1 1 1 1 1 1 1 1 1 1 1 1 1 1 1 1 1 1 1 1 1 0.999997 0.999977 0.999619 0.997722 0.965433 0.878399 0.78015 0.931378 0.993925 0.998904 0.999924 0.99999 0.999999 1 1 1 1 1 1 1 1 1 1 1 1 1 1 1 1 1 1 1 1 1 1 1 1 1 1 1 0.999999 0.99999 0.999924 0.998904 0.993925 0.931378 0.78015 0.878399 0.965433 0.997722 0.999618 0.999977 0.999996 0.999999 1 1 1 1 1 1 1 1 1 1 1 1 1 1 1 1 1 1 1 1 1 1 
1 1 1 1 1 1 1 1 1 1 1 1 1 1 1 1 1 1 1 1 1 1 1 0.999999 0.999998 0.999988 0.999923 0.998904 0.993925 0.931378 0.78015 0.878399 0.965433 0.997722 0.999619 0.999977 0.999997 1 1 1 1 1 1 1 1 1 1 1 1 1 1 1 1 1 1 1 1 1 1 1 1 1 1 1 0.999997 0.999977 0.999619 0.997722 0.965433 0.878399 0.78015 0.931378 0.993925 0.998904 0.999923 0.999987 0.999998 0.999999 1 1 1 1 1 1 1 1 1 1 1 1 1 1 1 1 1 1 1 1 1 1 
1 1 1 1 1 1 1 1 1 1 1 1 1 1 1 1 1 1 1 1 1 1 1 0.999999 0.999997 0.99999 0.999954 0.999529 0.996238 0.9611 0.827925 0.827887 0.960814 0.996202 0.999518 0.999958 0.999996 1 1 1 1 1 1 1 1 1 1 1 1 1 1 1 1 1 1 1 1 1 1 1 1 1 1 1 0.999996 0.999958 0.999518 0.996202 0.960814 0.827887 0.827925 0.961099 0.996237 0.999528 0.999949 0.999988 0.999996 0.999999 0.999999 1 1 1 1 1 1 1 1 1 1 1 1 1 1 1 1 1 1 1 1 1 
1 1 1 1 1 1 1 1 1 1 1 1 1 1 1 1 1 1 1 1 1 1 0.999999 0.999998 0.999995 0.999985 0.999953 0.999614 0.997725 0.965457 0.878454 0.779678 0.930306 0.993312 0.998843 0.999909 0.999989 0.999999 1 1 1 1 1 1 1 1 1 1 1 1 1 1 1 1 1 1 1 1 1 1 1 1 1 0.999999 0.999989 0.999909 0.998843 0.993312 0.930306 0.779678 0.878453 0.965456 0.997722 0.999612 0.999946 0.999982 0.999994 0.999998 0.999999 1 1 1 1 1 1 1 1 1 1 1 1 1 1 1 1 1 1 1 1 1 
1 1 1 1 1 1 1 1 1 1 1 1 1 1 1 1 1 1 1 1 1 0.999999 0.999999 0.999997 0.999992 0.99998 0.99994 0.999835 0.998898 0.993965 0.932206 0.7819 0.853433 0.96298 0.996807 0.999551 0.999964 0.999996 1 1 1 1 1 1 1 1 1 1 1 1 1 1 1 1 1 1 1 1 1 1 1 1 1 0.999996 0.999964 0.999551 0.996807 0.96298 0.853434 0.781899 0.932202 0.993954 0.998885 0.999803 0.99993 0.999975 0.99999 0.999996 0.999998 0.999999 1 1 1 1 1 1 1 1 1 1 1 1 1 1 1 1 1 1 1 1 
1 1 1 1 1 1 1 1 1 1 1 1 1 1 1 1 1 1 1 1 1 0.999999 0.999998 0.999995 0.999987 0.999967 0.999918 0.999773 0.999309 0.996751 0.9632 0.853494 0.781426 0.931146 0.99338 0.998862 0.99991 0.999989 0.999999 1 1 1 1 1 1 1 1 1 1 1 1 1 1 1 1 1 1 1 1 1 1 1 0.999999 0.999989 0.99991 0.998862 0.99338 0.931147 0.781428 0.853487 0.963164 0.996692 0.999121 0.999732 0.999899 0.999961 0.999984 0.999994 0.999997 0.999999 1 1 1 1 1 1 1 1 1 1 1 1 1 1 1 1 1 1 1 1 
1 1 1 1 1 1 1 1 1 1 1 1 1 1 1 1 1 1 1 1 0.999999 0.999998 0.999996 0.999991 0.999978 0.999947 0.999871 0.999676 0.999184 0.997548 0.992888 0.930853 0.781371 0.853539 0.963285 0.996843 0.999564 0.999965 0.999996 1 1 1 1 1 1 1 1 1 1 1 1 1 1 1 1 1 1 1 1 1 1 1 0.999996 0.999965 0.999564 0.996844 0.963288 0.853552 0.781346 0.930765 0.992546 0.996932 0.999039 0.999607 0.999847 0.999938 0.999974 0.999989 0.999995 0.999998 0.999999 1 1 1 1 1 1 1 1 1 1 1 1 1 1 1 1 1 1 1 
1 1 1 1 1 1 1 1 1 1 1 1 1 1 1 1 1 1 1 0.999999 0.999999 0.999997 0.999993 0.999984 0.999963 0.999913 0.999789 0.99948 0.998706 0.996515 0.990919 0.961655 0.852616 0.782128 0.932352 0.993992 0.998916 0.999922 0.999987 0.999996 0.999997 0.999997 0.999997 0.999997 0.999997 0.999997 0.999997 0.999997 0.999997 0.999997 0.999997 0.999997 0.999997 0.999997 0.999997 0.999997 0.999997 0.999997 0.999997 0.999997 0.999997 0.999996 0.999987 0.999922 0.998917 0.993997 0.93239 0.782237 0.852272 0.961195 0.989194 0.996044 0.998477 0.999396 0.999754 0.999899 0.999957 0.999982 0.999992 0.999996 0.999998 0.999999 1 1 1 1 1 1 1 1 1 1 1 1 1 1 1 1 1 1 
0.999999 0.999999 0.999999 0.999999 0.999999 0.999999 0.999999 1 1 1 1 1 1 1 1 1 1 0.999999 0.999999 0.999999 0.999997 0.999994 0.999988 0.999973 0.999937 0.999854 0.999654 0.999172 0.997988 0.995109 0.987876 0.970648 0.92456 0.775935 0.879209 0.965596 0.997717 0.999596 0.999951 0.999969 0.999972 0.999972 0.999972 0.999972 0.999972 0.999972 0.999972 0.999972 0.999972 0.999972 0.999972 0.999972 0.999972 0.999972 0.999972 0.999972 0.999972 0.999972 0.999972 0.999972 0.999972 0.999969 0.999951 0.999596 0.997723 0.965658 0.879416 0.7746 0.921985 0.966312 0.986403 0.994369 0.997701 0.999047 0.999602 0.999831 0.999927 0.999968 0.999986 0.999993 0.999997 0.999998 0.999999 0.999999 1 1 1 1 1 1 1 1 1 0.999999 0.999999 0.999999 0.999999 0.999999 0.999999 0.999999 
0.999999 0.999999 0.999999 0.999999 0.999999 0.999999 0.999999 0.999999 0.999999 0.999999 0.999999 0.999999 0.999999 0.999999 0.999999 0.999999 0.999999 0.999999 0.999998 0.999997 0.999995 0.999989 0.999977 0.99995 0.999889 0.999747 0.999414 0.998621 0.996703 0.992037 0.980494 0.953986 0.88439 0.798339 0.842079 0.9617 0.996074 0.999206 0.999569 0.999589 0.999588 0.999588 0.999588 0.999588 0.999588 0.999588 0.999588 0.999588 0.999588 0.999588 0.999588 0.999588 0.999588 0.999588 0.999588 0.999588 0.999588 0.999588 0.999588 0.999588 0.999588 0.999588 0.999565 0.999201 0.996139 0.961973 0.844323 0.785972 0.862494 0.948162 0.977551 0.990963 0.996233 0.998423 0.999325 0.999707 0.99987 0.999942 0.999973 0.999987 0.999994 0.999997 0.999998 0.999999 0.999999 0.999999 0.999999 0.999999 0.999999 0.999999 0.999999 0.999999 0.999999 0.999999 0.999999 0.999999 0.999999 0.999999 0.999999 0.999999 
0.999996 0.999996 0.999996 0.999996 0.999996 0.999996 0.999996 0.999996 0.999996 0.999996 0.999997 0.999997 0.999997 0.999997 0.999997 0.999997 0.999997 0.999997 0.999996 0.999994 0.999989 0.999979 0.999957 0.999907 0.999796 0.999547 0.998978 0.997654 0.994487 0.986801 0.967243 0.919886 0.794451 0.599372 0.818862 0.937128 0.992153 0.996496 0.997271 0.997156 0.997129 0.997124 0.997123 0.997123 0.997123 0.997123 0.997123 0.997123 0.997123 0.997123 0.997123 0.997123 0.997123 0.997123 0.997123 0.997123 0.997123 0.997123 0.997123 0.997124 0.997127 0.997145 0.997237 0.996495 0.992326 0.939484 0.823148 0.569831 0.778465 0.910557 0.963499 0.985108 0.993748 0.997314 0.99882 0.999473 0.999761 0.99989 0.999948 0.999975 0.999987 0.999993 0.999995 0.999997 0.999997 0.999997 0.999997 0.999997 0.999997 0.999997 0.999997 0.999996 0.999996 0.999996 0.999996 0.999996 0.999996 0.999996 0.999996 0.999996 
0.999989 0.999989 0.999989 0.999989 0.999989 0.999989 0.99999 0.99999 0.99999 0.99999 0.999991 0.999991 0.999991 0.999992 0.999992 0.999992 0.999992 0.999992 0.99999 0.999986 0.999978 0.999958 0.999915 0.99982 0.999614 0.999162 0.998163 0.995926 0.990842 0.979041 0.951429 0.886304 0.747304 0.52335 0.524305 0.871506 0.944749 0.969557 0.964887 0.963352 0.963034 0.962985 0.962979 0.962979 0.962978 0.962978 0.962978 0.962978 0.962978 0.962978 0.962978 0.962978 0.962978 0.962978 0.962978 0.962978 0.962978 0.962979 0.962979 0.962984 0.963019 0.96327 0.964386 0.968686 0.945876 0.873938 0.53556 0.506645 0.727787 0.875313 0.945825 0.976355 0.989544 0.995299 0.997859 0.999014 0.999542 0.999785 0.999898 0.99995 0.999974 0.999984 0.999989 0.999991 0.999992 0.999992 0.999992 0.999992 0.999991 0.999991 0.999991 0.99999 0.99999 0.99999 0.999989 0.999989 0.999989 0.999989 0.999989 0.999989 
0.99997 0.99997 0.99997 0.99997 0.999971 0.999971 0.999972 0.999972 0.999973 0.999974 0.999975 0.999976 0.999977 0.999978 0.999979 0.999979 0.99998 0.999979 0.999976 0.999969 0.999952 0.999913 0.999828 0.999644 0.999245 0.998387 0.996538 0.992548 0.983906 0.965187 0.924839 0.841206 0.684135 0.478095 0.42713 0.563025 0.837653 0.868565 0.862582 0.853235 0.851169 0.850889 0.850852 0.850847 0.850847 0.850846 0.850846 0.850846 0.850846 0.850846 0.850846 0.850846 0.850846 0.850846 0.850846 0.850846 0.850847 0.850847 0.85085 0.850876 0.851089 0.852596 0.860641 0.866484 0.8401 0.564383 0.428985 0.459624 0.660756 0.824709 0.915486 0.960258 0.981399 0.991293 0.995916 0.998081 0.999095 0.999571 0.999793 0.999896 0.999943 0.999965 0.999974 0.999978 0.999979 0.999978 0.999978 0.999977 0.999976 0.999975 0.999974 0.999973 0.999972 0.999972 0.999971 0.999971 0.99997 0.99997 0.99997 0.99997 
0.999917 0.999917 0.999918 0.999918 0.999919 0.999921 0.999922 0.999924 0.999926 0.999929 0.999931 0.999934 0.999936 0.999939 0.999942 0.999944 0.999945 0.999945 0.99994 0.999927 0.999894 0.999817 0.999648 0.999281 0.99849 0.996798 0.993204 0.985613 0.969747 0.937167 0.873 0.757009 0.586883 0.433392 0.408485 0.448157 0.482068 0.527615 0.726429 0.833696 0.848479 0.850576 0.850806 0.850842 0.850846 0.850846 0.850846 0.850846 0.850846 0.850846 0.850846 0.850846 0.850846 0.850846 0.850846 0.850846 0.850846 0.850843 0.850821 0.850649 0.849152 0.837813 0.75442 0.544869 0.488541 0.4566 0.417585 0.425415 0.560232 0.731523 0.85608 0.927518 0.964633 0.982999 0.991896 0.996152 0.998174 0.999128 0.999575 0.999782 0.999876 0.999918 0.999936 0.999942 0.999943 0.999942 0.99994 0.999937 0.999934 0.999932 0.999929 0.999927 0.999925 0.999923 0.999921 0.99992 0.999919 0.999918 0.999917 0.999917 
0.999773 0.999773 0.999775 0.999777 0.99978 0.999783 0.999788 0.999793 0.999798 0.999805 0.999811 0.999819 0.999826 0.999834 0.999841 0.999848 0.999853 0.999855 0.999848 0.999824 0.99976 0.99961 0.999274 0.998537 0.996944 0.993544 0.986362 0.971409 0.940983 0.881868 0.776906 0.625237 0.490602 0.490998 0.575917 0.641641 0.681893 0.745353 0.830555 0.924636 0.957941 0.962165 0.96282 0.962946 0.962974 0.962978 0.962978 0.962978 0.962978 0.962978 0.962978 0.962978 0.962978 0.962978 0.962978 0.962978 0.962976 0.96296 0.962871 0.962423 0.959534 0.936986 0.84742 0.760383 0.69596 0.658322 0.597666 0.509638 0.480903 0.594549 0.748586 0.863411 0.930566 0.965948 0.983601 0.992181 0.996281 0.998217 0.999121 0.999536 0.999724 0.999805 0.999837 0.999847 0.999847 0.999843 0.999836 0.999829 0.999821 0.999814 0.999807 0.9998 0.999794 0.999789 0.999784 0.99978 0.999777 0.999775 0.999773 0.999773 
0.999378 0.99938 0.999384 0.99939 0.999398 0.999408 0.999419 0.999433 0.999449 0.999466 0.999484 0.999504 0.999525 0.999546 0.999567 0.999587 0.999603 0.999613 0.999606 0.999565 0.999445 0.999154 0.998488 0.997011 0.993804 0.986945 0.972541 0.943053 0.885518 0.783147 0.635394 0.507477 0.526991 0.653829 0.763127 0.823872 0.859694 0.895314 0.939849 0.969755 0.985305 0.991938 0.995647 0.996948 0.997093 0.997119 0.997122 0.997123 0.997123 0.997123 0.997123 0.997123 0.997123 0.997123 0.997123 0.997121 0.997107 0.99702 0.996349 0.992975 0.987209 0.973638 0.946588 0.903614 0.868475 0.835866 0.782136 0.681592 0.550834 0.497083 0.601171 0.751972 0.865508 0.93193 0.966802 0.984092 0.992418 0.996348 0.998172 0.999002 0.99937 0.999524 0.999582 0.999595 0.999588 0.999572 0.999553 0.999532 0.999511 0.999491 0.999471 0.999453 0.999437 0.999423 0.99941 0.9994 0.999391 0.999385 0.999381 0.999378 
0.998301 0.998306 0.998316 0.998332 0.998354 0.998381 0.998414 0.998451 0.998494 0.998541 0.998592 0.998646 0.998703 0.998761 0.99882 0.998876 0.998926 0.998962 0.998967 0.998904 0.998687 0.998131 0.996826 0.993893 0.987475 0.973762 0.94531 0.889139 0.788117 0.640694 0.512141 0.535337 0.675012 0.803647 0.881664 0.921345 0.942464 0.959188 0.974698 0.987301 0.993799 0.996787 0.998268 0.999053 0.999495 0.999575 0.999586 0.999588 0.999588 0.999588 0.999588 0.999588 0.999588 0.999588 0.999587 0.999581 0.999543 0.999231 0.998522 0.99722 0.994603 0.989044 0.97741 0.96256 0.946805 0.928029 0.893603 0.825098 0.706909 0.562599 0.500666 0.603092 0.754449 0.867934 0.933742 0.967907 0.984619 0.99253 0.996179 0.99782 0.998531 0.998817 0.99891 0.998917 0.998886 0.998837 0.998781 0.998723 0.998665 0.998609 0.998556 0.998507 0.998462 0.998423 0.998388 0.99836 0.998337 0.998319 0.998307 0.998301 
0.995363 0.995376 0.995405 0.995449 0.995509 0.995582 0.995671 0.995774 0.99589 0.996018 0.996158 0.996306 0.996462 0.996622 0.996783 0.996941 0.997086 0.997205 0.997264 0.997191 0.996821 0.995786 0.993273 0.987526 0.974872 0.948014 0.893979 0.795082 0.64771 0.515192 0.535038 0.678005 0.813098 0.898353 0.943415 0.965389 0.976683 0.984131 0.990325 0.994738 0.99737 0.998704 0.999386 0.999711 0.999859 0.999927 0.999954 0.999966 0.999971 0.999972 0.999972 0.999972 0.999971 0.999969 0.999959 0.999938 0.999885 0.999762 0.999495 0.998897 0.997729 0.995389 0.991351 0.985552 0.978705 0.968825 0.950016 0.911348 0.836983 0.71343 0.564796 0.501749 0.606847 0.759531 0.872145 0.936376 0.96911 0.984768 0.991967 0.995156 0.996496 0.997 0.99713 0.997093 0.996982 0.996838 0.99668 0.996518 0.996359 0.996205 0.99606 0.995925 0.995804 0.995696 0.995602 0.995524 0.995461 0.995413 0.995381 0.995364 
0.987391 0.987429 0.987507 0.987626 0.987786 0.987986 0.988226 0.988505 0.98882 0.989169 0.989549 0.989954 0.990378 0.990815 0.991257 0.991692 0.992104 0.992464 0.99271 0.992705 0.992136 0.990288 0.985571 0.974553 0.950219 0.899685 0.804624 0.658327 0.519686 0.530933 0.674203 0.812941 0.901643 0.949502 0.973278 0.984677 0.990357 0.993734 0.996133 0.997849 0.99888 0.99944 0.999728 0.999873 0.999944 0.999973 0.999986 0.999992 0.999995 0.999996 0.999997 0.999997 0.999996 0.999993 0.999988 0.999978 0.999955 0.999897 0.999773 0.999521 0.999027 0.99811 0.996539 0.99433 0.9913 0.986397 0.976733 0.956645 0.915977 0.839307 0.712954 0.562219 0.502974 0.614451 0.768083 0.877977 0.938973 0.969105 0.982975 0.989018 0.991458 0.992281 0.992388 0.992179 0.991829 0.991415 0.990977 0.990533 0.990097 0.989677 0.989282 0.988917 0.988586 0.988293 0.988039 0.987827 0.987656 0.987528 0.987441 0.987395 
0.966072 0.966171 0.966378 0.966693 0.967117 0.967647 0.968284 0.969024 0.969862 0.970792 0.971805 0.972888 0.974025 0.9752 0.976389 0.977569 0.978705 0.97974 0.980561 0.980917 0.980223 0.977136 0.968634 0.948259 0.903512 0.815283 0.672652 0.526904 0.523983 0.665588 0.808307 0.900402 0.950298 0.975315 0.987377 0.993107 0.995916 0.997461 0.998458 0.999119 0.999528 0.999759 0.999882 0.999945 0.999975 0.999989 0.999995 0.999998 0.999999 0.999999 1 0.999999 0.999999 0.999998 0.999996 0.999991 0.99998 0.999955 0.999901 0.999793 0.999589 0.999222 0.998622 0.997721 0.996361 0.993964 0.989148 0.979064 0.958173 0.91624 0.837337 0.707539 0.555412 0.505391 0.62641 0.77906 0.882892 0.937874 0.963604 0.97461 0.9788 0.979954 0.979776 0.97901 0.97798 0.976833 0.975641 0.974444 0.973273 0.97215 0.971094 0.97012 0.96924 0.968461 0.967788 0.967225 0.966773 0.966432 0.966203 0.966083 
0.911169 0.911416 0.911936 0.912728 0.913794 0.915132 0.91674 0.918613 0.920741 0.923109 0.925694 0.928466 0.931388 0.934414 0.937492 0.940563 0.943555 0.946358 0.948771 0.950351 0.950065 0.945497 0.9312 0.895854 0.820185 0.6875 0.5369 0.514272 0.651593 0.799567 0.896476 0.948983 0.975276 0.987974 0.994 0.996847 0.998223 0.998944 0.99937 0.999638 0.999802 0.999896 0.999948 0.999975 0.999989 0.999995 0.999998 0.999999 1 1 1 1 1 0.999999 0.999998 0.999996 0.999991 0.999979 0.999956 0.999911 0.999827 0.99968 0.999439 0.999061 0.998437 0.997274 0.994899 0.989907 0.979423 0.957726 0.914051 0.83156 0.696532 0.543788 0.509352 0.640499 0.786259 0.877365 0.921854 0.940591 0.947098 0.948169 0.946869 0.944523 0.941704 0.938672 0.935565 0.932471 0.929457 0.926577 0.923879 0.921398 0.919161 0.917187 0.915487 0.914067 0.912929 0.912073 0.911495 0.911195 
0.784859 0.785375 0.786461 0.788122 0.790362 0.793188 0.796605 0.800613 0.805202 0.810353 0.816033 0.822186 0.828742 0.835607 0.842674 0.849814 0.856881 0.863673 0.86985 0.874691 0.876518 0.871365 0.850359 0.796384 0.688269 0.544559 0.500289 0.629813 0.785078 0.889383 0.945975 0.974175 0.987711 0.994112 0.997118 0.998531 0.999207 0.999548 0.999737 0.99985 0.999917 0.999956 0.999977 0.999989 0.999995 0.999998 0.999999 1 1 1 1 1 1 1 0.999999 0.999998 0.999996 0.999991 0.999981 0.999962 0.999927 0.999867 0.999768 0.999602 0.999311 0.998745 0.997575 0.995103 0.989866 0.978818 0.955787 0.909068 0.820474 0.677316 0.525043 0.511506 0.644333 0.767407 0.834489 0.862396 0.870607 0.869984 0.86554 0.85943 0.852586 0.845446 0.83826 0.831201 0.824407 0.817991 0.812043 0.806628 0.801791 0.797558 0.79394 0.790937 0.788543 0.786748 0.785541 0.784914 
0.577246 0.577857 0.579151 0.581148 0.583878 0.587383 0.591708 0.596902 0.603008 0.610062 0.618076 0.627036 0.636888 0.647539 0.658848 0.670636 0.682676 0.694665 0.70612 0.716064 0.722222 0.719233 0.69547 0.632097 0.526425 0.473454 0.592066 0.759314 0.876338 0.940187 0.971781 0.986783 0.993802 0.99707 0.99859 0.999299 0.999635 0.999801 0.999888 0.999936 0.999965 0.999981 0.99999 0.999995 0.999998 0.999999 0.999999 1 1 1 1 1 1 1 1 0.999999 0.999998 0.999996 0.999992 0.999983 0.999969 0.999944 0.999901 0.999826 0.999687 0.999408 0.998824 0.997582 0.994925 0.989238 0.977095 0.951445 0.898843 0.798896 0.64137 0.490287 0.493626 0.59812 0.673636 0.705708 0.712596 0.708016 0.698634 0.687344 0.675404 0.663423 0.651763 0.640675 0.630345 0.620901 0.612422 0.604941 0.598454 0.592931 0.588326 0.584585 0.581657 0.579493 0.578053 0.57731 
0.529756 0.529305 0.528359 0.526931 0.525038 0.522709 0.51999 0.516951 0.513693 0.510355 0.507119 0.504207 0.501877 0.500395 0.50001 0.500917 0.503215 0.50686 0.51156 0.516502 0.519631 0.516059 0.495968 0.45048 0.414203 0.513467 0.702223 0.847182 0.927088 0.966288 0.98452 0.9929 0.996721 0.998474 0.999279 0.999651 0.999824 0.999908 0.99995 0.999972 0.999985 0.999992 0.999996 0.999998 0.999999 0.999999 1 1 1 1 1 1 1 1 1 1 0.999999 0.999998 0.999996 0.999993 0.999987 0.999976 0.999956 0.999921 0.999851 0.999707 0.999402 0.998746 0.997324 0.994231 0.987455 0.972687 0.940737 0.874347 0.748038 0.561865 0.420209 0.430479 0.479174 0.505549 0.512864 0.51175 0.508059 0.504344 0.501603 0.500177 0.500095 0.501219 0.503318 0.506116 0.509337 0.51273 0.516089 0.519251 0.522101 0.524559 0.526573 0.528112 0.52916 0.529709 
0.735632 0.735024 0.733736 0.73175 0.729036 0.725556 0.721265 0.716115 0.71006 0.703063 0.695102 0.686184 0.676348 0.665671 0.654266 0.642267 0.629796 0.616892 0.603369 0.588441 0.569997 0.542691 0.497969 0.430449 0.404241 0.575195 0.76799 0.891266 0.951119 0.978347 0.990291 0.995631 0.998021 0.999098 0.999583 0.999804 0.999906 0.999953 0.999976 0.999987 0.999993 0.999996 0.999998 0.999999 0.999999 1 1 1 1 1 1 1 1 1 1 1 1 0.999999 0.999998 0.999997 0.999994 0.999989 0.999979 0.99996 0.99992 0.999836 0.999655 0.999257 0.998377 0.996427 0.992061 0.982279 0.959699 0.910071 0.804344 0.626655 0.42248 0.419644 0.490999 0.542756 0.574204 0.594452 0.610159 0.62401 0.63703 0.649483 0.66135 0.672516 0.682855 0.69227 0.700701 0.708129 0.714565 0.720044 0.724615 0.72833 0.731241 0.733394 0.734827 0.735568 
0.886359 0.886038 0.885356 0.884302 0.882856 0.880991 0.878674 0.87587 0.872539 0.86864 0.86414 0.859011 0.853238 0.84682 0.83977 0.8321 0.823793 0.814736 0.80454 0.792155 0.774654 0.745668 0.68757 0.587918 0.458365 0.56893 0.75789 0.903648 0.95601 0.981143 0.991449 0.996465 0.998393 0.999292 0.999682 0.999857 0.999935 0.99997 0.999985 0.999992 0.999996 0.999998 0.999999 0.999999 1 1 1 1 1 1 1 1 1 1 1 1 1 0.999999 0.999999 0.999998 0.999996 0.999993 0.999987 0.999973 0.999943 0.999879 0.999732 0.999406 0.998653 0.997047 0.99274 0.983841 0.962283 0.91817 0.793966 0.618266 0.457846 0.566328 0.676293 0.744525 0.777437 0.796506 0.809357 0.81962 0.828579 0.836711 0.844157 0.850944 0.857065 0.862517 0.867309 0.871465 0.875018 0.87801 0.880482 0.882477 0.88403 0.885174 0.885933 0.886325 
0.95599 0.955857 0.955576 0.955139 0.95454 0.953766 0.952802 0.951633 0.950238 0.948599 0.946699 0.944519 0.942048 0.939277 0.936198 0.932799 0.929042 0.924813 0.91982 0.913249 0.903404 0.884355 0.852996 0.752088 0.756678 0.76309 0.844317 0.925267 0.959459 0.985373 0.991783 0.99586 0.997965 0.999185 0.999618 0.999835 0.999935 0.99997 0.999986 0.999992 0.999995 0.999997 0.999998 0.999999 0.999999 0.999999 1 1 1 1 1 1 1 1 1 1 0.999999 0.999999 0.999998 0.999997 0.999996 0.999993 0.999986 0.999972 0.999935 0.999856 0.999672 0.999309 0.998319 0.996679 0.993657 0.98865 0.960681 0.927367 0.847604 0.770305 0.776343 0.740295 0.848999 0.883168 0.904424 0.915082 0.921947 0.926985 0.931163 0.934825 0.938108 0.941055 0.943685 0.946008 0.948036 0.949786 0.951275 0.952525 0.953554 0.954382 0.955027 0.9555 0.955814 0.955976 
0.983537 0.983486 0.983377 0.983209 0.982979 0.982681 0.982309 0.981858 0.98132 0.980688 0.979954 0.979111 0.978153 0.977077 0.975875 0.974539 0.97304 0.971311 0.969184 0.966278 0.961671 0.953859 0.939549 0.918514 0.927601 0.854978 0.782292 0.780859 0.853113 0.930825 0.962748 0.993166 0.996671 0.998734 0.999425 0.999801 0.99991 0.999961 0.999978 0.999987 0.999991 0.999993 0.999995 0.999996 0.999996 0.999997 0.999997 0.999997 0.999997 0.999997 0.999997 0.999997 0.999997 0.999997 0.999997 0.999997 0.999997 0.999996 0.999995 0.999994 0.999992 0.999988 0.999979 0.999957 0.999912 0.999822 0.99949 0.998792 0.996725 0.993246 0.962836 0.93093 0.853205 0.780989 0.782034 0.85463 0.930593 0.916327 0.937676 0.953358 0.961919 0.96692 0.969976 0.972142 0.973859 0.975324 0.976615 0.977765 0.978786 0.979686 0.98047 0.981145 0.98172 0.982202 0.982599 0.982918 0.983166 0.983348 0.983469 0.983531 
0.993927 0.993908 0.993868 0.993805 0.993719 0.993607 0.993469 0.9933 0.993099 0.992863 0.992589 0.992274 0.991916 0.991512 0.99106 0.990553 0.989977 0.989295 0.988432 0.987215 0.985355 0.982219 0.978126 0.971305 0.987074 0.962878 0.931174 0.85351 0.781447 0.781372 0.853437 0.931108 0.962975 0.993357 0.99681 0.998882 0.999808 0.999917 0.999956 0.999964 0.999968 0.999971 0.999971 0.999972 0.999972 0.999972 0.999972 0.999972 0.999972 0.999972 0.999972 0.999972 0.999972 0.999972 0.999972 0.999972 0.999972 0.999972 0.999972 0.999971 0.99997 0.999965 0.999947 0.999894 0.999547 0.998851 0.996801 0.99336 0.96298 0.931118 0.853455 0.781398 0.781441 0.8535 0.931164 0.962912 0.990985 0.971104 0.977795 0.982037 0.985429 0.987428 0.988713 0.989598 0.990279 0.990845 0.991336 0.991769 0.992152 0.992488 0.992781 0.993034 0.993248 0.993428 0.993577 0.993696 0.993789 0.993857 0.993902 0.993925 
0.99777 0.997763 0.997748 0.997725 0.997693 0.997652 0.9976 0.997538 0.997464 0.997377 0.997275 0.997159 0.997027 0.996877 0.996709 0.996519 0.9963 0.996036 0.995693 0.995212 0.994488 0.993441 0.992093 0.991427 0.995061 0.996691 0.99336 0.962996 0.931142 0.853484 0.781431 0.781427 0.85348 0.931152 0.963045 0.993969 0.997926 0.999442 0.999558 0.999586 0.999588 0.999588 0.999588 0.999588 0.999588 0.999588 0.999588 0.999588 0.999588 0.999588 0.999588 0.999588 0.999588 0.999588 0.999588 0.999588 0.999588 0.999588 0.999588 0.999588 0.999587 0.999571 0.999504 0.998842 0.996805 0.993366 0.962992 0.931139 0.85348 0.781428 0.78143 0.853483 0.931141 0.962995 0.993364 0.996737 0.996918 0.991683 0.992076 0.993411 0.994512 0.995284 0.995791 0.996144 0.99641 0.996626 0.99681 0.996972 0.997113 0.997238 0.997346 0.99744 0.997519 0.997585 0.99764 0.997684 0.997719 0.997744 0.997761 0.997769 
0.999183 0.99918 0.999175 0.999166 0.999154 0.999139 0.99912 0.999097 0.99907 0.999038 0.999001 0.998958 0.998909 0.998854 0.998792 0.998721 0.998638 0.998536 0.998403 0.998217 0.997954 0.997597 0.997259 0.997153 0.998354 0.999432 0.998845 0.996806 0.993367 0.962994 0.93114 0.85348 0.781416 0.781468 0.854235 0.933222 0.990789 0.995521 0.997013 0.997103 0.997122 0.997123 0.997123 0.997123 0.997123 0.997123 0.997123 0.997123 0.997123 0.997123 0.997123 0.997123 0.997123 0.997123 0.997123 0.997123 0.997123 0.997123 0.997123 0.997122 0.99711 0.997048 0.996133 0.993301 0.96297 0.931135 0.853478 0.781428 0.781428 0.853481 0.93114 0.962993 0.993367 0.996806 0.998848 0.999484 0.998735 0.997311 0.997288 0.9976 0.997966 0.998242 0.998437 0.998574 0.998677 0.998759 0.998829 0.998888 0.998941 0.998987 0.999027 0.999061 0.99909 0.999115 0.999135 0.999151 0.999164 0.999173 0.999179 0.999182 
0.999701 0.9997 0.999698 0.999695 0.99969 0.999685 0.999678 0.999669 0.999659 0.999647 0.999634 0.999618 0.9996 0.99958 0.999557 0.99953 0.999499 0.99946 0.999409 0.999339 0.999245 0.999134 0.999041 0.999079 0.999427 0.999747 0.999898 0.99955 0.998855 0.996806 0.993367 0.962984 0.931066 0.852778 0.777928 0.804871 0.902956 0.958729 0.962045 0.962926 0.96297 0.962978 0.962978 0.962978 0.962978 0.962978 0.962978 0.962978 0.962978 0.962978 0.962978 0.962978 0.962978 0.962978 0.962978 0.962978 0.962978 0.962978 0.962978 0.962972 0.962937 0.962332 0.959843 0.929734 0.853085 0.781207 0.781258 0.853441 0.931136 0.962993 0.993367 0.996806 0.998855 0.99955 0.999902 0.999818 0.999559 0.999144 0.999063 0.999141 0.999252 0.999348 0.999421 0.999473 0.999513 0.999544 0.99957 0.999592 0.999612 0.999629 0.999643 0.999656 0.999667 0.999676 0.999683 0.999689 0.999694 0.999697 0.999699 0.999701 
0.99989 0.99989 0.999889 0.999888 0.999887 0.999884 0.999882 0.999879 0.999875 0.999871 0.999866 0.99986 0.999853 0.999846 0.999837 0.999827 0.999816 0.999801 0.999781 0.999756 0.999724 0.999688 0.999667 0.999689 0.999798 0.999908 0.999967 0.999963 0.999909 0.999551 0.998851 0.996759 0.992884 0.959615 0.89694 0.747022 0.770601 0.822735 0.849435 0.850554 0.850833 0.850844 0.850846 0.850846 0.850846 0.850846 0.850846 0.850846 0.850846 0.850846 0.850846 0.850846 0.850846 0.850846 0.850846 0.850846 0.850846 0.850846 0.850844 0.850833 0.85056 0.849467 0.823284 0.772481 0.724002 0.845883 0.928892 0.962803 0.993331 0.996804 0.998855 0.999551 0.999909 0.999963 0.999975 0.999928 0.999837 0.999716 0.999679 0.999693 0.999727 0.99976 0.999786 0.999806 0.999821 0.999832 0.999842 0.99985 0.999858 0.999864 0.999869 0.999874 0.999878 0.999881 0.999884 0.999886 0.999888 0.999889 0.99989 0.99989 
0.99996 0.99996 0.999959 0.999959 0.999958 0.999958 0.999957 0.999956 0.999954 0.999953 0.999951 0.999949 0.999946 0.999944 0.99994 0.999937 0.999932 0.999927 0.999919 0.99991 0.999899 0.999889 0.999884 0.999895 0.999929 0.999964 0.999985 0.999994 0.999988 0.999963 0.999886 0.999406 0.996839 0.988018 0.899016 0.747715 0.770541 0.822722 0.849435 0.850554 0.850833 0.850844 0.850846 0.850846 0.850846 0.850846 0.850846 0.850846 0.850846 0.850846 0.850846 0.850846 0.850846 0.850846 0.850846 0.850846 0.850846 0.850846 0.850844 0.850833 0.850554 0.849435 0.822726 0.770544 0.745815 0.872301 0.985199 0.994826 0.998716 0.999528 0.999908 0.999964 0.999989 0.999995 0.999988 0.999972 0.999942 0.999904 0.999889 0.999891 0.999901 0.999912 0.999921 0.999928 0.999934 0.999938 0.999942 0.999945 0.999948 0.99995 0.999952 0.999954 0.999955 0.999956 0.999957 0.999958 0.999959 0.999959 0.99996 0.99996 
0.999985 0.999985 0.999985 0.999985 0.999985 0.999985 0.999984 0.999984 0.999983 0.999983 0.999982 0.999981 0.99998 0.999979 0.999978 0.999977 0.999975 0.999973 0.99997 0.999967 0.999963 0.99996 0.99996 0.999964 0.999975 0.999986 0.999994 0.999997 0.999998 0.999986 0.99992 0.998915 0.994496 0.93391 0.804858 0.80223 0.902313 0.958682 0.962038 0.962925 0.96297 0.962978 0.962978 0.962978 0.962978 0.962978 0.962978 0.962978 0.962978 0.962978 0.962978 0.962978 0.962978 0.962978 0.962978 0.962978 0.962978 0.962978 0.962978 0.96297 0.962925 0.962038 0.958682 0.902312 0.802175 0.803832 0.933292 0.99415 0.998859 0.999895 0.999979 0.999996 0.999999 0.999998 0.999995 0.999989 0.999979 0.999967 0.999962 0.999961 0.999964 0.999968 0.999971 0.999974 0.999976 0.999977 0.999979 0.99998 0.999981 0.999982 0.999982 0.999983 0.999984 0.999984 0.999984 0.999985 0.999985 0.999985 0.999985 0.999985 
0.999995 0.999995 0.999995 0.999995 0.999994 0.999994 0.999994 0.999994 0.999994 0.999994 0.999993 0.999993 0.999993 0.999992 0.999992 0.999991 0.999991 0.99999 0.999989 0.999988 0.999987 0.999986 0.999986 0.999987 0.999991 0.999995 0.999997 0.999998 0.999997 0.999977 0.999619 0.997731 0.96549 0.879203 0.777861 0.90327 0.988957 0.995176 0.996994 0.997101 0.997122 0.997123 0.997123 0.997123 0.997123 0.997123 0.997123 0.997123 0.997123 0.997123 0.997123 0.997123 0.997123 0.997123 0.997123 0.997123 0.997123 0.997123 0.997123 0.997122 0.997101 0.996994 0.995176 0.988957 0.903269 0.77783 0.879165 0.965461 0.997711 0.999609 0.999976 0.999997 0.999999 0.999999 0.999998 0.999996 0.999992 0.999989 0.999987 0.999986 0.999987 0.999988 0.999989 0.99999 0.999991 0.999992 0.999992 0.999993 0.999993 0.999993 0.999994 0.999994 0.999994 0.999994 0.999994 0.999994 0.999994 0.999995 0.999995 0.999995 
0.999998 0.999998 0.999998 0.999998 0.999998 0.999998 0.999998 0.999998 0.999998 0.999998 0.999998 0.999997 0.999997 0.999997 0.999997 0.999997 0.999997 0.999996 0.999996 0.999996 0.999995 0.999995 0.999995 0.999996 0.999997 0.999998 0.999999 0.999999 0.999996 0.999958 0.999518 0.996203 0.960829 0.82794 0.827377 0.959671 0.995245 0.999065 0.999533 0.999583 0.999588 0.999588 0.999588 0.999588 0.999588 0.999588 0.999588 0.999588 0.999588 0.999588 0.999588 0.999588 0.999588 0.999588 0.999588 0.999588 0.999588 0.999588 0.999588 0.999588 0.999583 0.999533 0.999065 0.995245 0.959671 0.827377 0.827923 0.960787 0.995901 0.999476 0.999945 0.999995 0.999999 0.999999 0.999999 0.999998 0.999997 0.999996 0.999995 0.999995 0.999995 0.999996 0.999996 0.999996 0.999997 0.999997 0.999997 0.999997 0.999997 0.999998 0.999998 0.999998 0.999998 0.999998 0.999998 0.999998 0.999998 0.999998 0.999998 0.999998 
0.999999 0.999999 0.999999 0.999999 0.999999 0.999999 0.999999 0.999999 0.999999 0.999999 0.999999 0.999999 0.999999 0.999999 0.999999 0.999999 0.999999 0.999999 0.999999 0.999998 0.999998 0.999998 0.999998 0.999998 0.999999 0.999999 0.999999 0.999999 0.999989 0.999909 0.998843 0.993312 0.930307 0.779688 0.878418 0.965156 0.997669 0.999579 0.999948 0.999969 0.999971 0.999972 0.999972 0.999972 0.999972 0.999972 0.999972 0.999972 0.999972 0.999972 0.999972 0.999972 0.999972 0.999972 0.999972 0.999972 0.999972 0.999972 0.999972 0.999971 0.999969 0.999948 0.999579 0.997669 0.965157 0.878432 0.779635 0.929704 0.991897 0.998196 0.999835 0.999973 0.999998 0.999999 0.999999 0.999999 0.999999 0.999999 0.999998 0.999998 0.999998 0.999998 0.999999 0.999999 0.999999 0.999999 0.999999 0.999999 0.999999 0.999999 0.999999 0.999999 0.999999 0.999999 0.999999 0.999999 0.999999 0.999999 0.999999 0.999999 
1 1 1 1 1 1 1 1 1 1 1 1 1 1 1 1 1 1 0.999999 0.999999 0.999999 0.999999 0.999999 0.999999 1 0.999999 0.999999 0.999996 0.999964 0.999551 0.996807 0.962979 0.853433 0.781901 0.932206 0.993969 0.998908 0.999921 0.999987 0.999996 0.999997 0.999997 0.999997 0.999997 0.999997 0.999997 0.999997 0.999997 0.999997 0.999997 0.999997 0.999997 0.999997 0.999997 0.999997 0.999997 0.999997 0.999997 0.999997 0.999997 0.999996 0.999987 0.999921 0.998909 0.993982 0.932272 0.782636 0.850971 0.934726 0.993683 0.998578 0.999882 0.999982 0.999999 1 1 1 0.999999 0.999999 0.999999 0.999999 0.999999 0.999999 1 1 1 1 1 1 1 1 1 1 1 1 1 1 1 1 1 
1 1 1 1 1 1 1 1 1 1 1 1 1 1 1 1 1 1 1 1 1 1 1 1 1 1 0.999999 0.999989 0.99991 0.998861 0.993379 0.931144 0.78142 0.85351 0.963278 0.99684 0.999563 0.999965 0.999996 1 1 1 1 1 1 1 1 1 1 1 1 1 1 1 1 1 1 1 1 1 1 0.999996 0.999965 0.99957 0.996886 0.963922 0.856223 0.75662 0.853721 0.960409 0.995119 0.999187 0.999928 0.999991 0.999999 1 1 1 1 1 1 1 1 1 1 1 1 1 1 1 1 1 1 1 1 1 1 1 1 1 
1 1 1 1 1 1 1 1 1 1 1 1 1 1 1 1 1 1 1 1 1 1 1 1 1 1 0.999997 0.999965 0.999564 0.996842 0.963278 0.85351 0.78142 0.931144 0.993379 0.998861 0.99991 0.999989 0.999999 1 1 1 1 1 1 1 1 1 1 1 1 1 1 1 1 1 1 1 1 1 1 0.999999 0.999991 0.999928 0.999187 0.995119 0.960409 0.853721 0.75662 0.856223 0.963923 0.996888 0.999571 0.999966 0.999997 1 1 1 1 1 1 1 1 1 1 1 1 1 1 1 1 1 1 1 1 1 1 1 1 1 
1 1 1 1 1 1 1 1 1 1 1 1 1 1 1 1 1 1 1 1 1 1 1 1 1 0.999999 0.99999 0.999925 0.998917 0.993983 0.932212 0.781902 0.853433 0.962979 0.996807 0.999551 0.999964 0.999996 1 1 1 1 1 1 1 1 1 1 1 1 1 1 1 1 1 1 1 1 1 1 1 1 0.999999 0.999982 0.999882 0.998578 0.993683 0.934726 0.850971 0.782636 0.932278 0.993996 0.998918 0.999925 0.99999 0.999999 1 1 1 1 1 1 1 1 1 1 1 1 1 1 1 1 1 1 1 1 1 1 1 1 
1 1 1 1 1 1 1 1 1 1 1 1 1 1 1 1 1 1 1 1 1 1 1 1 1 0.999997 0.999977 0.999619 0.997729 0.965458 0.878454 0.779678 0.930306 0.993312 0.998843 0.999909 0.999989 0.999999 1 1 1 1 1 1 1 1 1 1 1 1 1 1 1 1 1 1 1 1 1 1 1 1 1 0.999998 0.999973 0.999835 0.998196 0.991897 0.929704 0.779625 0.878468 0.965459 0.997729 0.999619 0.999977 0.999997 1 1 1 1 1 1 1 1 1 1 1 1 1 1 1 1 1 1 1 1 1 1 1 1 
1 1 1 1 1 1 1 1 1 1 1 1 1 1 1 1 1 1 1 1 1 1 1 1 1 0.999996 0.999959 0.99953 0.996238 0.9611 0.827925 0.827887 0.960814 0.996202 0.999518 0.999958 0.999996 1 1 1 1 1 1 1 1 1 1 1 1 1 1 1 1 1 1 1 1 1 1 1 1 1 1 0.999999 0.999995 0.999945 0.999476 0.9959 0.960776 0.827876 0.827926 0.9611 0.996238 0.99953 0.999959 0.999996 1 1 1 1 1 1 1 1 1 1 1 1 1 1 1 1 1 1 1 1 1 1 1 1 
1 1 1 1 1 1 1 1 1 1 1 1 1 1 1 1 1 1 1 1 1 1 1 1 0.999999 0.99999 0.999924 0.998904 0.993925 0.931378 0.78015 0.878399 0.965433 0.997722 0.999619 0.999977 0.999997 1 1 1 1 1 1 1 1 1 1 1 1 1 1 1 1 1 1 1 1 1 1 1 1 1 1 1 0.999997 0.999976 0.999612 0.997709 0.965427 0.878399 0.780151 0.931378 0.993925 0.998904 0.999924 0.99999 0.999999 1 1 1 1 1 1 1 1 1 1 1 1 1 1 1 1 1 1 1 1 1 1 1 
1 1 1 1 1 1 1 1 1 1 1 1 1 1 1 1 1 1 1 1 1 1 1 1 0.999997 0.999977 0.999619 0.997722 0.965433 0.878399 0.78015 0.931378 0.993925 0.998904 0.999924 0.99999 0.999999 1 1 1 1 1 1 1 1 1 1 1 1 1 1 1 1 1 1 1 1 1 1 1 1 1 1 1 0.999999 0.99999 0.999924 0.998902 0.993925 0.931378 0.78015 0.878399 0.965433 0.997722 0.999619 0.999977 0.999997 1 1 1 1 1 1 1 1 1 1 1 1 1 1 1 1 1 1 1 1 1 1 1 
1 1 1 1 1 1 1 1 1 1 1 1 1 1 1 1 1 1 1 1 1 1 1 1 0.999996 0.999958 0.999518 0.996204 0.960815 0.827887 0.827925 0.9611 0.996238 0.99953 0.999959 0.999996 1 1 1 1 1 1 1 1 1 1 1 1 1 1 1 1 1 1 1 1 1 1 1 1 1 1 1 1 1 0.999996 0.999959 0.99953 0.996238 0.9611 0.827925 0.827887 0.960815 0.996204 0.999518 0.999958 0.999996 1 1 1 1 1 1 1 1 1 1 1 1 1 1 1 1 1 1 1 1 1 1 1 
1 1 1 1 1 1 1 1 1 1 1 1 1 1 1 1 1 1 1 1 1 1 1 0.999999 0.999989 0.99991 0.998849 0.993323 0.930312 0.779678 0.878454 0.965458 0.997729 0.999619 0.999977 0.999997 1 1 1 1 1 1 1 1 1 1 1 1 1 1 1 1 1 1 1 1 1 1 1 1 1 1 1 1 1 0.999997 0.999977 0.999619 0.997729 0.965458 0.878454 0.779678 0.930312 0.993323 0.998849 0.99991 0.999989 0.999999 1 1 1 1 1 1 1 1 1 1 1 1 1 1 1 1 1 1 1 1 1 1 
1 1 1 1 1 1 1 1 1 1 1 1 1 1 1 1 1 1 1 1 1 1 1 0.999997 0.999965 0.999563 0.996841 0.963264 0.853462 0.781893 0.932211 0.993982 0.998917 0.999925 0.99999 0.999999 1 1 1 1 1 1 1 1 1 1 1 1 1 1 1 1 1 1 1 1 1 1 1 1 1 1 1 1 1 0.999999 0.99999 0.999925 0.998917 0.993982 0.932211 0.781893 0.853462 0.963264 0.996841 0.999563 0.999965 0.999997 1 1 1 1 1 1 1 1 1 1 1 1 1 1 1 1 1 1 1 1 1 1 
1 1 1 1 1 1 1 1 1 1 1 1 1 1 1 1 1 1 1 1 1 1 0.999999 0.99999 0.999925 0.998917 0.99398 0.932211 0.781892 0.853462 0.963264 0.996841 0.999563 0.999965 0.999997 1 1 1 1 1 1 1 1 1 1 1 1 1 1 1 1 1 1 1 1 1 1 1 1 1 1 1 1 1 1 1 0.999997 0.999965 0.999563 0.996841 0.963264 0.853462 0.781892 0.932211 0.99398 0.998917 0.999925 0.99999 0.999999 1 1 1 1 1 1 1 1 1 1 1 1 1 1 1 1 1 1 1 1 1 
1 1 1 1 1 1 1 1 1 1 1 1 1 1 1 1 1 1 1 1 1 1 0.999997 0.999977 0.999619 0.997723 0.965447 0.878449 0.779679 0.930312 0.993323 0.998849 0.99991 0.999989 0.999999 1 1 1 1 1 1 1 1 1 1 1 1 1 1 1 1 1 1 1 1 1 1 1 1 1 1 1 1 1 1 1 0.999999 0.999989 0.99991 0.998849 0.993323 0.930312 0.779679 0.878449 0.965447 0.997723 0.999619 0.999977 0.999997 1 1 1 1 1 1 1 1 1 1 1 1 1 1 1 1 1 1 1 1 1 
1 1 1 1 1 1 1 1 1 1 1 1 1 1 1 1 1 1 1 1 1 1 0.999996 0.999958 0.999518 0.996204 0.960816 0.827897 0.827897 0.960816 0.996204 0.999518 0.999958 0.999996 1 1 1 1 1 1 1 1 1 1 1 1 1 1 1 1 1 1 1 1 1 1 1 1 1 1 1 1 1 1 1 1 1 0.999996 0.999958 0.999518 0.996204 0.960816 0.827897 0.827897 0.960816 0.996204 0.999518 0.999958 0.999996 1 1 1 1 1 1 1 1 1 1 1 1 1 1 1 1 1 1 1 1 1 
1 1 1 1 1 1 1 1 1 1 1 1 1 1 1 1 1 1 1 1 1 0.999999 0.999989 0.99991 0.998849 0.993323 0.930312 0.779679 0.878449 0.965447 0.997723 0.999619 0.999977 0.999997 1 1 1 1 1 1 1 1 1 1 1 1 1 1 1 1 1 1 1 1 1 1 1 1 1 1 1 1 1 1 1 1 1 0.999997 0.999977 0.999619 0.997723 0.965447 0.878449 0.779679 0.930312 0.993323 0.998849 0.99991 0.999989 0.999999 1 1 1 1 1 1 1 1 1 1 1 1 1 1 1 1 1 1 1 1 
1 1 1 1 1 1 1 1 1 1 1 1 1 1 1 1 1 1 1 1 1 0.999997 0.999965 0.999563 0.996841 0.963264 0.853462 0.781892 0.932211 0.99398 0.998917 0.999925 0.99999 0.999999 1 1 1 1 1 1 1 1 1 1 1 1 1 1 1 1 1 1 1 1 1 1 1 1 1 1 1 1 1 1 1 1 1 0.999999 0.99999 0.999925 0.998917 0.99398 0.932211 0.781892 0.853462 0.963264 0.996841 0.999563 0.999965 0.999997 1 1 1 1 1 1 1 1 1 1 1 1 1 1 1 1 1 1 1 1 
1 1 1 1 1 1 1 1 1 1 1 1 1 1 1 1 1 1 1 1 0.999999 0.99999 0.999925 0.998917 0.99398 0.932211 0.781892 0.853462 0.963264 0.996841 0.999563 0.999965 0.999997 1 1 1 1 1 1 1 1 1 1 1 1 1 1 1 1 1 1 1 1 1 1 1 1 1 1 1 1 1 1 1 1 1 1 1 0.999997 0.999965 0.999563 0.996841 0.963264 0.853462 0.781892 0.932211 0.99398 0.998917 0.999925 0.99999 0.999999 1 1 1 1 1 1 1 1 1 1 1 1 1 1 1 1 1 1 1 
1 1 1 1 1 1 1 1 1 1 1 1 1 1 1 1 1 1 1 0.999999 0.999997 0.999977 0.999619 0.997723 0.965447 0.878449 0.779679 0.930312 0.993323 0.998849 0.99991 0.999989 0.999999 1 1 1 1 1 1 1 1 1 1 1 1 1 1 1 1 1 1 1 1 1 1 1 1 1 1 1 1 1 1 1 1 1 1 1 0.999999 0.999989 0.99991 0.998849 0.993323 0.930312 0.779679 0.878449 0.965447 0.997723 0.999619 0.999977 0.999997 0.999999 1 1 1 1 1 1 1 1 1 1 1 1 1 1 1 1 1 1 
1 1 1 1 1 1 1 1 1 1 1 1 1 1 1 1 0.999999 0.999999 0.999999 0.999999 0.999996 0.999958 0.999518 0.996204 0.960816 0.827897 0.827897 0.960816 0.996204 0.999518 0.999958 0.999996 1 1 1 1 1 1 1 1 1 1 1 1 1 1 1 1 1 1 1 1 1 1 1 1 1 1 1 1 1 1 1 1 1 1 1 1 1 0.999996 0.999958 0.999518 0.996204 0.960816 0.827897 0.827897 0.960816 0.996204 0.999518 0.999958 0.999996 0.999999 0.999999 0.999999 0.999999 1 1 1 1 1 1 1 1 1 1 1 1 1 1 1 
0.999999 0.999999 0.999999 0.999999 0.999999 0.999999 0.999999 0.999999 0.999999 0.999999 0.999999 0.999999 0.999999 0.999999 0.999999 0.999999 0.999999 0.999998 0.999998 0.999996 0.999988 0.99991 0.998849 0.993323 0.930312 0.779679 0.878449 0.965447 0.997723 0.999619 0.999977 0.999997 1 1 1 1 1 1 1 1 1 1 1 1 1 1 1 1 1 1 1 1 1 1 1 1 1 1 1 1 1 1 1 1 1 1 1 1 1 0.999997 0.999977 0.999619 0.997723 0.965447 0.878449 0.779679 0.930312 0.993323 0.998849 0.99991 0.999988 0.999996 0.999998 0.999998 0.999999 0.999999 0.999999 0.999999 0.999999 0.999999 0.999999 0.999999 0.999999 0.999999 0.999999 0.999999 0.999999 0.999999 0.999999 0.999999 
0.999998 0.999998 0.999998 0.999998 0.999998 0.999998 0.999998 0.999998 0.999998 0.999998 0.999998 0.999998 0.999998 0.999998 0.999998 0.999997 0.999996 0.999995 0.999993 0.999988 0.999963 0.999563 0.996841 0.963264 0.853462 0.781892 0.932211 0.99398 0.998917 0.999925 0.99999 0.999999 1 1 1 1 1 1 1 1 1 1 1 1 1 1 1 1 1 1 1 1 1 1 1 1 1 1 1 1 1 1 1 1 1 1 1 1 1 0.999999 0.99999 0.999925 0.998917 0.99398 0.932211 0.781892 0.853462 0.963264 0.996841 0.999563 0.999963 0.999988 0.999993 0.999995 0.999996 0.999997 0.999998 0.999998 0.999998 0.999998 0.999998 0.999998 0.999998 0.999998 0.999998 0.999998 0.999998 0.999998 0.999998 0.999998 
0.999996 0.999996 0.999996 0.999996 0.999996 0.999996 0.999996 0.999996 0.999996 0.999996 0.999996 0.999996 0.999996 0.999995 0.999994 0.999993 0.999991 0.999987 0.999982 0.999967 0.999918 0.998916 0.99398 0.932211 0.781892 0.853462 0.963264 0.996841 0.999563 0.999965 0.999997 1 1 1 1 1 1 1 1 1 1 1 1 1 1 1 1 1 1 1 1 1 1 1 1 1 1 1 1 1 1 1 1 1 1 1 1 1 1 1 0.999997 0.999965 0.999563 0.996841 0.963264 0.853462 0.781892 0.932211 0.99398 0.998916 0.999918 0.999967 0.999982 0.999987 0.999991 0.999993 0.999994 0.999995 0.999996 0.999996 0.999996 0.999996 0.999996 0.999996 0.999996 0.999996 0.999996 0.999996 0.999996 0.999996 
0.999988 0.999988 0.999988 0.999988 0.999988 0.999988 0.999989 0.999989 0.999989 0.999989 0.999989 0.999988 0.999988 0.999987 0.999985 0.999981 0.999975 0.999966 0.999949 0.999918 0.999614 0.997722 0.965447 0.878449 0.779679 0.930312 0.993323 0.998849 0.99991 0.999989 0.999999 1 1 1 1 1 1 1 1 1 1 1 1 1 1 1 1 1 1 1 1 1 1 1 1 1 1 1 1 1 1 1 1 1 1 1 1 1 1 1 0.999999 0.999989 0.99991 0.998849 0.993323 0.930312 0.779679 0.878449 0.965447 0.997722 0.999614 0.999918 0.999949 0.999966 0.999975 0.999981 0.999985 0.999987 0.999988 0.999988 0.999989 0.999989 0.999989 0.999989 0.999989 0.999988 0.999988 0.999988 0.999988 0.999988 
0.999968 0.999968 0.999968 0.999968 0.999968 0.999968 0.999969 0.999969 0.999969 0.999969 0.999969 0.999969 0.999968 0.999965 0.99996 0.999951 0.999935 0.999911 0.999876 0.999809 0.999503 0.996202 0.960816 0.827897 0.827897 0.960816 0.996204 0.999518 0.999958 0.999996 1 1 1 1 1 1 1 1 1 1 1 1 1 1 1 1 1 1 1 1 1 1 1 1 1 1 1 1 1 1 1 1 1 1 1 1 1 1 1 1 1 0.999996 0.999958 0.999518 0.996204 0.960816 0.827897 0.827897 0.960816 0.996202 0.999503 0.999809 0.999876 0.999911 0.999935 0.999951 0.99996 0.999965 0.999968 0.999969 0.999969 0.999969 0.999969 0.999969 0.999969 0.999968 0.999968 0.999968 0.999968 0.999968 
0.999913 0.999913 0.999913 0.999913 0.999913 0.999914 0.999914 0.999915 0.999916 0.999916 0.999916 0.999916 0.999913 0.999907 0.999895 0.999872 0.999832 0.999767 0.999665 0.999524 0.998808 0.993317 0.930312 0.779679 0.878449 0.965447 0.997723 0.999619 0.999977 0.999997 1 1 1 1 1 1 1 1 1 1 1 1 1 1 1 1 1 1 1 1 1 1 1 1 1 1 1 1 1 1 1 1 1 1 1 1 1 1 1 1 1 0.999997 0.999977 0.999619 0.997723 0.965447 0.878449 0.779679 0.930312 0.993317 0.998808 0.999524 0.999665 0.999767 0.999832 0.999872 0.999895 0.999907 0.999913 0.999916 0.999916 0.999916 0.999916 0.999915 0.999914 0.999914 0.999913 0.999913 0.999913 0.999913 
0.999761 0.999761 0.999762 0.999762 0.999763 0.999765 0.999766 0.999768 0.99977 0.999771 0.999772 0.999771 0.999766 0.999753 0.999724 0.999667 0.999563 0.999384 0.999086 0.998437 0.996735 0.963247 0.853461 0.781893 0.932211 0.99398 0.998917 0.999925 0.99999 0.999999 1 1 1 1 1 1 1 1 1 1 1 1 1 1 1 1 1 1 1 1 1 1 1 1 1 1 1 1 1 1 1 1 1 1 1 1 1 1 1 1 1 0.999999 0.99999 0.999925 0.998917 0.99398 0.932211 0.781893 0.853461 0.963247 0.996735 0.998437 0.999086 0.999384 0.999563 0.999667 0.999724 0.999753 0.999766 0.999771 0.999772 0.999771 0.99977 0.999768 0.999766 0.999765 0.999763 0.999762 0.999762 0.999761 
0.999347 0.999347 0.999348 0.99935 0.999353 0.999357 0.999361 0.999366 0.999371 0.999376 0.99938 0.999379 0.99937 0.999342 0.999276 0.999139 0.998884 0.998414 0.997704 0.996024 0.993672 0.932171 0.781889 0.853463 0.963264 0.996841 0.999563 0.999965 0.999997 1 1 1 1 1 1 1 1 1 1 1 1 1 1 1 1 1 1 1 1 1 1 1 1 1 1 1 1 1 1 1 1 1 1 1 1 1 1 1 1 1 1 1 0.999997 0.999965 0.999563 0.996841 0.963264 0.853463 0.781889 0.932171 0.993672 0.996024 0.997704 0.998414 0.998884 0.999139 0.999276 0.999342 0.99937 0.999379 0.99938 0.999376 0.999371 0.999366 0.999361 0.999357 0.999353 0.99935 0.999348 0.999347 
0.998216 0.998217 0.99822 0.998225 0.998233 0.998242 0.998254 0.998267 0.998282 0.998297 0.99831 0.998315 0.998301 0.998243 0.998097 0.997779 0.997143 0.996011 0.99367 0.990427 0.964966 0.878358 0.779684 0.930313 0.993323 0.998849 0.99991 0.999989 0.999999 1 1 1 1 1 1 1 1 1 1 1 1 1 1 1 1 1 1 1 1 1 1 1 1 1 1 1 1 1 1 1 1 1 1 1 1 1 1 1 1 1 1 1 0.999999 0.999989 0.99991 0.998849 0.993323 0.930313 0.779684 0.878358 0.964966 0.990427 0.99367 0.996011 0.997143 0.997779 0.998097 0.998243 0.998301 0.998315 0.99831 0.998297 0.998282 0.998267 0.998254 0.998242 0.998233 0.998225 0.99822 0.998217 
0.995133 0.995136 0.995144 0.995159 0.995179 0.995205 0.995236 0.995273 0.995315 0.995359 0.995401 0.995428 0.995415 0.995307 0.994994 0.994271 0.99279 0.990073 0.985562 0.979081 0.959472 0.827699 0.827911 0.960818 0.996205 0.999518 0.999958 0.999996 1 1 1 1 1 1 1 1 1 1 1 1 1 1 1 1 1 1 1 1 1 1 1 1 1 1 1 1 1 1 1 1 1 1 1 1 1 1 1 1 1 1 1 1 1 0.999996 0.999958 0.999518 0.996205 0.960818 0.827911 0.827699 0.959472 0.979081 0.985562 0.990073 0.99279 0.994271 0.994994 0.995307 0.995415 0.995428 0.995401 0.995359 0.995315 0.995273 0.995236 0.995205 0.995179 0.995159 0.995144 0.995136 
0.986773 0.986781 0.986804 0.986843 0.986897 0.986967 0.987053 0.987154 0.987269 0.987394 0.987519 0.987621 0.987645 0.98747 0.986839 0.985234 0.981745 0.974994 0.96373 0.949702 0.926844 0.779179 0.878488 0.965452 0.997723 0.999619 0.999977 0.999997 1 1 1 1 1 1 1 1 1 1 1 1 1 1 1 1 1 1 1 1 1 1 1 1 1 1 1 1 1 1 1 1 1 1 1 1 1 1 1 1 1 1 1 1 1 0.999997 0.999977 0.999619 0.997723 0.965452 0.878488 0.779179 0.926844 0.949702 0.96373 0.974994 0.981745 0.985234 0.986839 0.98747 0.987645 0.987621 0.987519 0.987394 0.987269 0.987154 0.987053 0.986967 0.986897 0.986843 0.986804 0.986781 
0.964448 0.964469 0.964529 0.964631 0.964774 0.964958 0.965185 0.965454 0.965762 0.966103 0.96646 0.966788 0.966979 0.966782 0.965623 0.962288 0.954298 0.937634 0.907798 0.853962 0.844073 0.783132 0.932334 0.993994 0.998918 0.999925 0.99999 0.999999 1 1 1 1 1 1 1 1 1 1 1 1 1 1 1 1 1 1 1 1 1 1 1 1 1 1 1 1 1 1 1 1 1 1 1 1 1 1 1 1 1 1 1 1 1 0.999999 0.99999 0.999925 0.998918 0.993994 0.932334 0.783132 0.844073 0.853962 0.907798 0.937634 0.954298 0.962288 0.965623 0.966782 0.966979 0.966788 0.96646 0.966103 0.965762 0.965454 0.965185 0.964958 0.964774 0.964631 0.964529 0.964469 
0.907125 0.907175 0.907327 0.90758 0.907936 0.908397 0.908965 0.909639 0.910418 0.911293 0.912235 0.913169 0.913906 0.91397 0.912244 0.906053 0.890255 0.853153 0.793601 0.677666 0.754824 0.857516 0.963651 0.996883 0.999567 0.999965 0.999997 1 1 1 1 1 1 1 1 1 1 1 1 1 1 1 1 1 1 1 1 1 1 1 1 1 1 1 1 1 1 1 1 1 1 1 1 1 1 1 1 1 1 1 1 1 1 1 0.999997 0.999965 0.999567 0.996883 0.963651 0.857516 0.754824 0.677666 0.793601 0.853153 0.890255 0.906053 0.912244 0.91397 0.913906 0.913169 0.912235 0.911293 0.910418 0.909639 0.908965 0.908397 0.907936 0.90758 0.907327 0.907175 
0.776533 0.776636 0.776946 0.777466 0.778198 0.779147 0.780319 0.781716 0.783342 0.785187 0.787219 0.789334 0.791256 0.792263 0.790489 0.781494 0.754511 0.693487 0.573252 0.490038 0.815052 0.940265 0.994048 0.998946 0.999916 0.999989 0.999999 1 1 1 1 1 1 1 1 1 1 1 1 1 1 1 1 1 1 1 1 1 1 1 1 1 1 1 1 1 1 1 1 1 1 1 1 1 1 1 1 1 1 1 1 1 1 1 0.999999 0.999989 0.999916 0.998946 0.994048 0.940265 0.815052 0.490038 0.573252 0.693487 0.754511 0.781494 0.790489 0.792263 0.791256 0.789334 0.787219 0.785187 0.783342 0.781716 0.780319 0.779147 0.778198 0.777466 0.776946 0.776636 
0.567754 0.567869 0.568214 0.568793 0.569614 0.570685 0.572017 0.573625 0.575518 0.577704 0.580166 0.582822 0.585414 0.587198 0.58617 0.577284 0.549682 0.489874 0.425473 0.524398 0.896562 0.980098 0.997591 0.999711 0.999971 0.999997 1 1 1 1 1 1 1 1 1 1 1 1 1 1 1 1 1 1 1 1 1 1 1 1 1 1 1 1 1 1 1 1 1 1 1 1 1 1 1 1 1 1 1 1 1 1 1 1 1 0.999997 0.999971 0.999711 0.997591 0.980098 0.896562 0.524398 0.425473 0.489874 0.549682 0.577284 0.58617 0.587198 0.585414 0.582822 0.580166 0.577704 0.575518 0.573625 0.572017 0.570685 0.569614 0.568793 0.568214 0.567869 
