0.526331 0.526199 0.525804 0.525149 0.524236 0.523071 0.521665 0.52003 0.518182 0.51614 0.513912 0.511465 0.508632 0.504858 0.498564 0.485824 0.45895 0.413776 0.395474 0.541374 0.819243 0.956534 0.990783 0.998258 0.999697 0.999951 0.999993 0.999999 1 1 1 1 1 1 1 1 1 1 1 1 1 1 1 1 1 1 1 1 1 1 1 1 1 1 1 1 1 1 1 1 1 1 1 1 1 1 1 1 1 1 1 1 1 0.999999 0.999993 0.999951 0.999697 0.998258 0.990783 0.956534 0.819243 0.541374 0.395474 0.413776 0.45895 0.485824 0.498564 0.504858 0.508632 0.511465 0.513912 0.51614 0.518182 0.52003 0.521665 0.523071 0.524236 0.525149 0.525804 0.526199 
0.730954 0.730766 0.730202 0.729255 0.727916 0.726173 0.724008 0.721401 0.718327 0.714744 0.710585 0.705694 0.699694 0.691625 0.679027 0.656005 0.610174 0.527622 0.439639 0.51996 0.814916 0.947317 0.989263 0.997805 0.999638 0.99994 0.999991 0.999999 1 1 1 1 1 1 1 1 1 1 1 1 1 1 1 1 1 1 1 1 1 1 1 1 1 1 1 1 1 1 1 1 1 1 1 1 1 1 1 1 1 1 1 1 1 0.999999 0.999991 0.99994 0.999638 0.997805 0.989263 0.947317 0.814916 0.51996 0.439639 0.527622 0.610174 0.656005 0.679027 0.691625 0.699694 0.705694 0.710585 0.714744 0.718327 0.721401 0.724008 0.726173 0.727916 0.729255 0.730202 0.730766 
0.883896 0.883796 0.883496 0.882991 0.882276 0.881342 0.880178 0.878768 0.87709 0.875112 0.872765 0.869904 0.866165 0.86064 0.851027 0.83164 0.789701 0.702178 0.559853 0.482592 0.737828 0.918709 0.981302 0.99622 0.999316 0.999888 0.999983 0.999998 1 1 1 1 1 1 1 1 1 1 1 1 1 1 1 1 1 1 1 1 1 1 1 1 1 1 1 1 1 1 1 1 1 1 1 1 1 1 1 1 1 1 1 1 1 0.999998 0.999983 0.999888 0.999316 0.99622 0.981302 0.918709 0.737828 0.482592 0.559853 0.702178 0.789701 0.83164 0.851027 0.86064 0.866165 0.869904 0.872765 0.875112 0.87709 0.878768 0.880178 0.881342 0.882276 0.882991 0.883496 0.883796 
0.954979 0.954938 0.954814 0.954605 0.954309 0.953921 0.953437 0.952849 0.952144 0.951301 0.950276 0.948966 0.947117 0.944098 0.938321 0.925998 0.897818 0.8375 0.709246 0.566121 0.634164 0.848176 0.965047 0.991755 0.998547 0.999737 0.99996 0.999994 0.999999 1 1 1 1 1 1 1 1 1 1 1 1 1 1 1 1 1 1 1 1 1 1 1 1 1 1 1 1 1 1 1 1 1 1 1 1 1 1 1 1 1 1 1 0.999999 0.999994 0.99996 0.999737 0.998547 0.991755 0.965047 0.848176 0.634164 0.566121 0.709246 0.8375 0.897818 0.925998 0.938321 0.944098 0.947117 0.948966 0.950276 0.951301 0.952144 0.952849 0.953437 0.953921 0.954309 0.954605 0.954814 0.954938 
0.983151 0.983135 0.983087 0.983007 0.982893 0.982743 0.982556 0.982328 0.982053 0.981718 0.981296 0.980726 0.979855 0.978311 0.975207 0.968444 0.95349 0.921019 0.857644 0.757986 0.605049 0.722626 0.908355 0.981511 0.996255 0.999368 0.999898 0.999985 0.999998 1 1 1 1 1 1 1 1 1 1 1 1 1 1 1 1 1 1 1 1 1 1 1 1 1 1 1 1 1 1 1 1 1 1 1 1 1 1 1 1 1 1 1 0.999998 0.999985 0.999898 0.999368 0.996255 0.981511 0.908355 0.722626 0.605049 0.757986 0.857644 0.921019 0.95349 0.968444 0.975207 0.978311 0.979855 0.980726 0.981296 0.981718 0.982053 0.982328 0.982556 0.982743 0.982893 0.983007 0.983087 0.983135 
0.993784 0.993778 0.99376 0.99373 0.993688 0.993632 0.993562 0.993475 0.99337 0.993239 0.993067 0.992819 0.99241 0.991644 0.990062 0.986659 0.979227 0.963874 0.931833 0.879709 0.714466 0.61755 0.846599 0.967203 0.992375 0.998761 0.999775 0.999968 0.999995 0.999999 1 1 1 1 1 1 1 1 1 1 1 1 1 1 1 1 1 1 1 1 1 1 1 1 1 1 1 1 1 1 1 1 1 1 1 1 1 1 1 1 1 0.999999 0.999995 0.999968 0.999775 0.998761 0.992375 0.967203 0.846599 0.61755 0.714466 0.879709 0.931833 0.963874 0.979227 0.986659 0.990062 0.991644 0.99241 0.992819 0.993067 0.993239 0.99337 0.993475 0.993562 0.993632 0.993688 0.99373 0.99376 0.993778 
0.997718 0.997715 0.997709 0.997698 0.997682 0.997661 0.997635 0.997603 0.997562 0.99751 0.997439 0.997329 0.997137 0.996765 0.995995 0.99437 0.990953 0.984228 0.970339 0.951365 0.835049 0.60818 0.75781 0.918092 0.985979 0.997 0.99956 0.999925 0.99999 0.999999 1 1 1 1 1 1 1 1 1 1 1 1 1 1 1 1 1 1 1 1 1 1 1 1 1 1 1 1 1 1 1 1 1 1 1 1 1 1 1 1 1 0.999999 0.99999 0.999925 0.99956 0.997 0.985979 0.918092 0.75781 0.60818 0.835049 0.951365 0.970339 0.984228 0.990953 0.99437 0.995995 0.996765 0.997137 0.997329 0.997439 0.99751 0.997562 0.997603 0.997635 0.997661 0.997682 0.997698 0.997709 0.997715 
0.999164 0.999163 0.99916 0.999156 0.99915 0.999143 0.999133 0.999121 0.999105 0.999084 0.999054 0.999005 0.998915 0.998737 0.998372 0.997614 0.996064 0.993007 0.986783 0.974083 0.895193 0.678471 0.678622 0.895976 0.977637 0.995569 0.999224 0.999875 0.999981 0.999997 1 1 1 1 1 1 1 1 1 1 1 1 1 1 1 1 1 1 1 1 1 1 1 1 1 1 1 1 1 1 1 1 1 1 1 1 1 1 1 1 1 0.999997 0.999981 0.999875 0.999224 0.995569 0.977637 0.895976 0.678622 0.678471 0.895193 0.974083 0.986783 0.993007 0.996064 0.997614 0.998372 0.998737 0.998915 0.999005 0.999054 0.999084 0.999105 0.999121 0.999133 0.999143 0.99915 0.999156 0.99916 0.999163 
0.999694 0.999693 0.999692 0.999691 0.999689 0.999686 0.999682 0.999678 0.999671 0.999663 0.99965 0.999628 0.999586 0.999502 0.999331 0.998981 0.998265 0.996845 0.993521 0.984816 0.917808 0.757688 0.608501 0.837038 0.963114 0.991404 0.998499 0.99973 0.999959 0.999994 0.999999 1 1 1 1 1 1 1 1 1 1 1 1 1 1 1 1 1 1 1 1 1 1 1 1 1 1 1 1 1 1 1 1 1 1 1 1 1 1 1 0.999999 0.999994 0.999959 0.99973 0.998499 0.991404 0.963114 0.837038 0.608501 0.757688 0.917808 0.984816 0.993521 0.996845 0.998265 0.998981 0.999331 0.999502 0.999586 0.999628 0.99965 0.999663 0.999671 0.999678 0.999682 0.999686 0.999689 0.999691 0.999692 0.999693 
0.999888 0.999888 0.999887 0.999887 0.999886 0.999885 0.999884 0.999882 0.999879 0.999876 0.99987 0.99986 0.99984 0.999802 0.999724 0.999566 0.999258 0.998621 0.997399 0.991995 0.967065 0.846354 0.616765 0.719328 0.907603 0.981381 0.996235 0.999365 0.999898 0.999985 0.999998 1 1 1 1 1 1 1 1 1 1 1 1 1 1 1 1 1 1 1 1 1 1 1 1 1 1 1 1 1 1 1 1 1 1 1 1 1 1 1 0.999998 0.999985 0.999898 0.999365 0.996235 0.981381 0.907603 0.719328 0.616765 0.846354 0.967065 0.991995 0.997399 0.998621 0.999258 0.999566 0.999724 0.999802 0.99984 0.99986 0.99987 0.999876 0.999879 0.999882 0.999884 0.999885 0.999886 0.999887 0.999887 0.999888 
0.999959 0.999959 0.999959 0.999959 0.999958 0.999958 0.999957 0.999957 0.999956 0.999954 0.999952 0.999947 0.999938 0.999921 0.999886 0.999817 0.999685 0.999426 0.998856 0.996105 0.981347 0.907596 0.719327 0.616767 0.846372 0.96716 0.992369 0.99876 0.999774 0.999968 0.999995 0.999999 1 1 1 1 1 1 1 1 1 1 1 1 1 1 1 1 1 1 1 1 1 1 1 1 1 1 1 1 1 1 1 1 1 1 1 1 1 0.999999 0.999995 0.999968 0.999774 0.99876 0.992369 0.96716 0.846372 0.616767 0.719327 0.907596 0.981347 0.996105 0.998856 0.999426 0.999685 0.999817 0.999886 0.999921 0.999938 0.999947 0.999952 0.999954 0.999956 0.999957 0.999957 0.999958 0.999958 0.999959 0.999959 0.999959 
0.999985 0.999985 0.999985 0.999985 0.999985 0.999985 0.999984 0.999984 0.999984 0.999983 0.999982 0.99998 0.999976 0.999968 0.999953 0.999924 0.999871 0.999773 0.99954 0.998436 0.99139 0.963111 0.837036 0.608495 0.757739 0.918076 0.985976 0.996999 0.99956 0.999925 0.99999 0.999999 1 1 1 1 1 1 1 1 1 1 1 1 1 1 1 1 1 1 1 1 1 1 1 1 1 1 1 1 1 1 1 1 1 1 1 1 1 0.999999 0.99999 0.999925 0.99956 0.996999 0.985976 0.918076 0.757739 0.608495 0.837036 0.963111 0.99139 0.998436 0.99954 0.999773 0.999871 0.999924 0.999953 0.999968 0.999976 0.99998 0.999982 0.999983 0.999984 0.999984 0.999984 0.999985 0.999985 0.999985 0.999985 0.999985 
0.999994 0.999994 0.999994 0.999994 0.999994 0.999994 0.999994 0.999994 0.999994 0.999994 0.999993 0.999992 0.999991 0.999987 0.999981 0.999969 0.999948 0.999908 0.999804 0.999199 0.995563 0.977635 0.895971 0.678599 0.678599 0.895971 0.977636 0.995569 0.999224 0.999875 0.999981 0.999997 1 1 1 1 1 1 1 1 1 1 1 1 1 1 1 1 1 1 1 1 1 1 1 1 1 1 1 1 1 1 1 1 1 1 1 1 1 0.999997 0.999981 0.999875 0.999224 0.995569 0.977636 0.895971 0.678599 0.678599 0.895971 0.977635 0.995563 0.999199 0.999804 0.999908 0.999948 0.999969 0.999981 0.999987 0.999991 0.999992 0.999993 0.999994 0.999994 0.999994 0.999994 0.999994 0.999994 0.999994 0.999994 0.999994 
0.999998 0.999998 0.999998 0.999998 0.999998 0.999998 0.999998 0.999998 0.999998 0.999998 0.999997 0.999997 0.999996 0.999995 0.999992 0.999987 0.999979 0.999961 0.999899 0.99955 0.996997 0.985976 0.918076 0.757739 0.608495 0.837036 0.963114 0.991404 0.998499 0.99973 0.999959 0.999994 0.999999 1 1 1 1 1 1 1 1 1 1 1 1 1 1 1 1 1 1 1 1 1 1 1 1 1 1 1 1 1 1 1 1 1 1 1 0.999999 0.999994 0.999959 0.99973 0.998499 0.991404 0.963114 0.837036 0.608495 0.757739 0.918076 0.985976 0.996997 0.99955 0.999899 0.999961 0.999979 0.999987 0.999992 0.999995 0.999996 0.999997 0.999997 0.999998 0.999998 0.999998 0.999998 0.999998 0.999998 0.999998 0.999998 0.999998 
0.999999 0.999999 0.999999 0.999999 0.999999 0.999999 0.999999 0.999999 0.999999 0.999999 0.999999 0.999999 0.999999 0.999998 0.999997 0.999995 0.999991 0.999984 0.999958 0.99977 0.998759 0.992369 0.967159 0.846372 0.616767 0.719328 0.907603 0.981381 0.996235 0.999365 0.999898 0.999985 0.999998 1 1 1 1 1 1 1 1 1 1 1 1 1 1 1 1 1 1 1 1 1 1 1 1 1 1 1 1 1 1 1 1 1 1 1 0.999998 0.999985 0.999898 0.999365 0.996235 0.981381 0.907603 0.719328 0.616767 0.846372 0.967159 0.992369 0.998759 0.99977 0.999958 0.999984 0.999991 0.999995 0.999997 0.999998 0.999999 0.999999 0.999999 0.999999 0.999999 0.999999 0.999999 0.999999 0.999999 0.999999 0.999999 0.999999 
1 1 1 1 1 1 1 1 1 1 1 1 0.999999 0.999999 0.999999 0.999998 0.999997 0.999994 0.999981 0.999896 0.999365 0.996235 0.981381 0.907603 0.719328 0.616767 0.846372 0.967159 0.992369 0.99876 0.999774 0.999968 0.999995 0.999999 1 1 1 1 1 1 1 1 1 1 1 1 1 1 1 1 1 1 1 1 1 1 1 1 1 1 1 1 1 1 1 1 1 0.999999 0.999995 0.999968 0.999774 0.99876 0.992369 0.967159 0.846372 0.616767 0.719328 0.907603 0.981381 0.996235 0.999365 0.999896 0.999981 0.999994 0.999997 0.999998 0.999999 0.999999 0.999999 1 1 1 1 1 1 1 1 1 1 1 
1 1 1 1 1 1 1 1 1 1 1 1 1 1 0.999999 0.999999 0.999999 0.999998 0.999993 0.999959 0.99973 0.998499 0.991404 0.963114 0.837036 0.608495 0.757739 0.918076 0.985976 0.996999 0.99956 0.999925 0.99999 0.999999 1 1 1 1 1 1 1 1 1 1 1 1 1 1 1 1 1 1 1 1 1 1 1 1 1 1 1 1 1 1 1 1 1 0.999999 0.99999 0.999925 0.99956 0.996999 0.985976 0.918076 0.757739 0.608495 0.837036 0.963114 0.991404 0.998499 0.99973 0.999959 0.999993 0.999998 0.999999 0.999999 0.999999 1 1 1 1 1 1 1 1 1 1 1 1 1 
1 1 1 1 1 1 1 1 1 1 1 1 1 1 1 1 1 0.999999 0.999997 0.999981 0.999875 0.999224 0.995569 0.977636 0.895971 0.678599 0.678599 0.895971 0.977636 0.995569 0.999224 0.999875 0.999981 0.999997 1 1 1 1 1 1 1 1 1 1 1 1 1 1 1 1 1 1 1 1 1 1 1 1 1 1 1 1 1 1 1 1 1 0.999997 0.999981 0.999875 0.999224 0.995569 0.977636 0.895971 0.678599 0.678599 0.895971 0.977636 0.995569 0.999224 0.999875 0.999981 0.999997 0.999999 1 1 1 1 1 1 1 1 1 1 1 1 1 1 1 1 
1 1 1 1 1 1 1 1 1 1 1 1 1 1 1 1 1 1 0.999998 0.99999 0.999925 0.99956 0.996999 0.985976 0.918076 0.757739 0.608495 0.837036 0.963114 0.991404 0.998499 0.99973 0.999959 0.999994 0.999999 1 1 1 1 1 1 1 1 1 1 1 1 1 1 1 1 1 1 1 1 1 1 1 1 1 1 1 1 1 1 1 0.999999 0.999994 0.999959 0.99973 0.998499 0.991404 0.963114 0.837036 0.608495 0.757739 0.918076 0.985976 0.996999 0.99956 0.999925 0.99999 0.999998 1 1 1 1 1 1 1 1 1 1 1 1 1 1 1 1 1 
1 1 1 1 1 1 1 1 1 1 1 1 1 1 1 1 1 1 0.999999 0.999995 0.999968 0.999774 0.99876 0.992369 0.967159 0.846372 0.616767 0.719328 0.907603 0.981381 0.996235 0.999365 0.999898 0.999985 0.999998 1 1 1 1 1 1 1 1 1 1 1 1 1 1 1 1 1 1 1 1 1 1 1 1 1 1 1 1 1 1 1 0.999998 0.999985 0.999898 0.999365 0.996235 0.981381 0.907603 0.719328 0.616767 0.846372 0.967159 0.992369 0.99876 0.999774 0.999968 0.999995 0.999999 1 1 1 1 1 1 1 1 1 1 1 1 1 1 1 1 1 
1 1 1 1 1 1 1 1 1 1 1 1 1 1 1 1 1 1 1 0.999998 0.999985 0.999898 0.999365 0.996235 0.981381 0.907603 0.719328 0.616767 0.846372 0.967159 0.992369 0.99876 0.999774 0.999968 0.999995 0.999999 1 1 1 1 1 1 1 1 1 1 1 1 1 1 1 1 1 1 1 1 1 1 1 1 1 1 1 1 1 0.999999 0.999995 0.999968 0.999774 0.99876 0.992369 0.967159 0.846372 0.616767 0.719328 0.907603 0.981381 0.996235 0.999365 0.999898 0.999985 0.999998 1 1 1 1 1 1 1 1 1 1 1 1 1 1 1 1 1 1 
1 1 1 1 1 1 1 1 1 1 1 1 1 1 1 1 1 1 1 0.999999 0.999994 0.999959 0.99973 0.998499 0.991404 0.963114 0.837036 0.608495 0.757739 0.918076 0.985977 0.996999 0.99956 0.999925 0.99999 0.999999 1 1 1 1 1 1 1 1 1 1 1 1 1 1 1 1 1 1 1 1 1 1 1 1 1 1 1 1 1 0.999999 0.99999 0.999925 0.99956 0.996999 0.985977 0.918076 0.757739 0.608495 0.837036 0.963114 0.991404 0.998499 0.99973 0.999959 0.999994 0.999999 1 1 1 1 1 1 1 1 1 1 1 1 1 1 1 1 1 1 
1 1 1 1 1 1 1 1 1 1 1 1 1 1 1 1 1 1 1 1 0.999997 0.999981 0.999875 0.999224 0.995569 0.977636 0.895971 0.678599 0.678599 0.895971 0.977636 0.995569 0.999224 0.999875 0.999981 0.999997 1 1 1 1 1 1 1 1 1 1 1 1 1 1 1 1 1 1 1 1 1 1 1 1 1 1 1 1 1 0.999997 0.999981 0.999875 0.999224 0.995569 0.977636 0.895971 0.678599 0.678599 0.895971 0.977636 0.995569 0.999224 0.999875 0.999981 0.999997 1 1 1 1 1 1 1 1 1 1 1 1 1 1 1 1 1 1 1 
1 1 1 1 1 1 1 1 1 1 1 1 1 1 1 1 1 1 1 1 0.999999 0.99999 0.999925 0.99956 0.996999 0.985976 0.918076 0.757739 0.608495 0.837037 0.963114 0.991404 0.998499 0.99973 0.999959 0.999994 0.999999 1 1 1 1 1 1 1 1 1 1 1 1 1 1 1 1 1 1 1 1 1 1 1 1 1 1 1 0.999999 0.999994 0.999959 0.99973 0.998499 0.991404 0.963114 0.837037 0.608495 0.757739 0.918076 0.985976 0.996999 0.99956 0.999925 0.99999 0.999999 1 1 1 1 1 1 1 1 1 1 1 1 1 1 1 1 1 1 1 
1 1 1 1 1 1 1 1 1 1 1 1 1 1 1 1 1 1 1 1 0.999999 0.999995 0.999968 0.999774 0.99876 0.992369 0.967159 0.846372 0.616767 0.719328 0.907605 0.981384 0.996237 0.999366 0.999898 0.999985 0.999998 1 1 1 1 1 1 1 1 1 1 1 1 1 1 1 1 1 1 1 1 1 1 1 1 1 1 1 0.999998 0.999985 0.999898 0.999366 0.996237 0.981384 0.907605 0.719328 0.616767 0.846372 0.967159 0.992369 0.99876 0.999774 0.999968 0.999995 0.999999 1 1 1 1 1 1 1 1 1 1 1 1 1 1 1 1 1 1 1 
1 1 1 1 1 1 1 1 1 1 1 1 1 1 1 1 1 1 1 1 1 0.999998 0.999985 0.999898 0.999365 0.996235 0.981381 0.907602 0.719327 0.616771 0.846384 0.967194 0.992382 0.998766 0.999776 0.999969 0.999995 0.999999 1 1 1 1 1 1 1 1 1 1 1 1 1 1 1 1 1 1 1 1 1 1 1 1 1 0.999999 0.999995 0.999969 0.999776 0.998766 0.992382 0.967194 0.846384 0.616771 0.719327 0.907602 0.981381 0.996235 0.999365 0.999898 0.999985 0.999998 1 1 1 1 1 1 1 1 1 1 1 1 1 1 1 1 1 1 1 1 
1 1 1 1 1 1 1 1 1 1 1 1 1 1 1 1 1 1 1 1 1 0.999999 0.999994 0.999959 0.99973 0.998499 0.991403 0.963112 0.837028 0.608478 0.75783 0.918243 0.986081 0.997027 0.999569 0.999927 0.999991 0.999999 1 1 1 1 1 1 1 1 1 1 1 1 1 1 1 1 1 1 1 1 1 1 1 1 1 0.999999 0.999991 0.999927 0.999569 0.997027 0.986081 0.918243 0.75783 0.608478 0.837028 0.963112 0.991403 0.998499 0.99973 0.999959 0.999994 0.999999 1 1 1 1 1 1 1 1 1 1 1 1 1 1 1 1 1 1 1 1 
1 1 1 1 1 1 1 1 1 1 1 1 1 1 1 1 1 1 1 1 1 1 0.999997 0.999981 0.999875 0.999224 0.995568 0.977625 0.895931 0.678453 0.678954 0.897465 0.978113 0.995767 0.999263 0.999885 0.999983 0.999998 1 1 1 1 1 1 1 1 1 1 1 1 1 1 1 1 1 1 1 1 1 1 1 1 1 0.999998 0.999983 0.999885 0.999263 0.995767 0.978113 0.897465 0.678954 0.678453 0.895931 0.977625 0.995567 0.999224 0.999875 0.999981 0.999997 1 1 1 1 1 1 1 1 1 1 1 1 1 1 1 1 1 1 1 1 1 
1 1 1 1 1 1 1 1 1 1 1 1 1 1 1 1 1 1 1 1 1 1 0.999998 0.99999 0.999925 0.999559 0.99699 0.985935 0.917838 0.757089 0.610441 0.842145 0.966378 0.992168 0.998732 0.999769 0.999968 0.999995 0.999999 1 1 1 1 1 1 1 1 1 1 1 1 1 1 1 1 1 1 1 1 1 1 1 0.999999 0.999995 0.999968 0.999769 0.998732 0.992168 0.966378 0.842145 0.610441 0.757089 0.917838 0.985935 0.99699 0.999559 0.999924 0.999989 0.999998 1 1 1 1 1 1 1 1 1 1 1 1 1 1 1 1 1 1 1 1 1 
1 1 1 1 1 1 1 1 1 1 1 1 1 1 1 1 1 1 1 1 1 1 0.999999 0.999994 0.999966 0.999767 0.998731 0.992167 0.966377 0.842145 0.610441 0.757089 0.917836 0.985932 0.996988 0.999559 0.999925 0.99999 0.999999 1 1 1 1 1 1 1 1 1 1 1 1 1 1 1 1 1 1 1 1 1 1 1 0.999999 0.99999 0.999925 0.999559 0.996988 0.985932 0.917836 0.757089 0.610441 0.842145 0.966377 0.992167 0.99873 0.999766 0.999965 0.999993 0.999999 1 1 1 1 1 1 1 1 1 1 1 1 1 1 1 1 1 1 1 1 1 
1 1 1 1 1 1 1 1 1 1 1 1 1 1 1 1 1 1 1 1 1 0.999999 0.999998 0.999995 0.999977 0.999878 0.999256 0.995762 0.97811 0.897463 0.678954 0.67845 0.895919 0.977591 0.995555 0.999219 0.999874 0.999981 0.999997 1 1 1 1 1 1 1 1 1 1 1 1 1 1 1 1 1 1 1 1 1 1 1 0.999997 0.999981 0.999874 0.999219 0.995555 0.977591 0.895919 0.67845 0.678953 0.897462 0.978109 0.995759 0.999253 0.999875 0.999976 0.999994 0.999998 0.999999 1 1 1 1 1 1 1 1 1 1 1 1 1 1 1 1 1 1 1 1 
1 1 1 1 1 1 1 1 1 1 1 1 1 1 1 1 1 1 1 1 1 0.999999 0.999998 0.999994 0.999979 0.999905 0.99954 0.997005 0.986062 0.918232 0.757828 0.608465 0.836931 0.962943 0.9913 0.998472 0.999722 0.999958 0.999994 0.999999 1 1 1 1 1 1 1 1 1 1 1 1 1 1 1 1 1 1 1 1 1 0.999999 0.999994 0.999958 0.999722 0.998472 0.9913 0.962943 0.836933 0.608466 0.757825 0.918226 0.986052 0.996998 0.999531 0.9999 0.999977 0.999993 0.999998 0.999999 1 1 1 1 1 1 1 1 1 1 1 1 1 1 1 1 1 1 1 1 
1 1 1 1 1 1 1 1 1 1 1 1 1 1 1 1 1 1 1 1 1 0.999999 0.999997 0.999992 0.999976 0.999923 0.999689 0.998654 0.992301 0.967118 0.846368 0.616863 0.71896 0.906113 0.98091 0.996039 0.999326 0.999888 0.999983 0.999997 1 1 1 1 1 1 1 1 1 1 1 1 1 1 1 1 1 1 1 1 1 0.999997 0.999983 0.999888 0.999326 0.99604 0.980912 0.906119 0.718967 0.616855 0.846346 0.967082 0.992271 0.998614 0.999669 0.999915 0.999973 0.999991 0.999997 0.999999 1 1 1 1 1 1 1 1 1 1 1 1 1 1 1 1 1 1 1 1 
1 1 1 1 1 1 1 1 1 1 1 1 1 1 1 1 1 1 1 1 0.999999 0.999998 0.999996 0.999989 0.999969 0.99991 0.999722 0.999023 0.995855 0.98107 0.907463 0.719752 0.61488 0.841352 0.963952 0.991619 0.99853 0.999735 0.999959 0.999993 0.999998 0.999998 0.999999 0.999999 0.999999 0.999999 0.999999 0.999999 0.999999 0.999999 0.999999 0.999999 0.999999 0.999999 0.999999 0.999999 0.999999 0.999999 0.999999 0.999998 0.999998 0.999993 0.999959 0.999735 0.998531 0.991623 0.963964 0.841385 0.614909 0.719699 0.907348 0.980953 0.995676 0.99895 0.999692 0.999899 0.999965 0.999987 0.999995 0.999998 0.999999 1 1 1 1 1 1 1 1 1 1 1 1 1 1 1 1 1 1 1 
1 1 1 1 1 1 1 1 1 1 1 1 1 1 1 1 1 1 1 1 0.999999 0.999998 0.999994 0.999985 0.999959 0.999886 0.999682 0.999068 0.997143 0.989668 0.962313 0.839748 0.614131 0.720594 0.908157 0.981527 0.99626 0.999363 0.999889 0.999975 0.999987 0.999989 0.999989 0.999989 0.999989 0.999989 0.999989 0.999989 0.999989 0.999989 0.999989 0.999989 0.999989 0.999989 0.999989 0.999989 0.999989 0.999989 0.999989 0.999989 0.999987 0.999974 0.999889 0.999364 0.996265 0.981548 0.908227 0.720751 0.613953 0.839438 0.961843 0.989043 0.996912 0.998973 0.999649 0.999874 0.999954 0.999983 0.999994 0.999998 0.999999 1 1 1 1 1 1 1 1 1 1 1 1 1 1 1 1 1 1 1 
1 1 1 1 1 1 1 1 1 1 1 1 1 1 1 1 1 1 1 1 0.999999 0.999997 0.999992 0.99998 0.999946 0.999853 0.9996 0.998892 0.99688 0.990804 0.972149 0.90013 0.713762 0.619722 0.848472 0.96769 0.992465 0.998723 0.999706 0.99989 0.999914 0.999918 0.999918 0.999918 0.999918 0.999918 0.999918 0.999918 0.999918 0.999918 0.999918 0.999918 0.999918 0.999918 0.999918 0.999918 0.999918 0.999918 0.999918 0.999918 0.999914 0.99989 0.999706 0.998727 0.992488 0.96779 0.848795 0.620447 0.712731 0.898877 0.970396 0.990171 0.996613 0.998798 0.999564 0.999841 0.999941 0.999978 0.999992 0.999997 0.999999 0.999999 1 1 1 1 1 1 1 1 1 1 1 1 1 1 1 1 1 1 
1 1 1 1 1 1 1 1 1 1 1 1 1 1 1 1 1 1 1 0.999999 0.999998 0.999996 0.99999 0.999973 0.99993 0.999813 0.999499 0.998647 0.996325 0.989994 0.972684 0.927007 0.809865 0.5922 0.76546 0.920888 0.986246 0.996729 0.999121 0.99943 0.999477 0.999481 0.999481 0.999481 0.999481 0.999481 0.999481 0.999481 0.999481 0.999481 0.999481 0.999481 0.999481 0.999481 0.999481 0.999481 0.999481 0.999481 0.999481 0.99948 0.999476 0.999427 0.999118 0.996742 0.986334 0.921276 0.766684 0.589365 0.803659 0.922893 0.971049 0.989314 0.996075 0.998552 0.999464 0.9998 0.999925 0.999972 0.999989 0.999996 0.999998 0.999999 1 1 1 1 1 1 1 1 1 1 1 1 1 1 1 1 1 1 
0.999999 0.999999 0.999999 0.999999 0.999999 0.999999 0.999999 0.999999 0.999999 0.999999 0.999999 0.999999 1 1 1 1 1 0.999999 0.999999 0.999999 0.999998 0.999994 0.999986 0.999965 0.99991 0.999764 0.999376 0.998337 0.995525 0.987968 0.967316 0.915271 0.781359 0.590921 0.716906 0.904591 0.978336 0.99345 0.996275 0.996606 0.996607 0.996596 0.996591 0.99659 0.99659 0.99659 0.99659 0.99659 0.99659 0.99659 0.99659 0.99659 0.99659 0.99659 0.99659 0.99659 0.99659 0.99659 0.996591 0.996594 0.996601 0.996588 0.996239 0.993457 0.978624 0.90579 0.71987 0.577509 0.772571 0.910929 0.965586 0.987308 0.995273 0.998242 0.99934 0.99975 0.999904 0.999963 0.999985 0.999994 0.999997 0.999999 0.999999 0.999999 1 1 1 1 0.999999 0.999999 0.999999 0.999999 0.999999 0.999999 0.999999 0.999999 0.999999 0.999999 0.999999 0.999999 
0.999998 0.999998 0.999998 0.999998 0.999998 0.999998 0.999998 0.999999 0.999999 0.999999 0.999999 0.999999 0.999999 0.999999 0.999999 0.999999 0.999999 0.999999 0.999998 0.999998 0.999996 0.999992 0.99998 0.999952 0.999881 0.999697 0.999219 0.997965 0.994641 0.985738 0.962012 0.899953 0.755189 0.529365 0.663835 0.862955 0.957201 0.979495 0.983526 0.983188 0.982875 0.982763 0.982734 0.982728 0.982727 0.982727 0.982727 0.982727 0.982727 0.982727 0.982727 0.982727 0.982727 0.982727 0.982727 0.982727 0.982727 0.982728 0.982732 0.982754 0.982843 0.983076 0.983319 0.979437 0.957741 0.864414 0.664131 0.523759 0.748506 0.896321 0.960455 0.985102 0.994387 0.997864 0.999179 0.99968 0.999874 0.99995 0.999979 0.999991 0.999996 0.999998 0.999998 0.999999 0.999999 0.999999 0.999999 0.999999 0.999999 0.999999 0.999999 0.999999 0.999999 0.999998 0.999998 0.999998 0.999998 0.999998 0.999998 0.999998 
0.999996 0.999996 0.999996 0.999996 0.999996 0.999996 0.999996 0.999996 0.999996 0.999996 0.999996 0.999996 0.999996 0.999996 0.999997 0.999997 0.999997 0.999997 0.999996 0.999995 0.999993 0.999986 0.99997 0.99993 0.999832 0.999589 0.998981 0.997446 0.993536 0.983525 0.957937 0.894529 0.752821 0.531649 0.506774 0.702799 0.860945 0.914277 0.913578 0.908891 0.906886 0.906295 0.90616 0.906132 0.906127 0.906126 0.906126 0.906126 0.906126 0.906126 0.906126 0.906126 0.906126 0.906126 0.906126 0.906126 0.906127 0.906131 0.906152 0.906258 0.906719 0.908379 0.912136 0.913161 0.862603 0.703723 0.508178 0.525243 0.746386 0.890954 0.956302 0.982818 0.993236 0.997319 0.998927 0.999566 0.999822 0.999926 0.999968 0.999985 0.999992 0.999995 0.999996 0.999996 0.999997 0.999997 0.999996 0.999996 0.999996 0.999996 0.999996 0.999996 0.999996 0.999996 0.999996 0.999996 0.999996 0.999996 0.999996 0.999996 
0.999988 0.999988 0.999988 0.999988 0.999988 0.999989 0.999989 0.999989 0.999989 0.999989 0.999989 0.99999 0.99999 0.99999 0.99999 0.999991 0.999991 0.999991 0.999991 0.999989 0.999985 0.999974 0.999949 0.999888 0.999741 0.999389 0.99854 0.996487 0.991503 0.979409 0.950365 0.883031 0.742765 0.526793 0.415969 0.509099 0.634852 0.735511 0.733527 0.717581 0.710848 0.709088 0.70868 0.7086 0.708584 0.708582 0.708581 0.708581 0.708581 0.708581 0.708581 0.708581 0.708581 0.708581 0.708581 0.708581 0.708583 0.708595 0.708656 0.708971 0.710389 0.715806 0.730157 0.733462 0.639537 0.509429 0.414985 0.518595 0.735048 0.878559 0.948198 0.978423 0.991067 0.996296 0.998457 0.999353 0.999725 0.999881 0.999946 0.999973 0.999984 0.999989 0.99999 0.999991 0.999991 0.999991 0.99999 0.99999 0.99999 0.99999 0.999989 0.999989 0.999989 0.999989 0.999989 0.999988 0.999988 0.999988 0.999988 0.999988 
0.999968 0.999968 0.999968 0.999968 0.999968 0.999969 0.999969 0.999969 0.99997 0.99997 0.999971 0.999972 0.999972 0.999973 0.999974 0.999975 0.999976 0.999976 0.999976 0.999973 0.999967 0.999949 0.999907 0.999806 0.999566 0.999003 0.997677 0.994563 0.987272 0.97035 0.931962 0.849629 0.696069 0.494021 0.396414 0.429205 0.472203 0.504048 0.589551 0.674798 0.70038 0.706954 0.708253 0.708521 0.70857 0.708579 0.708581 0.708581 0.708581 0.708581 0.708581 0.708581 0.708581 0.708581 0.708581 0.70858 0.708573 0.708537 0.70834 0.707318 0.702158 0.680762 0.606079 0.510231 0.475871 0.433235 0.397542 0.485502 0.685709 0.842934 0.928505 0.968722 0.986534 0.994235 0.997532 0.998939 0.999538 0.999793 0.999901 0.999946 0.999965 0.999972 0.999975 0.999975 0.999975 0.999974 0.999974 0.999973 0.999972 0.999971 0.999971 0.99997 0.99997 0.999969 0.999969 0.999968 0.999968 0.999968 0.999968 0.999968 
0.999912 0.999912 0.999912 0.999913 0.999913 0.999914 0.999915 0.999916 0.999918 0.999919 0.999921 0.999923 0.999925 0.999927 0.999929 0.999931 0.999934 0.999935 0.999936 0.999933 0.999922 0.999892 0.999819 0.999643 0.99923 0.998262 0.996008 0.990792 0.978821 0.951854 0.893609 0.779492 0.603805 0.463867 0.499746 0.594438 0.659837 0.711558 0.778959 0.853566 0.893138 0.902919 0.90538 0.905953 0.906091 0.906119 0.906125 0.906126 0.906126 0.906126 0.906126 0.906126 0.906126 0.906126 0.906125 0.906122 0.906102 0.906008 0.905574 0.903691 0.895935 0.863776 0.789774 0.720697 0.667944 0.603776 0.508707 0.462112 0.591922 0.76929 0.887759 0.948969 0.977489 0.990194 0.995743 0.998145 0.999178 0.99962 0.999808 0.999887 0.999919 0.999931 0.999934 0.999934 0.999932 0.99993 0.999928 0.999926 0.999924 0.999922 0.99992 0.999918 0.999917 0.999916 0.999915 0.999914 0.999913 0.999913 0.999912 0.999912 
0.999759 0.999759 0.99976 0.999761 0.999763 0.999765 0.999768 0.999771 0.999774 0.999779 0.999783 0.999788 0.999794 0.9998 0.999806 0.999813 0.99982 0.999825 0.999829 0.999826 0.99981 0.99976 0.999631 0.99932 0.998583 0.99686 0.992862 0.983672 0.962887 0.917423 0.825319 0.670268 0.510926 0.521986 0.662147 0.77297 0.83412 0.872578 0.911058 0.944126 0.966184 0.97673 0.980992 0.982316 0.982627 0.982707 0.982722 0.982726 0.982726 0.982727 0.982727 0.982727 0.982727 0.982726 0.982724 0.982714 0.982663 0.982437 0.981542 0.977929 0.96873 0.948095 0.916348 0.877855 0.839831 0.780907 0.673362 0.531198 0.504459 0.657165 0.815838 0.912344 0.960459 0.982568 0.99237 0.996643 0.998487 0.999276 0.99961 0.999748 0.999802 0.999821 0.999824 0.999821 0.999816 0.99981 0.999803 0.999797 0.999792 0.999786 0.999781 0.999777 0.999773 0.99977 0.999767 0.999764 0.999762 0.999761 0.99976 0.999759 
0.999342 0.999343 0.999345 0.999348 0.999352 0.999358 0.999365 0.999374 0.999383 0.999395 0.999407 0.999421 0.999437 0.999453 0.999471 0.99949 0.999508 0.999526 0.999539 0.999543 0.999521 0.999439 0.999216 0.998663 0.99734 0.994233 0.987034 0.970612 0.934183 0.858251 0.721117 0.551049 0.509262 0.651506 0.79731 0.882486 0.924472 0.94726 0.963932 0.977547 0.986903 0.992214 0.994824 0.995979 0.99644 0.996552 0.996581 0.996588 0.99659 0.99659 0.99659 0.99659 0.99659 0.996589 0.996584 0.996565 0.99649 0.996158 0.995177 0.992862 0.987953 0.979217 0.965996 0.949648 0.927596 0.887603 0.806306 0.664271 0.515915 0.540482 0.707895 0.849771 0.929855 0.968593 0.986126 0.99383 0.997158 0.998578 0.999173 0.999413 0.999503 0.999529 0.999528 0.999515 0.999499 0.999481 0.999463 0.999446 0.99943 0.999416 0.999402 0.99939 0.99938 0.999371 0.999363 0.999356 0.999351 0.999347 0.999344 0.999342 
0.998202 0.998204 0.998209 0.998218 0.99823 0.998246 0.998266 0.998289 0.998315 0.998346 0.998381 0.998419 0.998461 0.998507 0.998556 0.998607 0.99866 0.998711 0.998755 0.998782 0.998764 0.998639 0.99826 0.997284 0.994915 0.98932 0.976377 0.947222 0.884869 0.765759 0.595424 0.499498 0.612962 0.777192 0.885301 0.939907 0.96533 0.977896 0.985663 0.991111 0.994834 0.997117 0.998385 0.999016 0.999306 0.999423 0.999462 0.999475 0.999479 0.99948 0.999481 0.99948 0.99948 0.999477 0.999468 0.999439 0.999349 0.999106 0.998553 0.997387 0.995259 0.991728 0.986491 0.978967 0.966956 0.942908 0.891237 0.787963 0.626451 0.501497 0.582089 0.753179 0.877523 0.943611 0.974721 0.988574 0.994575 0.99712 0.998171 0.998582 0.998722 0.998747 0.998724 0.998682 0.998633 0.998583 0.998534 0.998487 0.998444 0.998404 0.998367 0.998334 0.998305 0.99828 0.998259 0.998241 0.998226 0.998215 0.998207 0.998203 
0.995094 0.9951 0.995115 0.995139 0.995172 0.995215 0.995268 0.995331 0.995404 0.995487 0.995581 0.995686 0.995801 0.995926 0.99606 0.996201 0.996347 0.996492 0.996628 0.996733 0.996759 0.996595 0.995978 0.994289 0.990092 0.980104 0.957114 0.906617 0.805539 0.643831 0.505846 0.569675 0.739861 0.867998 0.936703 0.969028 0.98358 0.990402 0.994087 0.996401 0.997901 0.998831 0.999371 0.999661 0.999806 0.999873 0.999901 0.999912 0.999916 0.999918 0.999918 0.999918 0.999917 0.999914 0.999905 0.999882 0.999827 0.9997 0.999437 0.998937 0.998065 0.996644 0.994423 0.990894 0.984426 0.970724 0.940305 0.875344 0.752449 0.582543 0.502107 0.629178 0.794142 0.900423 0.954147 0.978739 0.989451 0.993964 0.995787 0.996463 0.996653 0.99664 0.996543 0.996414 0.996275 0.996135 0.996 0.995872 0.995753 0.995644 0.995544 0.995455 0.995376 0.995308 0.995249 0.9952 0.99516 0.99513 0.995109 0.995097 
0.986668 0.986684 0.986724 0.986789 0.986879 0.986995 0.987137 0.987306 0.987504 0.98773 0.987985 0.988269 0.988581 0.98892 0.989284 0.989669 0.99007 0.990476 0.990868 0.99121 0.991415 0.991287 0.990358 0.987529 0.980241 0.962732 0.922897 0.839465 0.692982 0.530193 0.531508 0.694698 0.840924 0.924774 0.965438 0.98382 0.991951 0.995639 0.997476 0.998509 0.999136 0.999518 0.999742 0.999867 0.999932 0.999963 0.999978 0.999984 0.999987 0.999988 0.999989 0.999989 0.999988 0.999985 0.99998 0.999967 0.99994 0.999882 0.999769 0.99956 0.999201 0.998606 0.997621 0.995875 0.992398 0.984766 0.967528 0.929309 0.84995 0.708773 0.54187 0.521123 0.678286 0.829556 0.917761 0.960262 0.979029 0.98687 0.989936 0.990967 0.991143 0.990963 0.99064 0.990263 0.989873 0.989489 0.989121 0.988773 0.98845 0.988154 0.987885 0.987643 0.98743 0.987245 0.987086 0.986954 0.986847 0.986766 0.986709 0.986677 
0.964171 0.964213 0.964318 0.964489 0.964726 0.965031 0.965406 0.965853 0.966374 0.966972 0.967647 0.968399 0.969229 0.970131 0.971102 0.972133 0.97321 0.974312 0.975404 0.976416 0.977199 0.97741 0.976239 0.971767 0.959557 0.929864 0.864039 0.738053 0.568308 0.50564 0.645075 0.806683 0.907448 0.957956 0.981163 0.991434 0.99593 0.99793 0.998873 0.999361 0.999637 0.999797 0.999891 0.999944 0.999972 0.999986 0.999993 0.999996 0.999997 0.999998 0.999998 0.999998 0.999998 0.999996 0.999994 0.999988 0.999975 0.99995 0.999901 0.999814 0.999663 0.999402 0.998938 0.998047 0.996169 0.991959 0.982349 0.960617 0.913142 0.817506 0.659924 0.511323 0.555511 0.724285 0.855637 0.925496 0.957256 0.970398 0.975272 0.976621 0.976496 0.975766 0.974796 0.973745 0.972685 0.971652 0.970666 0.96974 0.968881 0.968094 0.967381 0.966743 0.96618 0.965689 0.965271 0.964922 0.964642 0.964427 0.964278 0.964193 
0.906431 0.906535 0.906798 0.907223 0.907814 0.908575 0.909512 0.910631 0.911938 0.91344 0.915139 0.917039 0.919138 0.921431 0.923904 0.92654 0.929308 0.932165 0.93504 0.937808 0.940214 0.941682 0.940858 0.934544 0.91541 0.868255 0.768736 0.610412 0.496966 0.593204 0.765027 0.884792 0.947359 0.97663 0.989687 0.995398 0.997883 0.998975 0.999473 0.999715 0.999843 0.999913 0.999953 0.999976 0.999988 0.999994 0.999997 0.999999 0.999999 1 1 1 0.999999 0.999999 0.999997 0.999995 0.999989 0.999978 0.999957 0.99992 0.999853 0.999733 0.999504 0.999036 0.998012 0.995689 0.990353 0.978149 0.95074 0.891841 0.777573 0.607577 0.496369 0.595923 0.756425 0.860879 0.911079 0.931671 0.93863 0.939749 0.938439 0.936146 0.93348 0.930709 0.927964 0.925311 0.922793 0.920437 0.918259 0.916268 0.91447 0.912865 0.91145 0.910222 0.909176 0.908305 0.907604 0.90707 0.906698 0.906485 
0.775108 0.775321 0.775859 0.77673 0.777943 0.77951 0.781445 0.783766 0.786491 0.789637 0.793222 0.797259 0.801755 0.806708 0.812105 0.817916 0.82409 0.83055 0.837172 0.843749 0.849873 0.854659 0.856037 0.84914 0.823138 0.757706 0.633695 0.500924 0.540054 0.713424 0.85455 0.932665 0.970038 0.986866 0.994257 0.997469 0.998861 0.999469 0.99974 0.999866 0.999929 0.999961 0.999979 0.999989 0.999994 0.999997 0.999999 0.999999 1 1 1 1 1 0.999999 0.999999 0.999998 0.999995 0.99999 0.999981 0.999964 0.999933 0.999874 0.999755 0.999501 0.998932 0.99763 0.99463 0.987724 0.971983 0.936923 0.863113 0.727291 0.551944 0.494274 0.61934 0.746485 0.815443 0.843374 0.851198 0.850292 0.845812 0.839945 0.833624 0.827269 0.821089 0.8152 0.809674 0.804555 0.799866 0.795617 0.791808 0.788431 0.785472 0.782917 0.78075 0.778953 0.777512 0.776416 0.775654 0.775219 
0.566173 0.566406 0.566999 0.567964 0.569319 0.571087 0.573301 0.575998 0.579222 0.583023 0.587455 0.592572 0.598427 0.605066 0.61252 0.6208 0.629883 0.639704 0.65013 0.660909 0.671541 0.680929 0.686509 0.6823 0.65568 0.588169 0.487882 0.480237 0.642239 0.809124 0.909756 0.959522 0.982225 0.992256 0.996628 0.998525 0.999346 0.999703 0.99986 0.999931 0.999965 0.999981 0.99999 0.999995 0.999997 0.999999 0.999999 1 1 1 1 1 1 1 0.999999 0.999999 0.999997 0.999995 0.999991 0.999983 0.999967 0.999935 0.999868 0.99972 0.999385 0.998616 0.99684 0.992745 0.983341 0.96202 0.915079 0.819235 0.656364 0.486885 0.477994 0.575226 0.644722 0.673171 0.678483 0.673632 0.664835 0.654763 0.644548 0.634692 0.625436 0.616898 0.609134 0.602155 0.595946 0.590474 0.585694 0.581556 0.57801 0.575007 0.572502 0.570457 0.568837 0.567616 0.566773 0.566294 
0.538501 0.538304 0.537805 0.537 0.535886 0.534458 0.532713 0.53065 0.528272 0.525594 0.522638 0.519449 0.516092 0.512663 0.509292 0.506145 0.50342 0.501331 0.500078 0.499785 0.500371 0.50124 0.500552 0.493718 0.471745 0.42856 0.40572 0.52585 0.722995 0.8639 0.937797 0.972461 0.987923 0.994732 0.997698 0.998995 0.99956 0.999804 0.99991 0.999957 0.999978 0.999988 0.999993 0.999996 0.999998 0.999999 0.999999 1 1 1 1 1 1 1 0.999999 0.999999 0.999998 0.999996 0.999994 0.999989 0.999979 0.999958 0.999914 0.999812 0.999581 0.99905 0.997829 0.995031 0.9886 0.973971 0.941086 0.870559 0.734239 0.537268 0.405954 0.422402 0.46588 0.489402 0.497617 0.499429 0.499489 0.499666 0.500562 0.502261 0.504651 0.507547 0.510761 0.514119 0.517478 0.520729 0.523792 0.526613 0.529155 0.5314 0.533337 0.534964 0.536281 0.53729 0.537995 0.538398 
0.746617 0.746383 0.745788 0.744823 0.743468 0.741703 0.739496 0.736812 0.733608 0.729837 0.725445 0.720379 0.714583 0.708009 0.700616 0.692383 0.683304 0.673393 0.662659 0.65105 0.638293 0.623505 0.604301 0.574991 0.525478 0.450929 0.411563 0.555466 0.750802 0.880495 0.945249 0.97577 0.989153 0.995205 0.997878 0.999076 0.999599 0.999824 0.999919 0.99996 0.999977 0.999986 0.999991 0.999994 0.999996 0.999997 0.999998 0.999998 0.999998 0.999998 0.999998 0.999998 0.999998 0.999998 0.999998 0.999998 0.999997 0.999995 0.999991 0.999987 0.999978 0.99996 0.999919 0.999824 0.999607 0.999113 0.997977 0.995427 0.989635 0.976818 0.947488 0.885133 0.758973 0.565318 0.41485 0.453222 0.530454 0.581624 0.611455 0.630556 0.644965 0.657216 0.668263 0.678415 0.68775 0.696273 0.703987 0.710902 0.717048 0.722463 0.727195 0.731296 0.734814 0.737799 0.740293 0.742333 0.743951 0.745172 0.746016 0.746495 
0.892091 0.89197 0.891662 0.891161 0.890458 0.889538 0.888384 0.886975 0.885283 0.883279 0.880929 0.878193 0.875031 0.871403 0.867266 0.862584 0.857321 0.851437 0.844864 0.837438 0.828724 0.817567 0.800945 0.771657 0.713449 0.607015 0.475226 0.526312 0.707592 0.859413 0.930551 0.967852 0.984911 0.993411 0.996994 0.9987 0.999469 0.999767 0.999887 0.999936 0.999961 0.999975 0.999983 0.999986 0.999988 0.999989 0.999989 0.999989 0.999989 0.999989 0.999989 0.999989 0.999989 0.999989 0.999989 0.999989 0.999988 0.999987 0.999984 0.999977 0.999962 0.999935 0.999879 0.999752 0.999438 0.998741 0.997131 0.993701 0.985514 0.96896 0.93274 0.863592 0.714959 0.533368 0.476396 0.609702 0.717798 0.776769 0.806022 0.822322 0.833047 0.841304 0.848279 0.854424 0.859909 0.864808 0.869162 0.873007 0.876382 0.879323 0.881869 0.884057 0.885922 0.887495 0.888802 0.889867 0.890709 0.891343 0.89178 0.892028 
0.958347 0.958297 0.958171 0.957965 0.957676 0.957298 0.956823 0.956243 0.955544 0.954715 0.95374 0.952602 0.951282 0.949762 0.94802 0.946036 0.943787 0.94124 0.938336 0.934935 0.930686 0.924672 0.914607 0.894355 0.851462 0.750139 0.601214 0.573714 0.69758 0.828885 0.900473 0.960304 0.979312 0.990672 0.995608 0.998287 0.999281 0.999678 0.999829 0.999888 0.999906 0.999913 0.999916 0.999917 0.999918 0.999918 0.999918 0.999918 0.999918 0.999918 0.999918 0.999918 0.999918 0.999918 0.999918 0.999918 0.999918 0.999917 0.999916 0.999914 0.999907 0.999884 0.999814 0.999631 0.999189 0.998265 0.995696 0.990856 0.979659 0.961074 0.901612 0.83142 0.702035 0.582299 0.609785 0.752338 0.854339 0.896852 0.916968 0.926814 0.932603 0.936629 0.939818 0.942525 0.944892 0.946979 0.94882 0.950436 0.951847 0.953073 0.954131 0.955037 0.955808 0.956457 0.956996 0.957434 0.95778 0.95804 0.958219 0.958321 
0.984442 0.984423 0.984374 0.984295 0.984184 0.984039 0.983857 0.983633 0.983365 0.983046 0.98267 0.982232 0.981723 0.981137 0.980463 0.979695 0.978819 0.977818 0.976654 0.975241 0.973364 0.970503 0.965395 0.95521 0.933945 0.891535 0.829575 0.723959 0.616911 0.613478 0.71868 0.840668 0.906063 0.963634 0.981042 0.991933 0.997468 0.998894 0.999359 0.99945 0.999473 0.999479 0.99948 0.99948 0.999481 0.999481 0.999481 0.999481 0.999481 0.999481 0.999481 0.999481 0.999481 0.999481 0.999481 0.999481 0.999481 0.99948 0.99948 0.999477 0.999465 0.999414 0.999172 0.998448 0.996008 0.991465 0.980851 0.963618 0.906101 0.840758 0.718841 0.613727 0.616559 0.723593 0.837177 0.893761 0.935453 0.956332 0.966356 0.971352 0.974115 0.975901 0.97723 0.978316 0.979247 0.98006 0.980773 0.981397 0.981941 0.982414 0.982821 0.98317 0.983466 0.983716 0.983923 0.984091 0.984224 0.984324 0.984393 0.984432 
0.994265 0.994258 0.99424 0.99421 0.994169 0.994115 0.994046 0.993963 0.993863 0.993744 0.993603 0.99344 0.99325 0.99303 0.992779 0.99249 0.99216 0.991778 0.991323 0.990749 0.989944 0.988656 0.986346 0.981856 0.973751 0.95838 0.952328 0.906413 0.841468 0.719707 0.614933 0.614837 0.719554 0.841382 0.907082 0.967058 0.986278 0.99446 0.996065 0.996504 0.996573 0.996587 0.99659 0.99659 0.99659 0.99659 0.99659 0.99659 0.99659 0.99659 0.99659 0.99659 0.99659 0.99659 0.99659 0.99659 0.99659 0.99659 0.996588 0.996579 0.996535 0.996274 0.995321 0.99129 0.980898 0.963736 0.906313 0.841163 0.719531 0.614843 0.61492 0.71967 0.841411 0.90642 0.956965 0.959596 0.974531 0.982341 0.986731 0.988982 0.990228 0.990997 0.991539 0.991964 0.99232 0.992627 0.992894 0.993128 0.993331 0.993508 0.99366 0.99379 0.993901 0.993994 0.994071 0.994134 0.994184 0.994221 0.994247 0.994261 
0.997895 0.997892 0.997886 0.997875 0.99786 0.997839 0.997814 0.997783 0.997746 0.997702 0.99765 0.99759 0.997519 0.997438 0.997345 0.997238 0.997114 0.996969 0.996792 0.99656 0.996221 0.99567 0.994696 0.99296 0.990108 0.986159 0.986865 0.980624 0.963739 0.906346 0.841181 0.719506 0.614641 0.615205 0.722978 0.850866 0.950931 0.97326 0.981132 0.982378 0.982678 0.982718 0.982726 0.982726 0.982727 0.982727 0.982727 0.982727 0.982727 0.982727 0.982727 0.982727 0.982727 0.982727 0.982727 0.982727 0.982726 0.982726 0.98272 0.982691 0.982483 0.981632 0.976651 0.962912 0.9062 0.841121 0.719486 0.614845 0.614849 0.719553 0.841187 0.906341 0.963742 0.980709 0.988441 0.986744 0.990446 0.993169 0.994849 0.995794 0.996327 0.996652 0.996872 0.997038 0.997173 0.997288 0.997388 0.997474 0.99755 0.997615 0.997671 0.997719 0.99776 0.997795 0.997823 0.997847 0.997865 0.997879 0.997888 0.997894 
0.999229 0.999228 0.999225 0.999221 0.999216 0.999208 0.999199 0.999188 0.999174 0.999158 0.999139 0.999116 0.99909 0.99906 0.999026 0.998986 0.99894 0.998885 0.998816 0.998722 0.998582 0.998354 0.997969 0.997331 0.996423 0.995421 0.996052 0.99585 0.991473 0.980903 0.963688 0.906073 0.839953 0.714377 0.598879 0.645032 0.791752 0.885044 0.90072 0.905355 0.905974 0.906107 0.906123 0.906126 0.906126 0.906126 0.906126 0.906126 0.906126 0.906126 0.906126 0.906126 0.906126 0.906126 0.906126 0.906126 0.906126 0.906124 0.906111 0.906007 0.905519 0.902213 0.89049 0.834747 0.716382 0.612464 0.612585 0.71884 0.841037 0.90629 0.963727 0.980909 0.991482 0.9959 0.996652 0.995655 0.996569 0.997417 0.99803 0.998402 0.998622 0.998756 0.998845 0.99891 0.998962 0.999005 0.999042 0.999074 0.999101 0.999126 0.999146 0.999164 0.999179 0.999192 0.999202 0.999211 0.999218 0.999223 0.999226 0.999228 
0.999718 0.999717 0.999716 0.999715 0.999713 0.99971 0.999707 0.999702 0.999697 0.999691 0.999684 0.999676 0.999667 0.999656 0.999643 0.999628 0.999611 0.99959 0.999563 0.999525 0.999468 0.999377 0.999231 0.999009 0.998728 0.998512 0.998761 0.9992 0.998478 0.996006 0.991352 0.980049 0.959321 0.886844 0.76012 0.538682 0.574958 0.657651 0.701374 0.706906 0.708377 0.708544 0.708577 0.70858 0.708581 0.708581 0.708581 0.708581 0.708581 0.708581 0.708581 0.708581 0.708581 0.708581 0.708581 0.708581 0.70858 0.708577 0.708546 0.708388 0.707 0.701807 0.660503 0.582801 0.509204 0.682365 0.827377 0.903476 0.963039 0.980797 0.991477 0.996029 0.998485 0.999237 0.998912 0.998602 0.998784 0.999044 0.999255 0.999396 0.999483 0.999538 0.999573 0.999599 0.999619 0.999635 0.999649 0.999661 0.999671 0.99968 0.999687 0.999694 0.999699 0.999704 0.999708 0.999711 0.999714 0.999715 0.999717 0.999717 
0.999897 0.999896 0.999896 0.999896 0.999895 0.999894 0.999893 0.999891 0.999889 0.999887 0.999884 0.999881 0.999878 0.999874 0.999869 0.999864 0.999857 0.999849 0.999838 0.999823 0.999801 0.999766 0.999712 0.999637 0.999554 0.999509 0.999607 0.99979 0.999705 0.999252 0.998034 0.993803 0.978651 0.935208 0.769863 0.541319 0.574158 0.657429 0.701339 0.7069 0.708376 0.708544 0.708577 0.70858 0.708581 0.708581 0.708581 0.708581 0.708581 0.708581 0.708581 0.708581 0.708581 0.708581 0.708581 0.708581 0.70858 0.708577 0.708544 0.708376 0.706903 0.701365 0.657521 0.57426 0.533691 0.727623 0.921522 0.968554 0.989369 0.995579 0.99843 0.999309 0.999718 0.999819 0.999654 0.999541 0.999575 0.99965 0.999721 0.999773 0.999806 0.999828 0.999842 0.999852 0.99986 0.999866 0.999871 0.999876 0.999879 0.999883 0.999885 0.999888 0.99989 0.999892 0.999893 0.999894 0.999895 0.999896 0.999896 0.999897 
0.999962 0.999962 0.999962 0.999962 0.999962 0.999961 0.999961 0.99996 0.999959 0.999959 0.999958 0.999957 0.999955 0.999954 0.999952 0.99995 0.999947 0.999944 0.99994 0.999934 0.999925 0.999912 0.999893 0.999868 0.999844 0.999836 0.999868 0.999917 0.999921 0.999673 0.998591 0.992182 0.969063 0.852877 0.64517 0.633258 0.787532 0.884279 0.900572 0.905334 0.905971 0.906107 0.906123 0.906126 0.906126 0.906126 0.906126 0.906126 0.906126 0.906126 0.906126 0.906126 0.906126 0.906126 0.906126 0.906126 0.906126 0.906123 0.906107 0.905971 0.905334 0.900573 0.884287 0.787533 0.632775 0.640514 0.849326 0.966797 0.991349 0.998176 0.999508 0.999855 0.999948 0.999936 0.999885 0.999848 0.999852 0.999873 0.999897 0.999915 0.999928 0.999936 0.999942 0.999946 0.999949 0.999951 0.999953 0.999954 0.999956 0.999957 0.999958 0.999959 0.99996 0.99996 0.999961 0.999961 0.999962 0.999962 0.999962 0.999962 
0.999986 0.999986 0.999986 0.999986 0.999986 0.999986 0.999986 0.999985 0.999985 0.999985 0.999984 0.999984 0.999984 0.999983 0.999982 0.999982 0.999981 0.999979 0.999978 0.999976 0.999972 0.999967 0.99996 0.999952 0.999945 0.999943 0.99995 0.999957 0.999917 0.999548 0.996984 0.986068 0.918596 0.761032 0.601159 0.79092 0.940528 0.970896 0.980813 0.982324 0.982671 0.982717 0.982725 0.982726 0.982727 0.982727 0.982727 0.982727 0.982727 0.982727 0.982727 0.982727 0.982727 0.982727 0.982727 0.982727 0.982726 0.982725 0.982717 0.982671 0.982324 0.980813 0.970897 0.940535 0.79091 0.600856 0.760483 0.918124 0.985717 0.996797 0.999489 0.999898 0.999977 0.999973 0.99996 0.999948 0.999948 0.999954 0.999962 0.999968 0.999973 0.999976 0.999978 0.99998 0.999981 0.999982 0.999983 0.999983 0.999984 0.999984 0.999985 0.999985 0.999985 0.999985 0.999986 0.999986 0.999986 0.999986 0.999986 0.999986 
0.999995 0.999995 0.999995 0.999995 0.999995 0.999995 0.999995 0.999995 0.999995 0.999994 0.999994 0.999994 0.999994 0.999994 0.999994 0.999993 0.999993 0.999992 0.999992 0.999991 0.99999 0.999988 0.999985 0.999982 0.99998 0.999978 0.999975 0.999972 0.999872 0.999218 0.995559 0.977627 0.896157 0.679073 0.675938 0.889879 0.971848 0.991687 0.995642 0.996441 0.996565 0.996587 0.99659 0.99659 0.99659 0.99659 0.99659 0.99659 0.99659 0.99659 0.99659 0.99659 0.99659 0.99659 0.99659 0.99659 0.99659 0.99659 0.996587 0.996565 0.996441 0.995643 0.991687 0.971851 0.889895 0.675955 0.678806 0.89553 0.975932 0.994949 0.998979 0.999819 0.999966 0.999983 0.999983 0.999981 0.999981 0.999983 0.999986 0.999988 0.99999 0.999991 0.999992 0.999993 0.999993 0.999993 0.999994 0.999994 0.999994 0.999994 0.999994 0.999994 0.999995 0.999995 0.999995 0.999995 0.999995 0.999995 0.999995 0.999995 
0.999998 0.999998 0.999998 0.999998 0.999998 0.999998 0.999998 0.999998 0.999998 0.999998 0.999998 0.999998 0.999998 0.999998 0.999998 0.999998 0.999997 0.999997 0.999997 0.999997 0.999996 0.999995 0.999994 0.999993 0.999992 0.999989 0.999982 0.999956 0.999721 0.998471 0.9913 0.962951 0.836968 0.608583 0.757297 0.916448 0.985147 0.996328 0.999014 0.999398 0.99947 0.999479 0.999481 0.999481 0.999481 0.999481 0.999481 0.999481 0.999481 0.999481 0.999481 0.999481 0.999481 0.999481 0.999481 0.999481 0.999481 0.999481 0.999479 0.99947 0.999398 0.999015 0.996329 0.985159 0.9165 0.757535 0.607999 0.833451 0.955978 0.987445 0.997415 0.999421 0.999899 0.99998 0.999988 0.999991 0.999993 0.999994 0.999995 0.999996 0.999996 0.999997 0.999997 0.999997 0.999997 0.999998 0.999998 0.999998 0.999998 0.999998 0.999998 0.999998 0.999998 0.999998 0.999998 0.999998 0.999998 0.999998 0.999998 0.999998 
0.999999 0.999999 0.999999 0.999999 0.999999 0.999999 0.999999 0.999999 0.999999 0.999999 0.999999 0.999999 0.999999 0.999999 0.999999 0.999999 0.999999 0.999999 0.999999 0.999999 0.999999 0.999998 0.999998 0.999997 0.999995 0.999991 0.999981 0.999887 0.999326 0.996037 0.980903 0.906097 0.718947 0.61687 0.846303 0.96698 0.992208 0.998659 0.999686 0.999885 0.999913 0.999918 0.999918 0.999918 0.999918 0.999918 0.999918 0.999918 0.999918 0.999918 0.999918 0.999918 0.999918 0.999918 0.999918 0.999918 0.999918 0.999918 0.999918 0.999913 0.999886 0.999687 0.998666 0.992247 0.967234 0.847271 0.62016 0.707956 0.856948 0.96561 0.990237 0.998124 0.999609 0.999936 0.999987 0.999993 0.999996 0.999997 0.999998 0.999998 0.999999 0.999999 0.999999 0.999999 0.999999 0.999999 0.999999 0.999999 0.999999 0.999999 0.999999 0.999999 0.999999 0.999999 0.999999 0.999999 0.999999 0.999999 0.999999 0.999999 
1 1 1 1 1 1 1 1 1 1 1 1 1 1 1 1 1 1 1 1 0.999999 0.999999 0.999999 0.999998 0.999996 0.999992 0.99996 0.999736 0.998527 0.991605 0.963895 0.841241 0.614772 0.719932 0.907825 0.981384 0.996224 0.999351 0.999886 0.999974 0.999987 0.999989 0.999989 0.999989 0.999989 0.999989 0.999989 0.999989 0.999989 0.999989 0.999989 0.999989 0.999989 0.999989 0.999989 0.999989 0.999989 0.999989 0.999989 0.999987 0.999974 0.999889 0.99937 0.996359 0.982089 0.911889 0.732235 0.578313 0.720548 0.895288 0.97292 0.993629 0.998802 0.999782 0.999965 0.999993 0.999997 0.999998 0.999999 0.999999 0.999999 1 1 1 1 1 1 1 1 1 1 1 1 1 1 1 1 1 1 1 
1 1 1 1 1 1 1 1 1 1 1 1 1 1 1 1 1 1 1 1 1 1 0.999999 0.999999 0.999997 0.999985 0.999898 0.999367 0.996246 0.981425 0.907841 0.719937 0.614771 0.84124 0.963892 0.991601 0.998524 0.999734 0.999958 0.999992 0.999998 0.999998 0.999999 0.999999 0.999999 0.999999 0.999999 0.999999 0.999999 0.999999 0.999999 0.999999 0.999999 0.999999 0.999999 0.999999 0.999999 0.999999 0.999998 0.999998 0.999993 0.999964 0.99978 0.998799 0.993624 0.972917 0.895287 0.720548 0.578313 0.73224 0.911905 0.98213 0.996382 0.999385 0.999901 0.999985 0.999997 0.999999 0.999999 1 1 1 1 1 1 1 1 1 1 1 1 1 1 1 1 1 1 1 1 1 
1 1 1 1 1 1 1 1 1 1 1 1 1 1 1 1 1 1 1 1 1 1 1 0.999999 0.999995 0.999969 0.999776 0.998766 0.992384 0.967205 0.846422 0.616892 0.71894 0.906095 0.980903 0.996036 0.999326 0.999888 0.999983 0.999997 1 1 1 1 1 1 1 1 1 1 1 1 1 1 1 1 1 1 1 1 0.999998 0.999989 0.999936 0.999609 0.998123 0.990237 0.96561 0.856946 0.70795 0.620183 0.847391 0.967459 0.992422 0.998773 0.999777 0.999969 0.999995 0.999999 1 1 1 1 1 1 1 1 1 1 1 1 1 1 1 1 1 1 1 1 1 1 
1 1 1 1 1 1 1 1 1 1 1 1 1 1 1 1 1 1 1 1 1 1 1 0.999998 0.99999 0.999927 0.999569 0.997027 0.986081 0.918245 0.757838 0.608462 0.836927 0.96294 0.991299 0.998471 0.999722 0.999958 0.999994 0.999999 1 1 1 1 1 1 1 1 1 1 1 1 1 1 1 1 1 1 1 1 1 0.999997 0.999982 0.9999 0.999421 0.997416 0.987445 0.955971 0.833418 0.607889 0.758078 0.918297 0.986092 0.997029 0.999569 0.999927 0.99999 0.999999 1 1 1 1 1 1 1 1 1 1 1 1 1 1 1 1 1 1 1 1 1 1 
1 1 1 1 1 1 1 1 1 1 1 1 1 1 1 1 1 1 1 1 1 1 1 0.999998 0.999983 0.999885 0.999263 0.995767 0.978113 0.897466 0.678955 0.678449 0.895918 0.977591 0.995555 0.999219 0.999874 0.999981 0.999997 1 1 1 1 1 1 1 1 1 1 1 1 1 1 1 1 1 1 1 1 1 1 0.999999 0.999995 0.999968 0.999821 0.998984 0.994955 0.975919 0.89535 0.678281 0.678991 0.897478 0.978115 0.995768 0.999264 0.999885 0.999983 0.999998 1 1 1 1 1 1 1 1 1 1 1 1 1 1 1 1 1 1 1 1 1 1 
1 1 1 1 1 1 1 1 1 1 1 1 1 1 1 1 1 1 1 1 1 1 0.999999 0.999995 0.999968 0.999769 0.998732 0.992168 0.966378 0.842145 0.610441 0.757089 0.917836 0.985932 0.996988 0.999559 0.999925 0.99999 0.999999 1 1 1 1 1 1 1 1 1 1 1 1 1 1 1 1 1 1 1 1 1 1 1 0.999998 0.999988 0.999915 0.999524 0.996871 0.985732 0.917721 0.75706 0.610447 0.842147 0.966378 0.992168 0.998732 0.999769 0.999968 0.999995 0.999999 1 1 1 1 1 1 1 1 1 1 1 1 1 1 1 1 1 1 1 1 1 
1 1 1 1 1 1 1 1 1 1 1 1 1 1 1 1 1 1 1 1 1 1 0.999999 0.99999 0.999925 0.999559 0.99699 0.985935 0.917839 0.757089 0.610441 0.842145 0.966378 0.992168 0.998732 0.999769 0.999968 0.999995 0.999999 1 1 1 1 1 1 1 1 1 1 1 1 1 1 1 1 1 1 1 1 1 1 1 0.999999 0.999995 0.999966 0.999763 0.998717 0.992131 0.966362 0.842139 0.61044 0.75709 0.917839 0.985936 0.99699 0.999559 0.999925 0.99999 0.999999 1 1 1 1 1 1 1 1 1 1 1 1 1 1 1 1 1 1 1 1 1 
1 1 1 1 1 1 1 1 1 1 1 1 1 1 1 1 1 1 1 1 1 1 0.999997 0.999981 0.999875 0.999224 0.995568 0.977625 0.895931 0.678453 0.678954 0.897465 0.978113 0.995767 0.999263 0.999885 0.999983 0.999998 1 1 1 1 1 1 1 1 1 1 1 1 1 1 1 1 1 1 1 1 1 1 1 1 1 0.999998 0.999982 0.999885 0.999261 0.995763 0.978111 0.897465 0.678954 0.678453 0.895931 0.977625 0.995568 0.999224 0.999875 0.999981 0.999997 1 1 1 1 1 1 1 1 1 1 1 1 1 1 1 1 1 1 1 1 1 
1 1 1 1 1 1 1 1 1 1 1 1 1 1 1 1 1 1 1 1 1 0.999999 0.999994 0.999959 0.99973 0.998499 0.991403 0.963112 0.837028 0.608478 0.75783 0.918243 0.986081 0.997027 0.999569 0.999927 0.999991 0.999999 1 1 1 1 1 1 1 1 1 1 1 1 1 1 1 1 1 1 1 1 1 1 1 1 1 0.999999 0.99999 0.999927 0.999569 0.997026 0.98608 0.918243 0.75783 0.608478 0.837028 0.963112 0.991403 0.998499 0.99973 0.999959 0.999994 0.999999 1 1 1 1 1 1 1 1 1 1 1 1 1 1 1 1 1 1 1 1 
1 1 1 1 1 1 1 1 1 1 1 1 1 1 1 1 1 1 1 1 1 0.999998 0.999985 0.999898 0.999365 0.996235 0.981381 0.907602 0.719327 0.616771 0.846384 0.967194 0.992382 0.998766 0.999776 0.999969 0.999995 0.999999 1 1 1 1 1 1 1 1 1 1 1 1 1 1 1 1 1 1 1 1 1 1 1 1 1 0.999999 0.999995 0.999969 0.999776 0.998765 0.992382 0.967194 0.846384 0.616771 0.719327 0.907602 0.981381 0.996235 0.999365 0.999898 0.999985 0.999998 1 1 1 1 1 1 1 1 1 1 1 1 1 1 1 1 1 1 1 1 
1 1 1 1 1 1 1 1 1 1 1 1 1 1 1 1 1 1 1 1 0.999999 0.999995 0.999968 0.999774 0.99876 0.992369 0.967159 0.846372 0.616767 0.719328 0.907605 0.981384 0.996237 0.999366 0.999898 0.999985 0.999998 1 1 1 1 1 1 1 1 1 1 1 1 1 1 1 1 1 1 1 1 1 1 1 1 1 1 1 0.999998 0.999985 0.999898 0.999366 0.996237 0.981384 0.907605 0.719328 0.616767 0.846372 0.967159 0.992369 0.99876 0.999774 0.999968 0.999995 0.999999 1 1 1 1 1 1 1 1 1 1 1 1 1 1 1 1 1 1 1 
1 1 1 1 1 1 1 1 1 1 1 1 1 1 1 1 1 1 1 1 0.999999 0.99999 0.999925 0.99956 0.996999 0.985976 0.918076 0.757739 0.608495 0.837037 0.963114 0.991404 0.998499 0.99973 0.999959 0.999994 0.999999 1 1 1 1 1 1 1 1 1 1 1 1 1 1 1 1 1 1 1 1 1 1 1 1 1 1 1 0.999999 0.999994 0.999959 0.99973 0.998499 0.991404 0.963114 0.837037 0.608495 0.757739 0.918076 0.985976 0.996999 0.99956 0.999925 0.99999 0.999999 1 1 1 1 1 1 1 1 1 1 1 1 1 1 1 1 1 1 1 
1 1 1 1 1 1 1 1 1 1 1 1 1 1 1 1 1 1 1 1 0.999997 0.999981 0.999875 0.999224 0.995569 0.977636 0.895971 0.678599 0.678599 0.895971 0.977636 0.995569 0.999224 0.999875 0.999981 0.999997 1 1 1 1 1 1 1 1 1 1 1 1 1 1 1 1 1 1 1 1 1 1 1 1 1 1 1 1 1 0.999997 0.999981 0.999875 0.999224 0.995569 0.977636 0.895971 0.678599 0.678599 0.895971 0.977636 0.995569 0.999224 0.999875 0.999981 0.999997 1 1 1 1 1 1 1 1 1 1 1 1 1 1 1 1 1 1 1 
1 1 1 1 1 1 1 1 1 1 1 1 1 1 1 1 1 1 1 0.999999 0.999994 0.999959 0.99973 0.998499 0.991404 0.963114 0.837036 0.608495 0.757739 0.918076 0.985977 0.996999 0.99956 0.999925 0.99999 0.999999 1 1 1 1 1 1 1 1 1 1 1 1 1 1 1 1 1 1 1 1 1 1 1 1 1 1 1 1 1 0.999999 0.99999 0.999925 0.99956 0.996999 0.985977 0.918076 0.757739 0.608495 0.837036 0.963114 0.991404 0.998499 0.99973 0.999959 0.999994 0.999999 1 1 1 1 1 1 1 1 1 1 1 1 1 1 1 1 1 1 
1 1 1 1 1 1 1 1 1 1 1 1 1 1 1 1 1 1 1 0.999998 0.999985 0.999898 0.999365 0.996235 0.981381 0.907603 0.719328 0.616767 0.846372 0.967159 0.992369 0.99876 0.999774 0.999968 0.999995 0.999999 1 1 1 1 1 1 1 1 1 1 1 1 1 1 1 1 1 1 1 1 1 1 1 1 1 1 1 1 1 0.999999 0.999995 0.999968 0.999774 0.99876 0.992369 0.967159 0.846372 0.616767 0.719328 0.907603 0.981381 0.996235 0.999365 0.999898 0.999985 0.999998 1 1 1 1 1 1 1 1 1 1 1 1 1 1 1 1 1 1 
1 1 1 1 1 1 1 1 1 1 1 1 1 1 1 1 1 1 0.999999 0.999995 0.999968 0.999774 0.99876 0.992369 0.967159 0.846372 0.616767 0.719328 0.907603 0.981381 0.996235 0.999365 0.999898 0.999985 0.999998 1 1 1 1 1 1 1 1 1 1 1 1 1 1 1 1 1 1 1 1 1 1 1 1 1 1 1 1 1 1 1 0.999998 0.999985 0.999898 0.999365 0.996235 0.981381 0.907603 0.719328 0.616767 0.846372 0.967159 0.992369 0.99876 0.999774 0.999968 0.999995 0.999999 1 1 1 1 1 1 1 1 1 1 1 1 1 1 1 1 1 
1 1 1 1 1 1 1 1 1 1 1 1 1 1 1 1 0.999999 0.999999 0.999998 0.999989 0.999925 0.99956 0.996999 0.985976 0.918076 0.757739 0.608495 0.837036 0.963114 0.991404 0.998499 0.99973 0.999959 0.999994 0.999999 1 1 1 1 1 1 1 1 1 1 1 1 1 1 1 1 1 1 1 1 1 1 1 1 1 1 1 1 1 1 1 0.999999 0.999994 0.999959 0.99973 0.998499 0.991404 0.963114 0.837036 0.608495 0.757739 0.918076 0.985976 0.996999 0.99956 0.999925 0.999989 0.999998 0.999999 0.999999 1 1 1 1 1 1 1 1 1 1 1 1 1 1 1 
1 1 1 1 1 1 1 1 1 1 1 1 1 1 0.999999 0.999999 0.999999 0.999998 0.999995 0.999979 0.999875 0.999224 0.995569 0.977636 0.895971 0.678599 0.678599 0.895971 0.977636 0.995569 0.999224 0.999875 0.999981 0.999997 1 1 1 1 1 1 1 1 1 1 1 1 1 1 1 1 1 1 1 1 1 1 1 1 1 1 1 1 1 1 1 1 1 0.999997 0.999981 0.999875 0.999224 0.995569 0.977636 0.895971 0.678599 0.678599 0.895971 0.977636 0.995569 0.999224 0.999875 0.999979 0.999995 0.999998 0.999999 0.999999 0.999999 1 1 1 1 1 1 1 1 1 1 1 1 1 
0.999999 0.999999 0.999999 0.999999 0.999999 0.999999 0.999999 0.999999 0.999999 0.999999 0.999999 0.999999 0.999999 0.999999 0.999999 0.999998 0.999996 0.999994 0.999987 0.999954 0.999729 0.998499 0.991404 0.963114 0.837036 0.608495 0.757739 0.918076 0.985976 0.996999 0.99956 0.999925 0.99999 0.999999 1 1 1 1 1 1 1 1 1 1 1 1 1 1 1 1 1 1 1 1 1 1 1 1 1 1 1 1 1 1 1 1 1 0.999999 0.99999 0.999925 0.99956 0.996999 0.985976 0.918076 0.757739 0.608495 0.837036 0.963114 0.991404 0.998499 0.999729 0.999954 0.999987 0.999994 0.999996 0.999998 0.999999 0.999999 0.999999 0.999999 0.999999 0.999999 0.999999 0.999999 0.999999 0.999999 0.999999 0.999999 0.999999 0.999999 
0.999999 0.999999 0.999999 0.999999 0.999999 0.999999 0.999999 0.999999 0.999999 0.999999 0.999999 0.999998 0.999998 0.999998 0.999996 0.999994 0.999991 0.999984 0.999967 0.999885 0.999361 0.996234 0.981381 0.907603 0.719328 0.616767 0.846372 0.967159 0.992369 0.99876 0.999774 0.999968 0.999995 0.999999 1 1 1 1 1 1 1 1 1 1 1 1 1 1 1 1 1 1 1 1 1 1 1 1 1 1 1 1 1 1 1 1 1 0.999999 0.999995 0.999968 0.999774 0.99876 0.992369 0.967159 0.846372 0.616767 0.719328 0.907603 0.981381 0.996234 0.999361 0.999885 0.999967 0.999984 0.999991 0.999994 0.999996 0.999998 0.999998 0.999998 0.999999 0.999999 0.999999 0.999999 0.999999 0.999999 0.999999 0.999999 0.999999 0.999999 
0.999996 0.999996 0.999996 0.999996 0.999996 0.999996 0.999996 0.999996 0.999996 0.999996 0.999996 0.999996 0.999995 0.999994 0.999991 0.999986 0.999977 0.999959 0.999921 0.99974 0.998751 0.992367 0.967159 0.846372 0.616767 0.719328 0.907603 0.981381 0.996235 0.999365 0.999898 0.999985 0.999998 1 1 1 1 1 1 1 1 1 1 1 1 1 1 1 1 1 1 1 1 1 1 1 1 1 1 1 1 1 1 1 1 1 1 1 0.999998 0.999985 0.999898 0.999365 0.996235 0.981381 0.907603 0.719328 0.616767 0.846372 0.967159 0.992367 0.998751 0.99974 0.999921 0.999959 0.999977 0.999986 0.999991 0.999994 0.999995 0.999996 0.999996 0.999996 0.999996 0.999996 0.999996 0.999996 0.999996 0.999996 0.999996 0.999996 
0.999989 0.999989 0.999989 0.999989 0.999989 0.999989 0.999989 0.99999 0.99999 0.99999 0.999989 0.999989 0.999988 0.999985 0.999979 0.999967 0.999945 0.999903 0.999804 0.999469 0.996979 0.985971 0.918075 0.757739 0.608495 0.837036 0.963114 0.991404 0.998499 0.99973 0.999959 0.999994 0.999999 1 1 1 1 1 1 1 1 1 1 1 1 1 1 1 1 1 1 1 1 1 1 1 1 1 1 1 1 1 1 1 1 1 1 1 0.999999 0.999994 0.999959 0.99973 0.998499 0.991404 0.963114 0.837036 0.608495 0.757739 0.918075 0.985971 0.996979 0.999469 0.999804 0.999903 0.999945 0.999967 0.999979 0.999985 0.999988 0.999989 0.999989 0.99999 0.99999 0.99999 0.999989 0.999989 0.999989 0.999989 0.999989 0.999989 
0.99997 0.99997 0.99997 0.999971 0.999971 0.999971 0.999971 0.999971 0.999972 0.999972 0.999972 0.999971 0.999968 0.999962 0.999948 0.999921 0.999869 0.999769 0.999572 0.998978 0.995516 0.977622 0.895969 0.678599 0.678599 0.895971 0.977636 0.995569 0.999224 0.999875 0.999981 0.999997 1 1 1 1 1 1 1 1 1 1 1 1 1 1 1 1 1 1 1 1 1 1 1 1 1 1 1 1 1 1 1 1 1 1 1 1 1 0.999997 0.999981 0.999875 0.999224 0.995569 0.977636 0.895971 0.678599 0.678599 0.895969 0.977622 0.995516 0.998978 0.999572 0.999769 0.999869 0.999921 0.999948 0.999962 0.999968 0.999971 0.999972 0.999972 0.999972 0.999971 0.999971 0.999971 0.999971 0.999971 0.99997 0.99997 
0.999919 0.999919 0.999919 0.999919 0.99992 0.999921 0.999921 0.999922 0.999923 0.999924 0.999923 0.999922 0.999916 0.999903 0.999874 0.999812 0.999688 0.999449 0.998971 0.997841 0.991262 0.963078 0.83703 0.608494 0.757739 0.918076 0.985977 0.996999 0.99956 0.999925 0.99999 0.999999 1 1 1 1 1 1 1 1 1 1 1 1 1 1 1 1 1 1 1 1 1 1 1 1 1 1 1 1 1 1 1 1 1 1 1 1 1 0.999999 0.99999 0.999925 0.99956 0.996999 0.985977 0.918076 0.757739 0.608494 0.83703 0.963078 0.991262 0.997841 0.998971 0.999449 0.999688 0.999812 0.999874 0.999903 0.999916 0.999922 0.999923 0.999924 0.999923 0.999922 0.999921 0.999921 0.99992 0.999919 0.999919 0.999919 
0.999778 0.999778 0.999779 0.99978 0.999781 0.999783 0.999785 0.999787 0.99979 0.999792 0.999793 0.99979 0.99978 0.999753 0.99969 0.999553 0.999266 0.998685 0.997481 0.994551 0.981018 0.90751 0.719314 0.616769 0.846372 0.96716 0.992369 0.99876 0.999774 0.999968 0.999995 0.999999 1 1 1 1 1 1 1 1 1 1 1 1 1 1 1 1 1 1 1 1 1 1 1 1 1 1 1 1 1 1 1 1 1 1 1 1 1 0.999999 0.999995 0.999968 0.999774 0.99876 0.992369 0.96716 0.846372 0.616769 0.719314 0.90751 0.981018 0.994551 0.997481 0.998685 0.999266 0.999553 0.99969 0.999753 0.99978 0.99979 0.999793 0.999792 0.99979 0.999787 0.999785 0.999783 0.999781 0.99978 0.999779 0.999778 
0.999392 0.999393 0.999395 0.999397 0.999401 0.999406 0.999412 0.999419 0.999426 0.999433 0.999438 0.999436 0.999418 0.999365 0.999235 0.998941 0.998312 0.996982 0.994314 0.987984 0.966202 0.846149 0.61674 0.719334 0.907604 0.981381 0.996235 0.999365 0.999898 0.999985 0.999998 1 1 1 1 1 1 1 1 1 1 1 1 1 1 1 1 1 1 1 1 1 1 1 1 1 1 1 1 1 1 1 1 1 1 1 1 1 1 1 0.999998 0.999985 0.999898 0.999365 0.996235 0.981381 0.907604 0.719334 0.61674 0.846149 0.966202 0.987984 0.994314 0.996982 0.998312 0.998941 0.999235 0.999365 0.999418 0.999436 0.999438 0.999433 0.999426 0.999419 0.999412 0.999406 0.999401 0.999397 0.999395 0.999393 
0.998339 0.998341 0.998345 0.998353 0.998364 0.998377 0.998394 0.998413 0.998433 0.998454 0.998472 0.998477 0.998452 0.998354 0.998095 0.997487 0.996129 0.993291 0.986766 0.974598 0.915851 0.757224 0.608553 0.837055 0.963117 0.991404 0.998499 0.99973 0.999959 0.999994 0.999999 1 1 1 1 1 1 1 1 1 1 1 1 1 1 1 1 1 1 1 1 1 1 1 1 1 1 1 1 1 1 1 1 1 1 1 1 1 1 1 0.999999 0.999994 0.999959 0.99973 0.998499 0.991404 0.963117 0.837055 0.608553 0.757224 0.915851 0.974598 0.986766 0.993291 0.996129 0.997487 0.998095 0.998354 0.998452 0.998477 0.998472 0.998454 0.998433 0.998413 0.998394 0.998377 0.998364 0.998353 0.998345 0.998341 
0.995468 0.995472 0.995485 0.995506 0.995534 0.995572 0.995617 0.995669 0.995728 0.995789 0.995846 0.995883 0.995861 0.995696 0.995203 0.993982 0.991223 0.985309 0.973282 0.949433 0.890004 0.677442 0.678796 0.896022 0.977644 0.99557 0.999224 0.999875 0.999981 0.999997 1 1 1 1 1 1 1 1 1 1 1 1 1 1 1 1 1 1 1 1 1 1 1 1 1 1 1 1 1 1 1 1 1 1 1 1 1 1 1 1 1 0.999997 0.999981 0.999875 0.999224 0.99557 0.977644 0.896022 0.678796 0.677442 0.890004 0.949433 0.973282 0.985309 0.991223 0.993982 0.995203 0.995696 0.995861 0.995883 0.995846 0.995789 0.995728 0.995669 0.995617 0.995572 0.995534 0.995506 0.995485 0.995472 
0.987677 0.987688 0.987722 0.987778 0.987856 0.987957 0.98808 0.988223 0.988385 0.98856 0.988734 0.988876 0.988913 0.988677 0.987787 0.985408 0.979784 0.967553 0.942756 0.898074 0.821546 0.606081 0.758355 0.918211 0.985998 0.997002 0.999561 0.999925 0.99999 0.999999 1 1 1 1 1 1 1 1 1 1 1 1 1 1 1 1 1 1 1 1 1 1 1 1 1 1 1 1 1 1 1 1 1 1 1 1 1 1 1 1 1 0.999999 0.99999 0.999925 0.999561 0.997002 0.985998 0.918211 0.758355 0.606081 0.821546 0.898074 0.942756 0.967553 0.979784 0.985408 0.987787 0.988677 0.988913 0.988876 0.988734 0.98856 0.988385 0.988223 0.98808 0.987957 0.987856 0.987778 0.987722 0.987688 
0.966828 0.966858 0.966947 0.967095 0.967303 0.967569 0.967895 0.968278 0.968714 0.969192 0.96969 0.970149 0.970437 0.970231 0.968784 0.964385 0.953341 0.927957 0.877561 0.774319 0.686907 0.622586 0.848058 0.967504 0.992419 0.998768 0.999775 0.999969 0.999995 0.999999 1 1 1 1 1 1 1 1 1 1 1 1 1 1 1 1 1 1 1 1 1 1 1 1 1 1 1 1 1 1 1 1 1 1 1 1 1 1 1 1 1 0.999999 0.999995 0.999969 0.999775 0.998768 0.992419 0.967504 0.848058 0.622586 0.686907 0.774319 0.877561 0.927957 0.953341 0.964385 0.968784 0.970231 0.970437 0.970149 0.96969 0.969192 0.968714 0.968278 0.967895 0.967569 0.967303 0.967095 0.966947 0.966858 
0.91307 0.913145 0.913368 0.91374 0.914263 0.914935 0.915758 0.916728 0.917839 0.919075 0.920396 0.921708 0.92278 0.923052 0.92118 0.913953 0.894501 0.848062 0.761292 0.612747 0.556032 0.735034 0.91184 0.982081 0.996347 0.99938 0.9999 0.999985 0.999998 1 1 1 1 1 1 1 1 1 1 1 1 1 1 1 1 1 1 1 1 1 1 1 1 1 1 1 1 1 1 1 1 1 1 1 1 1 1 1 1 1 1 1 0.999998 0.999985 0.9999 0.99938 0.996347 0.982081 0.91184 0.735034 0.556032 0.612747 0.761292 0.848062 0.894501 0.913953 0.92118 0.923052 0.92278 0.921708 0.920396 0.919075 0.917839 0.916728 0.915758 0.914935 0.914263 0.91374 0.913368 0.913145 
0.788839 0.788996 0.789464 0.790248 0.791348 0.792769 0.794512 0.796578 0.798962 0.801644 0.804573 0.807616 0.810444 0.812227 0.810891 0.801451 0.772477 0.704047 0.578396 0.480132 0.667808 0.868146 0.968755 0.99256 0.998663 0.999756 0.999963 0.999994 0.999999 1 1 1 1 1 1 1 1 1 1 1 1 1 1 1 1 1 1 1 1 1 1 1 1 1 1 1 1 1 1 1 1 1 1 1 1 1 1 1 1 1 1 1 0.999999 0.999994 0.999963 0.999756 0.998663 0.99256 0.968755 0.868146 0.667808 0.480132 0.578396 0.704047 0.772477 0.801451 0.810891 0.812227 0.810444 0.807616 0.804573 0.801644 0.798962 0.796578 0.794512 0.792769 0.791348 0.790248 0.789464 0.788996 
0.582027 0.582216 0.582787 0.583744 0.585098 0.586861 0.589047 0.591674 0.594752 0.598285 0.602243 0.60652 0.6108 0.614226 0.614575 0.606394 0.578184 0.514958 0.439235 0.504011 0.769093 0.937986 0.985025 0.997055 0.999442 0.999909 0.999985 0.999998 1 1 1 1 1 1 1 1 1 1 1 1 1 1 1 1 1 1 1 1 1 1 1 1 1 1 1 1 1 1 1 1 1 1 1 1 1 1 1 1 1 1 1 1 1 0.999998 0.999985 0.999909 0.999442 0.997055 0.985025 0.937986 0.769093 0.504011 0.439235 0.514958 0.578184 0.606394 0.614575 0.614226 0.6108 0.60652 0.602243 0.598285 0.594752 0.591674 0.589047 0.586861 0.585098 0.583744 0.582787 0.582216 
