0.532972 0.532864 0.53254 0.531999 0.531239 0.530258 0.529055 0.527629 0.525979 0.524098 0.521968 0.519525 0.516563 0.512491 0.505696 0.492204 0.464144 0.416865 0.395173 0.54368 0.875467 0.974486 0.995656 0.999342 0.999905 0.999988 0.999999 1 1 1 1 1 1 1 1 1 1 1 1 1 1 1 1 1 1 1 1 1 1 1 1 1 1 1 1 1 1 1 1 1 1 1 1 1 1 1 1 1 1 1 1 1 1 1 0.999999 0.999988 0.999905 0.999342 0.995656 0.974486 0.875467 0.54368 0.395173 0.416865 0.464144 0.492204 0.505696 0.512491 0.516563 0.519525 0.521968 0.524098 0.525979 0.527629 0.529055 0.530258 0.531239 0.531999 0.53254 0.532864 
0.739861 0.739723 0.739309 0.738612 0.737623 0.73633 0.734716 0.732758 0.730427 0.727678 0.724432 0.720528 0.715583 0.708644 0.697307 0.675767 0.63155 0.548803 0.450808 0.511851 0.857544 0.962986 0.994384 0.999004 0.999876 0.999983 0.999998 1 1 1 1 1 1 1 1 1 1 1 1 1 1 1 1 1 1 1 1 1 1 1 1 1 1 1 1 1 1 1 1 1 1 1 1 1 1 1 1 1 1 1 1 1 1 1 0.999998 0.999983 0.999876 0.999004 0.994384 0.962986 0.857544 0.511851 0.450808 0.548803 0.63155 0.675767 0.697307 0.708644 0.715583 0.720528 0.724432 0.727678 0.730427 0.732758 0.734716 0.73633 0.737623 0.738612 0.739309 0.739723 
0.888587 0.888515 0.888298 0.887933 0.887414 0.886733 0.885881 0.884842 0.883596 0.882109 0.880315 0.878074 0.875047 0.870396 0.862017 0.844737 0.806713 0.726606 0.58635 0.484929 0.780029 0.939875 0.989544 0.99824 0.999751 0.999967 0.999996 1 1 1 1 1 1 1 1 1 1 1 1 1 1 1 1 1 1 1 1 1 1 1 1 1 1 1 1 1 1 1 1 1 1 1 1 1 1 1 1 1 1 1 1 1 1 1 0.999996 0.999967 0.999751 0.99824 0.989544 0.939875 0.780029 0.484929 0.58635 0.726606 0.806713 0.844737 0.862017 0.870396 0.875047 0.878074 0.880315 0.882109 0.883596 0.884842 0.885881 0.886733 0.887414 0.887933 0.888298 0.888515 
0.956912 0.956882 0.956793 0.956643 0.956429 0.956148 0.955796 0.955365 0.954843 0.954212 0.95343 0.952404 0.950906 0.948384 0.943451 0.932892 0.908484 0.85783 0.73903 0.628618 0.687445 0.883357 0.980027 0.995876 0.999448 0.999915 0.99999 0.999999 1 1 1 1 1 1 1 1 1 1 1 1 1 1 1 1 1 1 1 1 1 1 1 1 1 1 1 1 1 1 1 1 1 1 1 1 1 1 1 1 1 1 1 1 1 0.999999 0.99999 0.999915 0.999448 0.995876 0.980027 0.883357 0.687445 0.628618 0.73903 0.85783 0.908484 0.932892 0.943451 0.948384 0.950906 0.952404 0.95343 0.954212 0.954843 0.955365 0.955796 0.956148 0.956429 0.956643 0.956793 0.956882 
0.983892 0.983881 0.983847 0.983789 0.983707 0.983599 0.983463 0.983296 0.983092 0.98284 0.982517 0.982067 0.981361 0.980085 0.97751 0.971942 0.959888 0.934451 0.886352 0.822954 0.668367 0.772204 0.933016 0.989882 0.998256 0.999772 0.99997 0.999996 1 1 1 1 1 1 1 1 1 1 1 1 1 1 1 1 1 1 1 1 1 1 1 1 1 1 1 1 1 1 1 1 1 1 1 1 1 1 1 1 1 1 1 1 1 0.999996 0.99997 0.999772 0.998256 0.989882 0.933016 0.772204 0.668367 0.822954 0.886352 0.934451 0.959888 0.971942 0.97751 0.980085 0.981361 0.982067 0.982517 0.98284 0.983092 0.983296 0.983463 0.983599 0.983707 0.983789 0.983847 0.983881 
0.99406 0.994056 0.994043 0.994022 0.993991 0.993951 0.9939 0.993836 0.993758 0.993659 0.993526 0.99333 0.993001 0.99238 0.991108 0.988428 0.982723 0.97153 0.948573 0.916164 0.768414 0.675563 0.883125 0.981457 0.996152 0.999532 0.999926 0.999992 0.999999 1 1 1 1 1 1 1 1 1 1 1 1 1 1 1 1 1 1 1 1 1 1 1 1 1 1 1 1 1 1 1 1 1 1 1 1 1 1 1 1 1 1 1 0.999999 0.999992 0.999926 0.999532 0.996152 0.981457 0.883125 0.675563 0.768414 0.916164 0.948573 0.97153 0.982723 0.988428 0.991108 0.99238 0.993001 0.99333 0.993526 0.993659 0.993758 0.993836 0.9939 0.993951 0.993991 0.994022 0.994043 0.994056 
0.99782 0.997818 0.997813 0.997805 0.997794 0.997779 0.99776 0.997736 0.997706 0.997667 0.997611 0.997525 0.997372 0.997078 0.996481 0.995255 0.992775 0.988196 0.978996 0.970435 0.876584 0.669562 0.805383 0.939033 0.992505 0.998566 0.999846 0.999977 0.999998 1 1 1 1 1 1 1 1 1 1 1 1 1 1 1 1 1 1 1 1 1 1 1 1 1 1 1 1 1 1 1 1 1 1 1 1 1 1 1 1 1 1 1 0.999998 0.999977 0.999846 0.998566 0.992505 0.939033 0.805383 0.669562 0.876584 0.970435 0.978996 0.988196 0.992775 0.995255 0.996481 0.997078 0.997372 0.997525 0.997611 0.997667 0.997706 0.997736 0.99776 0.997779 0.997794 0.997805 0.997813 0.997818 
0.999201 0.999201 0.999199 0.999196 0.999192 0.999186 0.999179 0.99917 0.999158 0.999142 0.999119 0.99908 0.99901 0.998874 0.998601 0.998055 0.996985 0.995026 0.99109 0.985133 0.925366 0.734615 0.734684 0.925787 0.987802 0.997986 0.999722 0.999964 0.999996 1 1 1 1 1 1 1 1 1 1 1 1 1 1 1 1 1 1 1 1 1 1 1 1 1 1 1 1 1 1 1 1 1 1 1 1 1 1 1 1 1 1 1 0.999996 0.999964 0.999722 0.997986 0.987802 0.925787 0.734684 0.734615 0.925366 0.985133 0.99109 0.995026 0.996985 0.998055 0.998601 0.998874 0.99901 0.99908 0.999119 0.999142 0.999158 0.99917 0.999179 0.999186 0.999192 0.999196 0.999199 0.999201 
0.999707 0.999707 0.999707 0.999705 0.999704 0.999702 0.999699 0.999696 0.999691 0.999685 0.999675 0.999657 0.999625 0.999563 0.99944 0.999199 0.998724 0.997858 0.99572 0.991673 0.938884 0.805338 0.669726 0.877573 0.979282 0.995762 0.999436 0.999913 0.99999 0.999999 1 1 1 1 1 1 1 1 1 1 1 1 1 1 1 1 1 1 1 1 1 1 1 1 1 1 1 1 1 1 1 1 1 1 1 1 1 1 1 1 1 0.999999 0.99999 0.999913 0.999436 0.995762 0.979282 0.877573 0.669726 0.805338 0.938884 0.991673 0.99572 0.997858 0.998724 0.999199 0.99944 0.999563 0.999625 0.999657 0.999675 0.999685 0.999691 0.999696 0.999699 0.999702 0.999704 0.999705 0.999707 0.999707 
0.999893 0.999893 0.999893 0.999892 0.999892 0.999891 0.99989 0.999888 0.999887 0.999884 0.99988 0.999872 0.999858 0.99983 0.999776 0.999671 0.999478 0.999104 0.998452 0.995896 0.981398 0.883051 0.675237 0.770793 0.93277 0.989849 0.998252 0.999771 0.99997 0.999996 1 1 1 1 1 1 1 1 1 1 1 1 1 1 1 1 1 1 1 1 1 1 1 1 1 1 1 1 1 1 1 1 1 1 1 1 1 1 1 1 1 0.999996 0.99997 0.999771 0.998252 0.989849 0.93277 0.770793 0.675237 0.883051 0.981398 0.995896 0.998452 0.999104 0.999478 0.999671 0.999776 0.99983 0.999858 0.999872 0.99988 0.999884 0.999887 0.999888 0.99989 0.999891 0.999892 0.999892 0.999893 0.999893 
0.999961 0.999961 0.999961 0.999961 0.99996 0.99996 0.99996 0.999959 0.999958 0.999957 0.999955 0.999952 0.999946 0.999933 0.99991 0.999867 0.999787 0.999644 0.999358 0.998166 0.989831 0.932767 0.770793 0.675238 0.883059 0.981447 0.996151 0.999532 0.999926 0.999992 0.999999 1 1 1 1 1 1 1 1 1 1 1 1 1 1 1 1 1 1 1 1 1 1 1 1 1 1 1 1 1 1 1 1 1 1 1 1 1 1 1 0.999999 0.999992 0.999926 0.999532 0.996151 0.981447 0.883059 0.675238 0.770793 0.932767 0.989831 0.998166 0.999358 0.999644 0.999787 0.999867 0.99991 0.999933 0.999946 0.999952 0.999955 0.999957 0.999958 0.999959 0.99996 0.99996 0.99996 0.999961 0.999961 0.999961 
0.999986 0.999986 0.999986 0.999986 0.999985 0.999985 0.999985 0.999985 0.999985 0.999984 0.999983 0.999982 0.999979 0.999974 0.999964 0.999947 0.999916 0.999865 0.99976 0.999378 0.995754 0.97928 0.877572 0.669724 0.805361 0.939029 0.992505 0.998566 0.999846 0.999977 0.999998 1 1 1 1 1 1 1 1 1 1 1 1 1 1 1 1 1 1 1 1 1 1 1 1 1 1 1 1 1 1 1 1 1 1 1 1 1 1 1 0.999998 0.999977 0.999846 0.998566 0.992505 0.939029 0.805361 0.669724 0.877572 0.97928 0.995754 0.999378 0.99976 0.999865 0.999916 0.999947 0.999964 0.999974 0.999979 0.999982 0.999983 0.999984 0.999985 0.999985 0.999985 0.999985 0.999985 0.999986 0.999986 0.999986 
0.999995 0.999995 0.999995 0.999995 0.999995 0.999995 0.999995 0.999994 0.999994 0.999994 0.999994 0.999993 0.999992 0.99999 0.999986 0.999979 0.999967 0.999947 0.999906 0.999699 0.997983 0.987801 0.925786 0.734676 0.734676 0.925786 0.987802 0.997986 0.999722 0.999964 0.999996 1 1 1 1 1 1 1 1 1 1 1 1 1 1 1 1 1 1 1 1 1 1 1 1 1 1 1 1 1 1 1 1 1 1 1 1 1 1 1 0.999996 0.999964 0.999722 0.997986 0.987802 0.925786 0.734676 0.734676 0.925786 0.987801 0.997983 0.999699 0.999906 0.999947 0.999967 0.999979 0.999986 0.99999 0.999992 0.999993 0.999994 0.999994 0.999994 0.999994 0.999995 0.999995 0.999995 0.999995 0.999995 0.999995 
0.999998 0.999998 0.999998 0.999998 0.999998 0.999998 0.999998 0.999998 0.999998 0.999998 0.999998 0.999997 0.999997 0.999996 0.999994 0.999992 0.999987 0.999979 0.999955 0.999836 0.998564 0.992504 0.939029 0.805361 0.669724 0.877572 0.979282 0.995762 0.999436 0.999913 0.99999 0.999999 1 1 1 1 1 1 1 1 1 1 1 1 1 1 1 1 1 1 1 1 1 1 1 1 1 1 1 1 1 1 1 1 1 1 1 1 1 0.999999 0.99999 0.999913 0.999436 0.995762 0.979282 0.877572 0.669724 0.805361 0.939029 0.992504 0.998564 0.999836 0.999955 0.999979 0.999987 0.999992 0.999994 0.999996 0.999997 0.999997 0.999998 0.999998 0.999998 0.999998 0.999998 0.999998 0.999998 0.999998 0.999998 0.999998 
0.999999 0.999999 0.999999 0.999999 0.999999 0.999999 0.999999 0.999999 0.999999 0.999999 0.999999 0.999999 0.999999 0.999998 0.999998 0.999997 0.999995 0.999992 0.999984 0.999922 0.999531 0.996151 0.981447 0.883059 0.675238 0.770793 0.93277 0.989849 0.998252 0.999771 0.99997 0.999996 1 1 1 1 1 1 1 1 1 1 1 1 1 1 1 1 1 1 1 1 1 1 1 1 1 1 1 1 1 1 1 1 1 1 1 1 1 0.999996 0.99997 0.999771 0.998252 0.989849 0.93277 0.770793 0.675238 0.883059 0.981447 0.996151 0.999531 0.999922 0.999984 0.999992 0.999995 0.999997 0.999998 0.999998 0.999999 0.999999 0.999999 0.999999 0.999999 0.999999 0.999999 0.999999 0.999999 0.999999 0.999999 0.999999 
1 1 1 1 1 1 1 1 1 1 1 1 1 0.999999 0.999999 0.999999 0.999998 0.999997 0.999993 0.999968 0.999771 0.998252 0.989849 0.93277 0.770793 0.675238 0.883059 0.981447 0.996151 0.999532 0.999926 0.999992 0.999999 1 1 1 1 1 1 1 1 1 1 1 1 1 1 1 1 1 1 1 1 1 1 1 1 1 1 1 1 1 1 1 1 1 1 1 0.999999 0.999992 0.999926 0.999532 0.996151 0.981447 0.883059 0.675238 0.770793 0.93277 0.989849 0.998252 0.999771 0.999968 0.999993 0.999997 0.999998 0.999999 0.999999 0.999999 1 1 1 1 1 1 1 1 1 1 1 1 
1 1 1 1 1 1 1 1 1 1 1 1 1 1 1 1 0.999999 0.999999 0.999998 0.999989 0.999913 0.999436 0.995762 0.979282 0.877572 0.669724 0.805361 0.939029 0.992505 0.998566 0.999846 0.999977 0.999998 1 1 1 1 1 1 1 1 1 1 1 1 1 1 1 1 1 1 1 1 1 1 1 1 1 1 1 1 1 1 1 1 1 1 1 0.999998 0.999977 0.999846 0.998566 0.992505 0.939029 0.805361 0.669724 0.877572 0.979282 0.995762 0.999436 0.999913 0.999989 0.999998 0.999999 0.999999 1 1 1 1 1 1 1 1 1 1 1 1 1 1 1 
1 1 1 1 1 1 1 1 1 1 1 1 1 1 1 1 1 1 0.999999 0.999995 0.999964 0.999722 0.997986 0.987802 0.925786 0.734676 0.734676 0.925786 0.987802 0.997986 0.999722 0.999964 0.999996 1 1 1 1 1 1 1 1 1 1 1 1 1 1 1 1 1 1 1 1 1 1 1 1 1 1 1 1 1 1 1 1 1 1 1 0.999996 0.999964 0.999722 0.997986 0.987802 0.925786 0.734676 0.734676 0.925786 0.987802 0.997986 0.999722 0.999964 0.999995 0.999999 1 1 1 1 1 1 1 1 1 1 1 1 1 1 1 1 1 
1 1 1 1 1 1 1 1 1 1 1 1 1 1 1 1 1 1 1 0.999998 0.999977 0.999846 0.998566 0.992505 0.939029 0.805361 0.669724 0.877572 0.979282 0.995762 0.999436 0.999913 0.99999 0.999999 1 1 1 1 1 1 1 1 1 1 1 1 1 1 1 1 1 1 1 1 1 1 1 1 1 1 1 1 1 1 1 1 1 0.999999 0.99999 0.999913 0.999436 0.995762 0.979282 0.877572 0.669724 0.805361 0.939029 0.992505 0.998566 0.999846 0.999977 0.999998 1 1 1 1 1 1 1 1 1 1 1 1 1 1 1 1 1 1 
1 1 1 1 1 1 1 1 1 1 1 1 1 1 1 1 1 1 1 0.999999 0.999992 0.999926 0.999532 0.996151 0.981447 0.883059 0.675238 0.770793 0.93277 0.989849 0.998252 0.999771 0.99997 0.999996 1 1 1 1 1 1 1 1 1 1 1 1 1 1 1 1 1 1 1 1 1 1 1 1 1 1 1 1 1 1 1 1 1 0.999996 0.99997 0.999771 0.998252 0.989849 0.93277 0.770793 0.675238 0.883059 0.981447 0.996151 0.999532 0.999926 0.999992 0.999999 1 1 1 1 1 1 1 1 1 1 1 1 1 1 1 1 1 1 
1 1 1 1 1 1 1 1 1 1 1 1 1 1 1 1 1 1 1 1 0.999996 0.99997 0.999771 0.998252 0.989849 0.93277 0.770793 0.675238 0.883059 0.981447 0.996151 0.999532 0.999926 0.999992 0.999999 1 1 1 1 1 1 1 1 1 1 1 1 1 1 1 1 1 1 1 1 1 1 1 1 1 1 1 1 1 1 1 0.999999 0.999992 0.999926 0.999532 0.996151 0.981447 0.883059 0.675238 0.770793 0.93277 0.989849 0.998252 0.999771 0.99997 0.999996 1 1 1 1 1 1 1 1 1 1 1 1 1 1 1 1 1 1 1 
1 1 1 1 1 1 1 1 1 1 1 1 1 1 1 1 1 1 1 1 0.999999 0.99999 0.999913 0.999436 0.995762 0.979282 0.877572 0.669724 0.805361 0.939029 0.992505 0.998566 0.999846 0.999977 0.999998 1 1 1 1 1 1 1 1 1 1 1 1 1 1 1 1 1 1 1 1 1 1 1 1 1 1 1 1 1 1 1 0.999998 0.999977 0.999846 0.998566 0.992505 0.939029 0.805361 0.669724 0.877572 0.979282 0.995762 0.999436 0.999913 0.99999 0.999999 1 1 1 1 1 1 1 1 1 1 1 1 1 1 1 1 1 1 1 
1 1 1 1 1 1 1 1 1 1 1 1 1 1 1 1 1 1 1 1 1 0.999996 0.999964 0.999722 0.997986 0.987802 0.925786 0.734676 0.734676 0.925786 0.987802 0.997986 0.999722 0.999964 0.999996 1 1 1 1 1 1 1 1 1 1 1 1 1 1 1 1 1 1 1 1 1 1 1 1 1 1 1 1 1 1 1 0.999996 0.999964 0.999722 0.997986 0.987802 0.925786 0.734676 0.734676 0.925786 0.987802 0.997986 0.999722 0.999964 0.999996 1 1 1 1 1 1 1 1 1 1 1 1 1 1 1 1 1 1 1 1 
1 1 1 1 1 1 1 1 1 1 1 1 1 1 1 1 1 1 1 1 1 0.999998 0.999977 0.999846 0.998566 0.992505 0.939029 0.805361 0.669724 0.877572 0.979282 0.995762 0.999436 0.999913 0.99999 0.999999 1 1 1 1 1 1 1 1 1 1 1 1 1 1 1 1 1 1 1 1 1 1 1 1 1 1 1 1 1 0.999999 0.99999 0.999913 0.999436 0.995762 0.979282 0.877572 0.669724 0.805361 0.939029 0.992505 0.998566 0.999846 0.999977 0.999998 1 1 1 1 1 1 1 1 1 1 1 1 1 1 1 1 1 1 1 1 
1 1 1 1 1 1 1 1 1 1 1 1 1 1 1 1 1 1 1 1 1 0.999999 0.999992 0.999926 0.999532 0.996151 0.981447 0.883059 0.675238 0.770793 0.932771 0.98985 0.998253 0.999771 0.99997 0.999996 1 1 1 1 1 1 1 1 1 1 1 1 1 1 1 1 1 1 1 1 1 1 1 1 1 1 1 1 1 0.999996 0.99997 0.999771 0.998253 0.98985 0.932771 0.770793 0.675238 0.883059 0.981447 0.996151 0.999532 0.999926 0.999992 0.999999 1 1 1 1 1 1 1 1 1 1 1 1 1 1 1 1 1 1 1 1 
1 1 1 1 1 1 1 1 1 1 1 1 1 1 1 1 1 1 1 1 1 1 0.999996 0.99997 0.999771 0.998252 0.989849 0.93277 0.770793 0.675238 0.883062 0.98146 0.996154 0.999533 0.999926 0.999992 0.999999 1 1 1 1 1 1 1 1 1 1 1 1 1 1 1 1 1 1 1 1 1 1 1 1 1 1 1 0.999999 0.999992 0.999926 0.999533 0.996154 0.98146 0.883062 0.675238 0.770793 0.93277 0.989849 0.998252 0.999771 0.99997 0.999996 1 1 1 1 1 1 1 1 1 1 1 1 1 1 1 1 1 1 1 1 1 
1 1 1 1 1 1 1 1 1 1 1 1 1 1 1 1 1 1 1 1 1 1 0.999999 0.99999 0.999913 0.999436 0.995762 0.979282 0.87757 0.669719 0.805395 0.939094 0.992543 0.998573 0.999848 0.999978 0.999998 1 1 1 1 1 1 1 1 1 1 1 1 1 1 1 1 1 1 1 1 1 1 1 1 1 1 1 0.999998 0.999978 0.999848 0.998573 0.992543 0.939094 0.805395 0.669719 0.87757 0.979282 0.995762 0.999436 0.999913 0.99999 0.999999 1 1 1 1 1 1 1 1 1 1 1 1 1 1 1 1 1 1 1 1 1 
1 1 1 1 1 1 1 1 1 1 1 1 1 1 1 1 1 1 1 1 1 1 0.999999 0.999995 0.999964 0.999722 0.997986 0.987799 0.925775 0.734618 0.734825 0.926636 0.987994 0.998062 0.999733 0.999966 0.999996 1 1 1 1 1 1 1 1 1 1 1 1 1 1 1 1 1 1 1 1 1 1 1 1 1 1 1 0.999996 0.999966 0.999733 0.998062 0.987994 0.926636 0.734825 0.734618 0.925775 0.987799 0.997986 0.999722 0.999964 0.999995 0.999999 1 1 1 1 1 1 1 1 1 1 1 1 1 1 1 1 1 1 1 1 1 
1 1 1 1 1 1 1 1 1 1 1 1 1 1 1 1 1 1 1 1 1 1 0.999999 0.999997 0.999977 0.999846 0.998563 0.992493 0.938941 0.805093 0.670963 0.880609 0.981131 0.996075 0.999524 0.999924 0.999992 0.999999 1 1 1 1 1 1 1 1 1 1 1 1 1 1 1 1 1 1 1 1 1 1 1 1 1 0.999999 0.999992 0.999924 0.999524 0.996075 0.981131 0.880609 0.670963 0.805093 0.938941 0.992493 0.998563 0.999845 0.999976 0.999997 0.999999 1 1 1 1 1 1 1 1 1 1 1 1 1 1 1 1 1 1 1 1 1 
1 1 1 1 1 1 1 1 1 1 1 1 1 1 1 1 1 1 1 1 1 1 0.999999 0.999998 0.99999 0.999922 0.999523 0.996075 0.981131 0.880609 0.670963 0.805093 0.93894 0.992493 0.998563 0.999846 0.999977 0.999998 1 1 1 1 1 1 1 1 1 1 1 1 1 1 1 1 1 1 1 1 1 1 1 1 1 0.999998 0.999977 0.999846 0.998563 0.992493 0.93894 0.805093 0.670963 0.880609 0.981131 0.996074 0.999523 0.999921 0.999989 0.999997 0.999999 1 1 1 1 1 1 1 1 1 1 1 1 1 1 1 1 1 1 1 1 1 
1 1 1 1 1 1 1 1 1 1 1 1 1 1 1 1 1 1 1 1 1 1 0.999999 0.999997 0.999991 0.999959 0.999727 0.998058 0.987992 0.926636 0.734825 0.734618 0.925772 0.987786 0.997983 0.999721 0.999964 0.999996 1 1 1 1 1 1 1 1 1 1 1 1 1 1 1 1 1 1 1 1 1 1 1 1 1 0.999996 0.999964 0.999721 0.997983 0.987786 0.925772 0.734618 0.734824 0.926635 0.987992 0.998056 0.999723 0.999956 0.99999 0.999997 0.999999 1 1 1 1 1 1 1 1 1 1 1 1 1 1 1 1 1 1 1 1 1 
1 1 1 1 1 1 1 1 1 1 1 1 1 1 1 1 1 1 1 1 1 0.999999 0.999999 0.999996 0.999989 0.999958 0.999819 0.998559 0.992532 0.939089 0.805393 0.669715 0.877534 0.979215 0.995723 0.999428 0.999911 0.99999 0.999999 1 1 1 1 1 1 1 1 1 1 1 1 1 1 1 1 1 1 1 1 1 1 1 0.999999 0.99999 0.999911 0.999428 0.995723 0.979215 0.877534 0.669716 0.805391 0.939086 0.992525 0.998554 0.999809 0.999953 0.999987 0.999996 0.999998 0.999999 1 1 1 1 1 1 1 1 1 1 1 1 1 1 1 1 1 1 1 1 
1 1 1 1 1 1 1 1 1 1 1 1 1 1 1 1 1 1 1 1 1 0.999999 0.999998 0.999994 0.999985 0.999957 0.999847 0.999422 0.996103 0.98141 0.883048 0.675277 0.77064 0.931918 0.989658 0.998177 0.999761 0.999967 0.999996 1 1 1 1 1 1 1 1 1 1 1 1 1 1 1 1 1 1 1 1 1 1 1 0.999996 0.999967 0.999761 0.998177 0.989658 0.93192 0.770642 0.675273 0.883035 0.981385 0.99608 0.999379 0.99983 0.99995 0.999982 0.999994 0.999998 0.999999 1 1 1 1 1 1 1 1 1 1 1 1 1 1 1 1 1 1 1 1 
1 1 1 1 1 1 1 1 1 1 1 1 1 1 1 1 1 1 1 1 1 0.999999 0.999997 0.999992 0.999978 0.99994 0.999831 0.999464 0.997906 0.989632 0.93263 0.770968 0.674026 0.880042 0.979611 0.99584 0.999444 0.999915 0.99999 0.999998 1 1 1 1 1 1 1 1 1 1 1 1 1 1 1 1 1 1 1 1 1 0.999998 0.99999 0.999915 0.999444 0.995841 0.979615 0.880053 0.674039 0.77094 0.932548 0.989535 0.997701 0.9994 0.999806 0.999932 0.999975 0.999991 0.999996 0.999999 0.999999 1 1 1 1 1 1 1 1 1 1 1 1 1 1 1 1 1 1 1 
1 1 1 1 1 1 1 1 1 1 1 1 1 1 1 1 1 1 1 1 0.999999 0.999998 0.999995 0.999988 0.999968 0.999917 0.999778 0.999386 0.998251 0.994039 0.978515 0.879138 0.673701 0.771283 0.932946 0.989886 0.998257 0.99977 0.999968 0.999994 0.999997 0.999997 0.999997 0.999997 0.999997 0.999997 0.999997 0.999997 0.999997 0.999997 0.999997 0.999997 0.999997 0.999997 0.999997 0.999997 0.999997 0.999997 0.999997 0.999997 0.999997 0.999994 0.999968 0.99977 0.998258 0.989892 0.93297 0.771352 0.6736 0.878926 0.978068 0.993346 0.998046 0.9993 0.999749 0.999906 0.999964 0.999986 0.999995 0.999998 0.999999 1 1 1 1 1 1 1 1 1 1 1 1 1 1 1 1 1 1 1 
1 1 1 1 1 1 1 1 1 1 1 1 1 1 1 1 1 1 1 0.999999 0.999999 0.999997 0.999993 0.999982 0.999955 0.999882 0.99969 0.999172 0.997767 0.993614 0.981506 0.928178 0.767653 0.67661 0.883916 0.981601 0.996172 0.999517 0.999903 0.999968 0.999974 0.999975 0.999975 0.999975 0.999975 0.999975 0.999975 0.999975 0.999975 0.999975 0.999975 0.999975 0.999975 0.999975 0.999975 0.999975 0.999975 0.999975 0.999975 0.999975 0.999974 0.999968 0.999903 0.999518 0.99618 0.981639 0.884073 0.677052 0.766892 0.927207 0.979597 0.993021 0.997509 0.999083 0.999655 0.999869 0.99995 0.99998 0.999992 0.999997 0.999999 0.999999 1 1 1 1 1 1 1 1 1 1 1 1 1 1 1 1 1 1 
1 1 1 1 1 1 1 1 1 1 1 1 1 1 1 1 1 1 1 0.999999 0.999998 0.999996 0.99999 0.999974 0.999935 0.999833 0.999569 0.998878 0.997058 0.992253 0.979502 0.946323 0.859938 0.65849 0.809102 0.940198 0.99257 0.998451 0.999682 0.999796 0.999813 0.999813 0.999814 0.999814 0.999814 0.999814 0.999814 0.999814 0.999814 0.999814 0.999814 0.999814 0.999814 0.999814 0.999814 0.999814 0.999814 0.999814 0.999814 0.999813 0.999812 0.999796 0.99968 0.998456 0.992606 0.940412 0.809848 0.655982 0.854499 0.941807 0.977878 0.99154 0.996797 0.998776 0.99953 0.999818 0.999929 0.999972 0.999989 0.999995 0.999998 0.999999 0.999999 1 1 1 1 1 1 1 1 1 1 1 1 1 1 1 1 1 
0.999999 0.999999 0.999999 0.999999 0.999999 0.999999 0.999999 0.999999 0.999999 0.999999 0.999999 0.999999 0.999999 0.999999 0.999999 0.999999 0.999999 0.999999 0.999999 0.999998 0.999997 0.999993 0.999984 0.999961 0.999904 0.999761 0.999395 0.998447 0.995959 0.989487 0.972036 0.929992 0.813446 0.662939 0.764481 0.930329 0.988044 0.996917 0.998281 0.998402 0.9984 0.998396 0.998395 0.998395 0.998395 0.998395 0.998395 0.998395 0.998395 0.998395 0.998395 0.998395 0.998395 0.998395 0.998395 0.998395 0.998395 0.998395 0.998395 0.998396 0.998398 0.998396 0.998264 0.996913 0.988227 0.931146 0.76738 0.645638 0.801078 0.925048 0.969925 0.988705 0.995648 0.998326 0.999346 0.999741 0.999896 0.999958 0.999982 0.999992 0.999997 0.999998 0.999999 0.999999 0.999999 0.999999 0.999999 0.999999 0.999999 0.999999 0.999999 0.999999 0.999999 0.999999 0.999999 0.999999 0.999999 0.999999 0.999999 0.999999 
0.999998 0.999998 0.999998 0.999998 0.999998 0.999998 0.999998 0.999998 0.999998 0.999998 0.999998 0.999998 0.999998 0.999998 0.999998 0.999998 0.999998 0.999998 0.999998 0.999997 0.999994 0.999988 0.999974 0.999939 0.999855 0.999648 0.999134 0.997831 0.994483 0.985739 0.962794 0.903307 0.761877 0.536252 0.730326 0.899368 0.976663 0.989047 0.991162 0.990853 0.990711 0.990672 0.990664 0.990662 0.990662 0.990662 0.990662 0.990662 0.990662 0.990662 0.990662 0.990662 0.990662 0.990662 0.990662 0.990662 0.990662 0.990662 0.990663 0.990669 0.9907 0.990803 0.991046 0.989017 0.977068 0.901596 0.732956 0.527001 0.752678 0.898161 0.960638 0.984823 0.994106 0.997671 0.999065 0.999619 0.999842 0.999933 0.999971 0.999987 0.999994 0.999997 0.999998 0.999998 0.999998 0.999998 0.999998 0.999998 0.999998 0.999998 0.999998 0.999998 0.999998 0.999998 0.999998 0.999998 0.999998 0.999998 0.999998 0.999998 
0.999993 0.999993 0.999994 0.999994 0.999994 0.999994 0.999994 0.999994 0.999994 0.999994 0.999995 0.999995 0.999995 0.999995 0.999995 0.999995 0.999996 0.999995 0.999995 0.999993 0.999989 0.999979 0.999955 0.999899 0.999767 0.999454 0.998704 0.996886 0.992421 0.981334 0.953699 0.886433 0.738827 0.516145 0.530724 0.776806 0.904446 0.941472 0.936862 0.933349 0.932232 0.931975 0.931929 0.931921 0.93192 0.93192 0.93192 0.93192 0.93192 0.93192 0.93192 0.93192 0.93192 0.93192 0.93192 0.93192 0.93192 0.931921 0.931926 0.931962 0.932156 0.933063 0.935786 0.940292 0.905648 0.777291 0.533818 0.507747 0.729134 0.88089 0.951025 0.980121 0.991875 0.99664 0.998593 0.999403 0.999744 0.999888 0.99995 0.999976 0.999988 0.999993 0.999994 0.999995 0.999995 0.999995 0.999995 0.999995 0.999995 0.999995 0.999994 0.999994 0.999994 0.999994 0.999994 0.999994 0.999994 0.999994 0.999993 0.999993 
0.999982 0.999982 0.999982 0.999982 0.999983 0.999983 0.999983 0.999984 0.999984 0.999985 0.999985 0.999986 0.999986 0.999987 0.999987 0.999988 0.999988 0.999988 0.999987 0.999984 0.999977 0.999959 0.999917 0.99982 0.999598 0.999087 0.997903 0.995153 0.98874 0.973763 0.939106 0.861838 0.708424 0.492808 0.424242 0.544239 0.723409 0.791522 0.78441 0.769855 0.765132 0.764161 0.763978 0.763949 0.763944 0.763944 0.763943 0.763943 0.763943 0.763943 0.763943 0.763943 0.763943 0.763943 0.763943 0.763944 0.763944 0.763947 0.763969 0.764106 0.764868 0.768527 0.781398 0.788929 0.729695 0.544234 0.424073 0.482211 0.696338 0.854085 0.935049 0.971784 0.987804 0.994715 0.997699 0.998992 0.999555 0.9998 0.999908 0.999954 0.999975 0.999983 0.999986 0.999988 0.999988 0.999987 0.999987 0.999987 0.999986 0.999985 0.999985 0.999984 0.999984 0.999984 0.999983 0.999983 0.999983 0.999982 0.999982 0.999982 
0.999951 0.999951 0.999952 0.999952 0.999953 0.999954 0.999955 0.999956 0.999957 0.999958 0.99996 0.999961 0.999963 0.999964 0.999965 0.999967 0.999968 0.999968 0.999967 0.999962 0.999949 0.999916 0.999841 0.999667 0.99927 0.998369 0.996329 0.99172 0.981359 0.95835 0.908717 0.808991 0.64031 0.454415 0.398939 0.439216 0.477432 0.511903 0.636615 0.735928 0.758408 0.763053 0.763787 0.763919 0.763939 0.763943 0.763943 0.763943 0.763943 0.763943 0.763943 0.763943 0.763943 0.763943 0.763943 0.763943 0.763941 0.763927 0.763835 0.76327 0.759768 0.741612 0.658892 0.521713 0.481709 0.444437 0.402806 0.44579 0.624417 0.796719 0.901623 0.954703 0.979577 0.99087 0.995929 0.998182 0.999183 0.999627 0.999822 0.999908 0.999945 0.99996 0.999966 0.999967 0.999967 0.999966 0.999965 0.999963 0.999962 0.99996 0.999959 0.999958 0.999956 0.999955 0.999954 0.999953 0.999952 0.999952 0.999951 0.999951 
0.999866 0.999867 0.999868 0.999869 0.999871 0.999874 0.999876 0.999879 0.999883 0.999886 0.99989 0.999894 0.999898 0.999902 0.999906 0.999909 0.999913 0.999915 0.999914 0.999906 0.999883 0.999824 0.999684 0.999362 0.998627 0.996966 0.993236 0.984927 0.966669 0.92762 0.849088 0.711271 0.538531 0.462418 0.53431 0.616364 0.668247 0.724429 0.801419 0.883613 0.922316 0.929874 0.931482 0.931824 0.931903 0.931917 0.931919 0.93192 0.93192 0.93192 0.93192 0.93192 0.93192 0.93192 0.931919 0.931918 0.931909 0.931859 0.931608 0.930432 0.924751 0.895392 0.814702 0.736295 0.678576 0.628381 0.548032 0.467739 0.524361 0.69324 0.836603 0.920695 0.96317 0.983232 0.992433 0.99659 0.998453 0.999282 0.999648 0.999807 0.999875 0.999902 0.999911 0.999913 0.999911 0.999908 0.999904 0.9999 0.999896 0.999892 0.999888 0.999884 0.999881 0.999877 0.999874 0.999872 0.99987 0.999868 0.999867 0.999866 
0.999634 0.999636 0.999639 0.999643 0.999648 0.999655 0.999662 0.999671 0.99968 0.999689 0.9997 0.99971 0.999721 0.999732 0.999743 0.999753 0.999763 0.99977 0.999772 0.999762 0.999722 0.999616 0.999358 0.998755 0.997373 0.994247 0.987251 0.971821 0.938628 0.871026 0.748553 0.582831 0.4899 0.579749 0.713343 0.798855 0.845812 0.882126 0.923756 0.956337 0.975727 0.98478 0.989004 0.99035 0.990594 0.990651 0.99066 0.990662 0.990662 0.990662 0.990662 0.990662 0.990662 0.990662 0.990661 0.990656 0.990623 0.990454 0.989648 0.985986 0.97812 0.960474 0.929904 0.888719 0.852745 0.808304 0.727724 0.596883 0.492705 0.564533 0.729132 0.858439 0.931844 0.968451 0.985638 0.993491 0.997023 0.998594 0.999285 0.999583 0.999707 0.999754 0.999767 0.999766 0.999759 0.999749 0.999738 0.999726 0.999715 0.999704 0.999693 0.999683 0.999674 0.999665 0.999657 0.99965 0.999644 0.99964 0.999636 0.999635 
0.999002 0.999005 0.999013 0.999024 0.999039 0.999057 0.999077 0.9991 0.999125 0.999152 0.99918 0.999208 0.999238 0.999268 0.999297 0.999327 0.999355 0.999379 0.999393 0.999385 0.999322 0.999134 0.99866 0.997534 0.994932 0.98903 0.975872 0.947249 0.887953 0.777053 0.615586 0.49937 0.572936 0.728545 0.842733 0.903282 0.933554 0.952763 0.968908 0.982217 0.990401 0.994613 0.996737 0.997785 0.998268 0.998369 0.99839 0.998394 0.998395 0.998395 0.998395 0.998395 0.998395 0.998394 0.998392 0.998378 0.998319 0.99798 0.997067 0.995185 0.991383 0.984005 0.97128 0.955591 0.937154 0.909007 0.853037 0.745768 0.591777 0.497707 0.593709 0.756713 0.875462 0.940689 0.972669 0.98752 0.994235 0.997216 0.998517 0.999069 0.999291 0.999368 0.999382 0.999369 0.999344 0.999315 0.999284 0.999253 0.999222 0.999192 0.999163 0.999135 0.999109 0.999085 0.999063 0.999044 0.999028 0.999016 0.999007 0.999002 
0.997276 0.997285 0.997306 0.997337 0.997377 0.997426 0.997483 0.997546 0.997614 0.997686 0.997762 0.99784 0.99792 0.998001 0.998084 0.998166 0.998245 0.998317 0.998372 0.998385 0.998298 0.997979 0.997125 0.995043 0.990179 0.979117 0.954655 0.902953 0.803177 0.647545 0.509825 0.552071 0.711626 0.843245 0.917735 0.954052 0.971386 0.980992 0.987889 0.992891 0.996136 0.997964 0.998936 0.99942 0.999653 0.999757 0.999795 0.999808 0.999812 0.999813 0.999813 0.999813 0.999813 0.99981 0.999801 0.999772 0.999692 0.999495 0.99908 0.998206 0.996547 0.993542 0.988818 0.982213 0.973172 0.95724 0.924081 0.855669 0.731938 0.571344 0.502358 0.622529 0.782376 0.890781 0.948431 0.976141 0.988804 0.994421 0.996847 0.997854 0.998237 0.998349 0.998345 0.99829 0.998216 0.998133 0.998048 0.997962 0.997878 0.997796 0.997717 0.997641 0.99757 0.997504 0.997444 0.997392 0.997348 0.997314 0.99729 0.997277 
0.992583 0.992609 0.992665 0.99275 0.99286 0.992993 0.993147 0.993318 0.993503 0.9937 0.993905 0.994117 0.994335 0.994556 0.99478 0.995004 0.995226 0.995435 0.995613 0.995715 0.995637 0.995133 0.993637 0.989856 0.980891 0.960498 0.916241 0.827929 0.680886 0.526787 0.53009 0.684382 0.828232 0.914361 0.957711 0.977945 0.987341 0.992155 0.995112 0.997123 0.998405 0.999155 0.999567 0.999781 0.999888 0.999936 0.999959 0.999969 0.999973 0.999974 0.999975 0.999975 0.999974 0.999971 0.999963 0.999944 0.999904 0.999813 0.999624 0.999253 0.998565 0.997379 0.995482 0.992693 0.988232 0.979677 0.961375 0.922122 0.843422 0.707856 0.548219 0.512609 0.653284 0.807177 0.904655 0.954762 0.978224 0.988658 0.993108 0.994895 0.995518 0.99564 0.995548 0.995366 0.995148 0.994917 0.994683 0.99445 0.994221 0.993998 0.993783 0.993577 0.993383 0.993203 0.993041 0.992899 0.99278 0.992687 0.992622 0.992587 
0.979918 0.979989 0.98014 0.980367 0.980664 0.981024 0.981438 0.981899 0.982397 0.982925 0.983478 0.984049 0.984635 0.985232 0.985836 0.986445 0.987051 0.987638 0.988173 0.988574 0.988652 0.987962 0.985469 0.978795 0.962672 0.926166 0.850164 0.715012 0.55132 0.511758 0.652487 0.806547 0.904067 0.954445 0.978327 0.989232 0.994216 0.996641 0.997991 0.998822 0.99934 0.999647 0.999819 0.999911 0.999957 0.999979 0.999989 0.999993 0.999996 0.999997 0.999997 0.999997 0.999996 0.999994 0.99999 0.999982 0.999963 0.999923 0.999842 0.999686 0.999404 0.998923 0.998146 0.99689 0.99467 0.990169 0.980383 0.958995 0.913739 0.825058 0.679046 0.526531 0.53011 0.685641 0.830123 0.915552 0.95764 0.976545 0.984488 0.987522 0.988423 0.988411 0.988015 0.987461 0.986846 0.986211 0.985575 0.984946 0.98433 0.98373 0.98315 0.982596 0.982073 0.981589 0.981152 0.980769 0.980449 0.980198 0.980024 0.97993 
0.946555 0.94674 0.947134 0.947726 0.9485 0.949438 0.950518 0.951718 0.953018 0.954398 0.955841 0.957334 0.958866 0.96043 0.962019 0.963625 0.965236 0.966824 0.968329 0.969609 0.970333 0.969714 0.96591 0.954698 0.9269 0.86512 0.746505 0.582032 0.500256 0.61727 0.779751 0.88979 0.948041 0.97601 0.988856 0.99465 0.997271 0.998507 0.999145 0.999508 0.999724 0.99985 0.999922 0.999961 0.999981 0.999991 0.999996 0.999998 0.999999 0.999999 0.999999 0.999999 0.999999 0.999998 0.999996 0.999993 0.999984 0.999967 0.999932 0.999866 0.999749 0.99955 0.999213 0.998627 0.997508 0.995159 0.989998 0.978596 0.953799 0.901908 0.802189 0.646513 0.508779 0.554376 0.716781 0.84684 0.917851 0.950646 0.964167 0.968932 0.969897 0.969255 0.967946 0.966373 0.964705 0.963015 0.961336 0.959685 0.95807 0.9565 0.954985 0.953538 0.952174 0.950911 0.94977 0.948772 0.947938 0.947285 0.946831 0.946586 
0.863668 0.864107 0.865045 0.866455 0.868303 0.870547 0.873137 0.876024 0.879159 0.882499 0.886004 0.889645 0.893398 0.897245 0.901173 0.905169 0.909211 0.913251 0.917188 0.920785 0.923486 0.923973 0.919146 0.901945 0.85783 0.763587 0.61225 0.497059 0.57878 0.746846 0.871271 0.939178 0.972148 0.987355 0.99422 0.997293 0.998674 0.999311 0.999623 0.999789 0.999883 0.999936 0.999966 0.999983 0.999992 0.999996 0.999998 0.999999 1 1 1 1 1 0.999999 0.999998 0.999997 0.999993 0.999985 0.99997 0.999943 0.999893 0.999807 0.999655 0.999371 0.998799 0.997571 0.994855 0.988813 0.97547 0.946551 0.88656 0.773891 0.609688 0.49645 0.58046 0.736315 0.842977 0.895189 0.916285 0.92268 0.922686 0.920022 0.916285 0.912148 0.9079 0.903662 0.899492 0.895415 0.89145 0.887613 0.883926 0.880417 0.877122 0.874082 0.871343 0.868953 0.86696 0.865405 0.864324 0.863741 
0.694058 0.694833 0.696492 0.698998 0.7023 0.706337 0.711035 0.71632 0.722119 0.728363 0.734993 0.741963 0.749239 0.7568 0.764632 0.772722 0.781046 0.789542 0.798066 0.806271 0.813335 0.817294 0.813513 0.79171 0.732633 0.618265 0.49546 0.534287 0.703783 0.845779 0.926694 0.966505 0.984922 0.993232 0.996943 0.998595 0.999332 0.999668 0.999827 0.999906 0.999949 0.999972 0.999985 0.999992 0.999996 0.999998 0.999999 1 1 1 1 1 1 1 0.999999 0.999998 0.999997 0.999993 0.999987 0.999975 0.999953 0.999915 0.999842 0.999699 0.999401 0.99875 0.997301 0.994062 0.98684 0.970881 0.936345 0.865402 0.736346 0.564966 0.485326 0.588561 0.712438 0.78215 0.809521 0.815461 0.812027 0.804819 0.796235 0.787279 0.77837 0.769681 0.761282 0.753202 0.745457 0.738066 0.731056 0.724465 0.718345 0.71276 0.707776 0.703466 0.699897 0.697131 0.695215 0.694185 
0.506609 0.50689 0.507512 0.508502 0.509899 0.511747 0.514095 0.516986 0.52046 0.524551 0.52929 0.534706 0.540828 0.547693 0.555337 0.563798 0.573101 0.583229 0.594069 0.605276 0.615951 0.623855 0.623678 0.604171 0.548978 0.466328 0.471449 0.636662 0.803814 0.90586 0.956979 0.980747 0.991431 0.996188 0.998295 0.999228 0.999643 0.999829 0.999915 0.999956 0.999976 0.999987 0.999993 0.999996 0.999998 0.999999 1 1 1 1 1 1 1 1 1 0.999999 0.999998 0.999997 0.999994 0.999989 0.999979 0.99996 0.999922 0.999846 0.999681 0.999318 0.998504 0.996679 0.992581 0.98342 0.963089 0.91923 0.830205 0.676453 0.498521 0.453567 0.530889 0.594342 0.619598 0.621956 0.614432 0.603458 0.59179 0.580526 0.570078 0.560571 0.552014 0.544371 0.537592 0.531627 0.526429 0.521955 0.518163 0.515009 0.512444 0.510416 0.508871 0.507758 0.507031 0.506655 
0.619624 0.618829 0.617128 0.614556 0.611165 0.607019 0.602191 0.596759 0.590802 0.584394 0.577607 0.570503 0.563141 0.555579 0.547881 0.540129 0.532428 0.524914 0.517726 0.510923 0.504226 0.49639 0.483868 0.459392 0.417565 0.394912 0.512249 0.714339 0.859766 0.935737 0.971299 0.987286 0.994379 0.997516 0.998897 0.999508 0.999779 0.999898 0.999951 0.999976 0.999987 0.999993 0.999996 0.999998 0.999999 0.999999 1 1 1 1 1 1 1 1 1 0.999999 0.999999 0.999998 0.999997 0.999994 0.999988 0.999977 0.999955 0.999907 0.999801 0.999564 0.999032 0.997838 0.995146 0.989101 0.975567 0.945538 0.881016 0.753465 0.558665 0.4064 0.406933 0.450547 0.479484 0.494572 0.503778 0.511354 0.518863 0.526675 0.534748 0.542935 0.551095 0.559119 0.566924 0.574442 0.581614 0.588378 0.594668 0.600412 0.605536 0.609966 0.613631 0.616471 0.618437 0.619493 
0.817123 0.816567 0.815373 0.813552 0.811123 0.808109 0.804532 0.800415 0.795777 0.79063 0.784977 0.778808 0.772098 0.764808 0.756884 0.748257 0.738845 0.728541 0.717175 0.704384 0.689272 0.669503 0.639494 0.587446 0.502971 0.424531 0.515722 0.73944 0.87378 0.943559 0.97433 0.988905 0.995009 0.997807 0.999029 0.999578 0.999816 0.999918 0.999962 0.999981 0.999989 0.999994 0.999996 0.999998 0.999998 0.999999 0.999999 1 1 1 1 1 1 1 0.999999 0.999999 0.999999 0.999998 0.999996 0.999994 0.99999 0.999982 0.999963 0.999922 0.999828 0.999618 0.999132 0.998057 0.995612 0.990351 0.977778 0.951758 0.89275 0.776923 0.561375 0.426224 0.477524 0.57016 0.630977 0.666219 0.68868 0.705305 0.719024 0.731005 0.741729 0.751423 0.76023 0.768251 0.77557 0.782248 0.78833 0.793842 0.798796 0.80319 0.807014 0.810254 0.812891 0.814909 0.816292 0.817032 
0.926198 0.925946 0.925402 0.92457 0.923458 0.922069 0.920412 0.918491 0.91631 0.913867 0.911156 0.908165 0.904872 0.901247 0.897249 0.892826 0.887908 0.882393 0.876104 0.868658 0.85912 0.845139 0.82069 0.772334 0.673236 0.524983 0.526264 0.72218 0.863858 0.936128 0.968956 0.985414 0.993205 0.997121 0.998687 0.999437 0.999777 0.999902 0.999953 0.999974 0.999984 0.99999 0.999993 0.999995 0.999996 0.999997 0.999997 0.999997 0.999997 0.999997 0.999997 0.999997 0.999997 0.999997 0.999997 0.999997 0.999997 0.999996 0.999994 0.99999 0.999984 0.999974 0.999951 0.999899 0.999766 0.999474 0.9988 0.997403 0.993985 0.987248 0.973289 0.945442 0.886495 0.769563 0.581265 0.483116 0.639157 0.752691 0.812851 0.842073 0.858348 0.868983 0.877026 0.883664 0.889391 0.894437 0.89893 0.902955 0.906573 0.909831 0.912762 0.91539 0.917729 0.919785 0.921562 0.923057 0.924267 0.92519 0.92582 0.926157 
0.972005 0.971906 0.971692 0.971365 0.970927 0.970379 0.969724 0.968962 0.968096 0.967122 0.966038 0.964837 0.963509 0.96204 0.960412 0.958597 0.95656 0.95424 0.951521 0.948148 0.943517 0.936138 0.922676 0.894928 0.842871 0.737411 0.679149 0.667972 0.767454 0.87777 0.930625 0.978644 0.989166 0.995492 0.997965 0.999281 0.999698 0.999865 0.999928 0.999955 0.999966 0.999971 0.999973 0.999974 0.999975 0.999975 0.999975 0.999975 0.999975 0.999975 0.999975 0.999975 0.999975 0.999975 0.999975 0.999975 0.999975 0.999974 0.999973 0.999972 0.999967 0.999956 0.999926 0.999852 0.999673 0.999296 0.998037 0.995586 0.989301 0.978897 0.930983 0.878358 0.768384 0.669672 0.678111 0.749608 0.827404 0.887557 0.918547 0.934462 0.942969 0.948183 0.951856 0.954742 0.957158 0.959249 0.961091 0.962729 0.964192 0.965504 0.966679 0.967728 0.968659 0.969475 0.970178 0.970768 0.971245 0.971609 0.971857 0.971989 
0.989625 0.989587 0.989507 0.989384 0.989219 0.989012 0.988765 0.988477 0.988149 0.98778 0.987368 0.98691 0.986404 0.985842 0.985217 0.984517 0.983725 0.98281 0.981708 0.980284 0.978224 0.974852 0.968654 0.957516 0.93618 0.920848 0.880697 0.771733 0.674354 0.673688 0.770662 0.879838 0.931917 0.979496 0.989701 0.99597 0.999005 0.999588 0.999771 0.999801 0.999809 0.999812 0.999813 0.999813 0.999813 0.999814 0.999814 0.999814 0.999814 0.999814 0.999814 0.999814 0.999814 0.999814 0.999814 0.999814 0.999813 0.999813 0.999813 0.999812 0.999808 0.999792 0.999701 0.999412 0.998164 0.995784 0.989633 0.979496 0.931935 0.879876 0.770728 0.673786 0.674247 0.771454 0.880398 0.926055 0.932803 0.954629 0.967028 0.974065 0.977934 0.980253 0.981816 0.982992 0.983949 0.984764 0.985475 0.986104 0.986663 0.987164 0.987611 0.988009 0.988362 0.98867 0.988936 0.989159 0.989339 0.989475 0.989569 0.989619 
0.996186 0.996172 0.996143 0.996097 0.996036 0.99596 0.995868 0.995762 0.99564 0.995503 0.99535 0.99518 0.994991 0.994781 0.994547 0.994284 0.993983 0.99363 0.993194 0.992608 0.991738 0.990307 0.987851 0.983763 0.978111 0.977273 0.97897 0.931999 0.880023 0.770914 0.674043 0.67402 0.770891 0.880064 0.932301 0.981395 0.992881 0.997543 0.998204 0.998371 0.998391 0.998395 0.998395 0.998395 0.998395 0.998395 0.998395 0.998395 0.998395 0.998395 0.998395 0.998395 0.998395 0.998395 0.998395 0.998395 0.998395 0.998395 0.998395 0.998393 0.99838 0.998283 0.997895 0.995717 0.989647 0.979531 0.931996 0.879983 0.770885 0.674022 0.674039 0.770907 0.880013 0.932009 0.979162 0.981841 0.977428 0.983034 0.987258 0.989995 0.991604 0.99258 0.993224 0.993693 0.994064 0.994375 0.994643 0.994878 0.995087 0.995274 0.99544 0.995588 0.995719 0.995833 0.995931 0.996014 0.99608 0.996131 0.996166 0.996184 
0.998602 0.998597 0.998586 0.99857 0.998547 0.998519 0.998486 0.998446 0.998401 0.998351 0.998294 0.998232 0.998162 0.998084 0.997997 0.997898 0.997785 0.997649 0.997477 0.99724 0.996884 0.996314 0.995392 0.994062 0.992558 0.993061 0.995449 0.989619 0.979534 0.932003 0.879988 0.770878 0.673948 0.6742 0.772962 0.885814 0.97196 0.98549 0.990023 0.990535 0.990649 0.99066 0.990662 0.990662 0.990662 0.990662 0.990662 0.990662 0.990662 0.990662 0.990662 0.990662 0.990662 0.990662 0.990662 0.990662 0.990662 0.990662 0.990661 0.990653 0.990574 0.990226 0.987397 0.979175 0.931909 0.879958 0.770867 0.674023 0.674024 0.77089 0.879989 0.932002 0.979534 0.989632 0.995571 0.994244 0.992578 0.993855 0.995203 0.996196 0.996828 0.997224 0.997484 0.99767 0.997813 0.997931 0.998032 0.998119 0.998197 0.998266 0.998328 0.998382 0.99843 0.998473 0.998509 0.998539 0.998564 0.998582 0.998595 0.998602 
0.999488 0.999487 0.999483 0.999476 0.999468 0.999458 0.999446 0.999431 0.999415 0.999396 0.999375 0.999352 0.999326 0.999298 0.999265 0.999228 0.999185 0.999133 0.999065 0.998971 0.99883 0.998611 0.998286 0.997866 0.997532 0.997851 0.999107 0.99815 0.995796 0.989654 0.979522 0.931923 0.879532 0.768352 0.664329 0.703935 0.837784 0.91947 0.928949 0.931612 0.931865 0.931915 0.931919 0.93192 0.93192 0.93192 0.93192 0.93192 0.93192 0.93192 0.93192 0.93192 0.93192 0.93192 0.93192 0.93192 0.93192 0.931919 0.931916 0.931877 0.931678 0.929807 0.922698 0.876004 0.769209 0.672939 0.673086 0.770633 0.87995 0.931992 0.979532 0.989655 0.995797 0.998158 0.999238 0.998154 0.997566 0.99782 0.998226 0.99857 0.998808 0.998963 0.999067 0.99914 0.999196 0.99924 0.999278 0.999311 0.999339 0.999365 0.999387 0.999408 0.999425 0.999441 0.999454 0.999465 0.999474 0.999481 0.999486 0.999488 
0.999813 0.999812 0.999811 0.999808 0.999805 0.999802 0.999797 0.999792 0.999786 0.999779 0.999771 0.999763 0.999753 0.999743 0.999731 0.999717 0.9997 0.99968 0.999654 0.999617 0.999562 0.999481 0.999369 0.999244 0.99917 0.999316 0.999654 0.999742 0.999432 0.99817 0.995756 0.989343 0.977522 0.921309 0.819706 0.61506 0.647375 0.721252 0.759757 0.763026 0.763864 0.76393 0.763942 0.763943 0.763943 0.763943 0.763943 0.763943 0.763943 0.763943 0.763943 0.763943 0.763943 0.763943 0.763943 0.763943 0.763943 0.763942 0.763931 0.763867 0.763061 0.759932 0.722881 0.652321 0.58568 0.748934 0.87262 0.93088 0.979288 0.989625 0.995793 0.998175 0.999433 0.999748 0.999728 0.999403 0.999192 0.999234 0.999352 0.999467 0.999554 0.999613 0.999654 0.999683 0.999704 0.999721 0.999735 0.999747 0.999758 0.999767 0.999776 0.999783 0.99979 0.999795 0.9998 0.999804 0.999808 0.99981 0.999812 0.999813 
0.999932 0.999931 0.999931 0.99993 0.999929 0.999927 0.999926 0.999924 0.999922 0.999919 0.999916 0.999913 0.99991 0.999906 0.999901 0.999896 0.99989 0.999882 0.999872 0.999857 0.999837 0.999808 0.99977 0.999733 0.999721 0.999773 0.99988 0.999946 0.999908 0.999741 0.999274 0.997307 0.989023 0.963255 0.825541 0.61682 0.647048 0.721173 0.759747 0.763025 0.763864 0.76393 0.763942 0.763943 0.763943 0.763943 0.763943 0.763943 0.763943 0.763943 0.763943 0.763943 0.763943 0.763943 0.763943 0.763943 0.763943 0.763942 0.76393 0.763864 0.763025 0.759756 0.721203 0.647079 0.611876 0.787662 0.955088 0.983083 0.994968 0.998017 0.999418 0.999757 0.999911 0.999954 0.9999 0.999798 0.999729 0.999732 0.999765 0.999803 0.999834 0.999856 0.999872 0.999883 0.999891 0.999898 0.999903 0.999907 0.999911 0.999915 0.999918 0.999921 0.999923 0.999925 0.999927 0.999928 0.99993 0.999931 0.999931 0.999931 
0.999975 0.999975 0.999975 0.999974 0.999974 0.999973 0.999973 0.999972 0.999971 0.99997 0.999969 0.999968 0.999967 0.999965 0.999964 0.999962 0.999959 0.999956 0.999953 0.999947 0.999939 0.999929 0.999917 0.999906 0.999905 0.999923 0.999956 0.999976 0.99998 0.999896 0.999483 0.996106 0.982773 0.88741 0.704092 0.696775 0.835619 0.919182 0.928899 0.931607 0.931864 0.931915 0.931919 0.93192 0.93192 0.93192 0.93192 0.93192 0.93192 0.93192 0.93192 0.93192 0.93192 0.93192 0.93192 0.93192 0.93192 0.931919 0.931915 0.931864 0.931607 0.928899 0.919184 0.835616 0.696533 0.701249 0.885455 0.981592 0.995776 0.999328 0.99984 0.999959 0.999987 0.999983 0.999963 0.999931 0.999908 0.999906 0.999915 0.999927 0.999938 0.999947 0.999952 0.999957 0.99996 0.999962 0.999964 0.999966 0.999968 0.999969 0.99997 0.999971 0.999972 0.999973 0.999973 0.999974 0.999974 0.999975 0.999975 0.999975 
0.999991 0.999991 0.999991 0.999991 0.99999 0.99999 0.99999 0.99999 0.99999 0.999989 0.999989 0.999988 0.999988 0.999987 0.999987 0.999986 0.999985 0.999984 0.999982 0.99998 0.999978 0.999974 0.99997 0.999967 0.999967 0.999973 0.999982 0.999987 0.999975 0.999843 0.998563 0.992548 0.939256 0.807409 0.66503 0.837991 0.966212 0.984293 0.989905 0.990517 0.990647 0.99066 0.990662 0.990662 0.990662 0.990662 0.990662 0.990662 0.990662 0.990662 0.990662 0.990662 0.990662 0.990662 0.990662 0.990662 0.990662 0.990662 0.99066 0.990647 0.990517 0.989905 0.984293 0.966213 0.837984 0.664886 0.807191 0.939076 0.992417 0.998498 0.999828 0.999971 0.999995 0.999992 0.999986 0.999976 0.999969 0.999967 0.99997 0.999973 0.999977 0.99998 0.999982 0.999984 0.999985 0.999986 0.999987 0.999988 0.999988 0.999989 0.999989 0.999989 0.99999 0.99999 0.99999 0.99999 0.999991 0.999991 0.999991 0.999991 
0.999997 0.999997 0.999997 0.999997 0.999997 0.999996 0.999996 0.999996 0.999996 0.999996 0.999996 0.999996 0.999996 0.999995 0.999995 0.999995 0.999995 0.999994 0.999993 0.999993 0.999992 0.99999 0.999989 0.999988 0.999988 0.99999 0.999991 0.999992 0.999963 0.999721 0.997984 0.987796 0.925861 0.734889 0.73316 0.922334 0.984684 0.996169 0.998045 0.998352 0.998389 0.998395 0.998395 0.998395 0.998395 0.998395 0.998395 0.998395 0.998395 0.998395 0.998395 0.998395 0.998395 0.998395 0.998395 0.998395 0.998395 0.998395 0.998395 0.998389 0.998352 0.998045 0.996169 0.984685 0.922337 0.733163 0.734788 0.925617 0.986855 0.99774 0.999634 0.999949 0.999992 0.999995 0.999994 0.999991 0.999989 0.999988 0.999989 0.99999 0.999992 0.999993 0.999993 0.999994 0.999995 0.999995 0.999995 0.999995 0.999996 0.999996 0.999996 0.999996 0.999996 0.999996 0.999996 0.999996 0.999997 0.999997 0.999997 0.999997 
0.999999 0.999999 0.999999 0.999999 0.999999 0.999999 0.999999 0.999999 0.999999 0.999999 0.999998 0.999998 0.999998 0.999998 0.999998 0.999998 0.999998 0.999998 0.999998 0.999997 0.999997 0.999996 0.999996 0.999996 0.999996 0.999996 0.999994 0.999989 0.999911 0.999428 0.995723 0.979217 0.877544 0.669766 0.805187 0.938131 0.992181 0.998316 0.999652 0.999789 0.999811 0.999813 0.999814 0.999814 0.999814 0.999814 0.999814 0.999814 0.999814 0.999814 0.999814 0.999814 0.999814 0.999814 0.999814 0.999814 0.999814 0.999814 0.999813 0.999811 0.999789 0.999652 0.998316 0.992184 0.938145 0.805273 0.669504 0.875636 0.975091 0.993623 0.999002 0.999804 0.999974 0.999995 0.999996 0.999996 0.999996 0.999996 0.999996 0.999996 0.999997 0.999997 0.999998 0.999998 0.999998 0.999998 0.999998 0.999998 0.999998 0.999998 0.999999 0.999999 0.999999 0.999999 0.999999 0.999999 0.999999 0.999999 0.999999 0.999999 
1 1 1 1 1 1 1 1 0.999999 0.999999 0.999999 0.999999 0.999999 0.999999 0.999999 0.999999 0.999999 0.999999 0.999999 0.999999 0.999999 0.999999 0.999999 0.999998 0.999998 0.999997 0.999995 0.999967 0.99976 0.998177 0.989657 0.931915 0.770637 0.675283 0.883031 0.981378 0.996093 0.999501 0.999899 0.999967 0.999974 0.999975 0.999975 0.999975 0.999975 0.999975 0.999975 0.999975 0.999975 0.999975 0.999975 0.999975 0.999975 0.999975 0.999975 0.999975 0.999975 0.999975 0.999975 0.999974 0.999967 0.999899 0.999503 0.996103 0.981467 0.883413 0.677289 0.763921 0.889792 0.980553 0.995015 0.99928 0.999869 0.999984 0.999997 0.999998 0.999998 0.999998 0.999999 0.999999 0.999999 0.999999 0.999999 0.999999 0.999999 0.999999 0.999999 0.999999 0.999999 0.999999 0.999999 0.999999 0.999999 1 1 1 1 1 1 1 
1 1 1 1 1 1 1 1 1 1 1 1 1 1 1 1 1 1 1 1 1 1 0.999999 0.999999 0.999999 0.999998 0.99999 0.999915 0.999443 0.995838 0.979598 0.880014 0.673984 0.771047 0.932854 0.989846 0.998249 0.999768 0.999967 0.999994 0.999997 0.999997 0.999997 0.999997 0.999997 0.999997 0.999997 0.999997 0.999997 0.999997 0.999997 0.999997 0.999997 0.999997 0.999997 0.999997 0.999997 0.999997 0.999997 0.999997 0.999994 0.999968 0.999773 0.998296 0.99012 0.93499 0.778491 0.64009 0.77152 0.925006 0.984808 0.996913 0.99955 0.999931 0.999991 0.999998 0.999999 0.999999 0.999999 1 1 1 1 1 1 1 1 1 1 1 1 1 1 1 1 1 1 1 1 1 
1 1 1 1 1 1 1 1 1 1 1 1 1 1 1 1 1 1 1 1 1 1 1 0.999999 0.999999 0.999996 0.99997 0.999772 0.998255 0.989861 0.932858 0.771048 0.673984 0.880014 0.979597 0.995837 0.999442 0.999914 0.99999 0.999998 1 1 1 1 1 1 1 1 1 1 1 1 1 1 1 1 1 1 1 1 0.999999 0.999991 0.99993 0.999549 0.996911 0.984807 0.925006 0.77152 0.64009 0.778492 0.934994 0.990135 0.998302 0.999777 0.99997 0.999996 0.999999 1 1 1 1 1 1 1 1 1 1 1 1 1 1 1 1 1 1 1 1 1 1 1 
1 1 1 1 1 1 1 1 1 1 1 1 1 1 1 1 1 1 1 1 1 1 1 1 0.999999 0.999992 0.999926 0.999533 0.996155 0.981462 0.883073 0.675289 0.770635 0.931915 0.989656 0.998177 0.99976 0.999967 0.999996 1 1 1 1 1 1 1 1 1 1 1 1 1 1 1 1 1 1 1 1 1 1 0.999998 0.999984 0.999869 0.99928 0.995015 0.980553 0.889792 0.763919 0.677295 0.883454 0.981551 0.996165 0.999535 0.999926 0.999992 0.999999 1 1 1 1 1 1 1 1 1 1 1 1 1 1 1 1 1 1 1 1 1 1 1 
1 1 1 1 1 1 1 1 1 1 1 1 1 1 1 1 1 1 1 1 1 1 1 1 0.999998 0.999978 0.999848 0.998573 0.992543 0.939094 0.805397 0.669714 0.877533 0.979214 0.995723 0.999428 0.999911 0.99999 0.999999 1 1 1 1 1 1 1 1 1 1 1 1 1 1 1 1 1 1 1 1 1 1 1 0.999996 0.999974 0.999804 0.999002 0.993623 0.975089 0.875627 0.669455 0.805483 0.939107 0.992546 0.998574 0.999848 0.999978 0.999998 1 1 1 1 1 1 1 1 1 1 1 1 1 1 1 1 1 1 1 1 1 1 1 
1 1 1 1 1 1 1 1 1 1 1 1 1 1 1 1 1 1 1 1 1 1 1 1 0.999996 0.999966 0.999733 0.998062 0.987994 0.926636 0.734825 0.734617 0.925772 0.987786 0.997983 0.999721 0.999964 0.999996 1 1 1 1 1 1 1 1 1 1 1 1 1 1 1 1 1 1 1 1 1 1 1 1 0.999999 0.999993 0.999949 0.999635 0.997742 0.986851 0.925548 0.734554 0.734835 0.926639 0.987994 0.998062 0.999733 0.999966 0.999996 1 1 1 1 1 1 1 1 1 1 1 1 1 1 1 1 1 1 1 1 1 1 1 
1 1 1 1 1 1 1 1 1 1 1 1 1 1 1 1 1 1 1 1 1 1 1 0.999999 0.999992 0.999924 0.999524 0.996075 0.981131 0.880609 0.670963 0.805093 0.93894 0.992493 0.998563 0.999846 0.999977 0.999998 1 1 1 1 1 1 1 1 1 1 1 1 1 1 1 1 1 1 1 1 1 1 1 1 1 0.999997 0.999975 0.999836 0.99852 0.992414 0.938899 0.805086 0.670965 0.88061 0.981131 0.996075 0.999524 0.999924 0.999992 0.999999 1 1 1 1 1 1 1 1 1 1 1 1 1 1 1 1 1 1 1 1 1 1 
1 1 1 1 1 1 1 1 1 1 1 1 1 1 1 1 1 1 1 1 1 1 1 0.999998 0.999977 0.999846 0.998564 0.992494 0.938941 0.805093 0.670963 0.880609 0.981131 0.996075 0.999524 0.999924 0.999992 0.999999 1 1 1 1 1 1 1 1 1 1 1 1 1 1 1 1 1 1 1 1 1 1 1 1 1 0.999999 0.999992 0.999923 0.99952 0.996061 0.981127 0.880608 0.670963 0.805093 0.938941 0.992494 0.998564 0.999846 0.999977 0.999998 1 1 1 1 1 1 1 1 1 1 1 1 1 1 1 1 1 1 1 1 1 1 
1 1 1 1 1 1 1 1 1 1 1 1 1 1 1 1 1 1 1 1 1 1 1 0.999996 0.999964 0.999722 0.997986 0.987799 0.925775 0.734618 0.734825 0.926636 0.987994 0.998062 0.999733 0.999966 0.999996 1 1 1 1 1 1 1 1 1 1 1 1 1 1 1 1 1 1 1 1 1 1 1 1 1 1 1 0.999996 0.999966 0.999732 0.998061 0.987993 0.926636 0.734825 0.734618 0.925775 0.987799 0.997986 0.999722 0.999964 0.999996 1 1 1 1 1 1 1 1 1 1 1 1 1 1 1 1 1 1 1 1 1 1 
1 1 1 1 1 1 1 1 1 1 1 1 1 1 1 1 1 1 1 1 1 1 0.999999 0.99999 0.999913 0.999436 0.995762 0.979282 0.87757 0.669719 0.805395 0.939094 0.992543 0.998573 0.999848 0.999978 0.999998 1 1 1 1 1 1 1 1 1 1 1 1 1 1 1 1 1 1 1 1 1 1 1 1 1 1 1 0.999998 0.999978 0.999848 0.998573 0.992543 0.939094 0.805395 0.669719 0.87757 0.979282 0.995762 0.999436 0.999913 0.99999 0.999999 1 1 1 1 1 1 1 1 1 1 1 1 1 1 1 1 1 1 1 1 1 
1 1 1 1 1 1 1 1 1 1 1 1 1 1 1 1 1 1 1 1 1 1 0.999996 0.99997 0.999771 0.998252 0.989849 0.93277 0.770793 0.675238 0.883062 0.98146 0.996154 0.999533 0.999926 0.999992 0.999999 1 1 1 1 1 1 1 1 1 1 1 1 1 1 1 1 1 1 1 1 1 1 1 1 1 1 1 0.999999 0.999992 0.999926 0.999533 0.996154 0.98146 0.883062 0.675238 0.770793 0.93277 0.989849 0.998252 0.999771 0.99997 0.999996 1 1 1 1 1 1 1 1 1 1 1 1 1 1 1 1 1 1 1 1 1 
1 1 1 1 1 1 1 1 1 1 1 1 1 1 1 1 1 1 1 1 1 0.999999 0.999992 0.999926 0.999532 0.996151 0.981447 0.883059 0.675238 0.770793 0.932771 0.98985 0.998253 0.999771 0.99997 0.999996 1 1 1 1 1 1 1 1 1 1 1 1 1 1 1 1 1 1 1 1 1 1 1 1 1 1 1 1 1 0.999996 0.99997 0.999771 0.998253 0.98985 0.932771 0.770793 0.675238 0.883059 0.981447 0.996151 0.999532 0.999926 0.999992 0.999999 1 1 1 1 1 1 1 1 1 1 1 1 1 1 1 1 1 1 1 1 
1 1 1 1 1 1 1 1 1 1 1 1 1 1 1 1 1 1 1 1 1 0.999998 0.999977 0.999846 0.998566 0.992505 0.939029 0.805361 0.669724 0.877572 0.979282 0.995762 0.999436 0.999913 0.99999 0.999999 1 1 1 1 1 1 1 1 1 1 1 1 1 1 1 1 1 1 1 1 1 1 1 1 1 1 1 1 1 0.999999 0.99999 0.999913 0.999436 0.995762 0.979282 0.877572 0.669724 0.805361 0.939029 0.992505 0.998566 0.999846 0.999977 0.999998 1 1 1 1 1 1 1 1 1 1 1 1 1 1 1 1 1 1 1 1 
1 1 1 1 1 1 1 1 1 1 1 1 1 1 1 1 1 1 1 1 1 0.999996 0.999964 0.999722 0.997986 0.987802 0.925786 0.734676 0.734676 0.925786 0.987802 0.997986 0.999722 0.999964 0.999996 1 1 1 1 1 1 1 1 1 1 1 1 1 1 1 1 1 1 1 1 1 1 1 1 1 1 1 1 1 1 1 0.999996 0.999964 0.999722 0.997986 0.987802 0.925786 0.734676 0.734676 0.925786 0.987802 0.997986 0.999722 0.999964 0.999996 1 1 1 1 1 1 1 1 1 1 1 1 1 1 1 1 1 1 1 1 
1 1 1 1 1 1 1 1 1 1 1 1 1 1 1 1 1 1 1 1 0.999999 0.99999 0.999913 0.999436 0.995762 0.979282 0.877572 0.669724 0.805361 0.939029 0.992505 0.998566 0.999846 0.999977 0.999998 1 1 1 1 1 1 1 1 1 1 1 1 1 1 1 1 1 1 1 1 1 1 1 1 1 1 1 1 1 1 1 0.999998 0.999977 0.999846 0.998566 0.992505 0.939029 0.805361 0.669724 0.877572 0.979282 0.995762 0.999436 0.999913 0.99999 0.999999 1 1 1 1 1 1 1 1 1 1 1 1 1 1 1 1 1 1 1 
1 1 1 1 1 1 1 1 1 1 1 1 1 1 1 1 1 1 1 1 0.999996 0.99997 0.999771 0.998252 0.989849 0.93277 0.770793 0.675238 0.883059 0.981447 0.996151 0.999532 0.999926 0.999992 0.999999 1 1 1 1 1 1 1 1 1 1 1 1 1 1 1 1 1 1 1 1 1 1 1 1 1 1 1 1 1 1 1 0.999999 0.999992 0.999926 0.999532 0.996151 0.981447 0.883059 0.675238 0.770793 0.93277 0.989849 0.998252 0.999771 0.99997 0.999996 1 1 1 1 1 1 1 1 1 1 1 1 1 1 1 1 1 1 1 
1 1 1 1 1 1 1 1 1 1 1 1 1 1 1 1 1 1 1 0.999999 0.999992 0.999926 0.999532 0.996151 0.981447 0.883059 0.675238 0.770793 0.93277 0.989849 0.998252 0.999771 0.99997 0.999996 1 1 1 1 1 1 1 1 1 1 1 1 1 1 1 1 1 1 1 1 1 1 1 1 1 1 1 1 1 1 1 1 1 0.999996 0.99997 0.999771 0.998252 0.989849 0.93277 0.770793 0.675238 0.883059 0.981447 0.996151 0.999532 0.999926 0.999992 0.999999 1 1 1 1 1 1 1 1 1 1 1 1 1 1 1 1 1 1 
1 1 1 1 1 1 1 1 1 1 1 1 1 1 1 1 1 0.999999 0.999999 0.999997 0.999977 0.999846 0.998566 0.992505 0.939029 0.805361 0.669724 0.877572 0.979282 0.995762 0.999436 0.999913 0.99999 0.999999 1 1 1 1 1 1 1 1 1 1 1 1 1 1 1 1 1 1 1 1 1 1 1 1 1 1 1 1 1 1 1 1 1 0.999999 0.99999 0.999913 0.999436 0.995762 0.979282 0.877572 0.669724 0.805361 0.939029 0.992505 0.998566 0.999846 0.999977 0.999997 0.999999 0.999999 1 1 1 1 1 1 1 1 1 1 1 1 1 1 1 1 
1 1 1 1 1 1 1 1 1 1 1 1 1 1 1 0.999999 0.999999 0.999999 0.999998 0.999994 0.999963 0.999722 0.997986 0.987802 0.925786 0.734676 0.734676 0.925786 0.987802 0.997986 0.999722 0.999964 0.999996 1 1 1 1 1 1 1 1 1 1 1 1 1 1 1 1 1 1 1 1 1 1 1 1 1 1 1 1 1 1 1 1 1 1 1 0.999996 0.999964 0.999722 0.997986 0.987802 0.925786 0.734676 0.734676 0.925786 0.987802 0.997986 0.999722 0.999963 0.999994 0.999998 0.999999 0.999999 0.999999 1 1 1 1 1 1 1 1 1 1 1 1 1 1 
0.999999 0.999999 0.999999 0.999999 0.999999 0.999999 0.999999 0.999999 0.999999 0.999999 0.999999 0.999999 0.999999 0.999999 0.999999 0.999998 0.999998 0.999996 0.999994 0.999985 0.999912 0.999435 0.995762 0.979282 0.877572 0.669724 0.805361 0.939029 0.992505 0.998566 0.999846 0.999977 0.999998 1 1 1 1 1 1 1 1 1 1 1 1 1 1 1 1 1 1 1 1 1 1 1 1 1 1 1 1 1 1 1 1 1 1 1 0.999998 0.999977 0.999846 0.998566 0.992505 0.939029 0.805361 0.669724 0.877572 0.979282 0.995762 0.999435 0.999912 0.999985 0.999994 0.999996 0.999998 0.999998 0.999999 0.999999 0.999999 0.999999 0.999999 0.999999 0.999999 0.999999 0.999999 0.999999 0.999999 0.999999 0.999999 0.999999 
0.999998 0.999998 0.999998 0.999998 0.999998 0.999999 0.999999 0.999999 0.999999 0.999999 0.999998 0.999998 0.999998 0.999998 0.999997 0.999996 0.999994 0.99999 0.999983 0.999957 0.999768 0.998252 0.989849 0.93277 0.770793 0.675238 0.883059 0.981447 0.996151 0.999532 0.999926 0.999992 0.999999 1 1 1 1 1 1 1 1 1 1 1 1 1 1 1 1 1 1 1 1 1 1 1 1 1 1 1 1 1 1 1 1 1 1 1 0.999999 0.999992 0.999926 0.999532 0.996151 0.981447 0.883059 0.675238 0.770793 0.93277 0.989849 0.998252 0.999768 0.999957 0.999983 0.99999 0.999994 0.999996 0.999997 0.999998 0.999998 0.999998 0.999998 0.999999 0.999999 0.999999 0.999999 0.999999 0.999998 0.999998 0.999998 0.999998 
0.999996 0.999996 0.999996 0.999996 0.999996 0.999996 0.999996 0.999996 0.999996 0.999996 0.999996 0.999996 0.999995 0.999994 0.999993 0.99999 0.999984 0.999975 0.999958 0.999893 0.999524 0.99615 0.981447 0.883059 0.675238 0.770793 0.93277 0.989849 0.998252 0.999771 0.99997 0.999996 1 1 1 1 1 1 1 1 1 1 1 1 1 1 1 1 1 1 1 1 1 1 1 1 1 1 1 1 1 1 1 1 1 1 1 1 1 0.999996 0.99997 0.999771 0.998252 0.989849 0.93277 0.770793 0.675238 0.883059 0.981447 0.99615 0.999524 0.999893 0.999958 0.999975 0.999984 0.99999 0.999993 0.999994 0.999995 0.999996 0.999996 0.999996 0.999996 0.999996 0.999996 0.999996 0.999996 0.999996 0.999996 0.999996 
0.999989 0.999989 0.999989 0.999989 0.999989 0.999989 0.999989 0.999989 0.999989 0.999989 0.999989 0.999989 0.999988 0.999986 0.999982 0.999974 0.99996 0.999937 0.999886 0.999761 0.998554 0.992502 0.939028 0.805361 0.669724 0.877572 0.979282 0.995762 0.999436 0.999913 0.99999 0.999999 1 1 1 1 1 1 1 1 1 1 1 1 1 1 1 1 1 1 1 1 1 1 1 1 1 1 1 1 1 1 1 1 1 1 1 1 1 0.999999 0.99999 0.999913 0.999436 0.995762 0.979282 0.877572 0.669724 0.805361 0.939028 0.992502 0.998554 0.999761 0.999886 0.999937 0.99996 0.999974 0.999982 0.999986 0.999988 0.999989 0.999989 0.999989 0.999989 0.999989 0.999989 0.999989 0.999989 0.999989 0.999989 0.999989 
0.999969 0.999969 0.999969 0.999969 0.999969 0.999969 0.99997 0.99997 0.99997 0.99997 0.99997 0.999969 0.999967 0.999963 0.999953 0.999935 0.999902 0.999844 0.999741 0.999499 0.997953 0.987794 0.925785 0.734676 0.734676 0.925786 0.987802 0.997986 0.999722 0.999964 0.999996 1 1 1 1 1 1 1 1 1 1 1 1 1 1 1 1 1 1 1 1 1 1 1 1 1 1 1 1 1 1 1 1 1 1 1 1 1 1 1 0.999996 0.999964 0.999722 0.997986 0.987802 0.925786 0.734676 0.734676 0.925785 0.987794 0.997953 0.999499 0.999741 0.999844 0.999902 0.999935 0.999953 0.999963 0.999967 0.999969 0.99997 0.99997 0.99997 0.99997 0.99997 0.999969 0.999969 0.999969 0.999969 0.999969 
0.999915 0.999915 0.999915 0.999915 0.999916 0.999916 0.999917 0.999918 0.999918 0.999919 0.999919 0.999918 0.999913 0.999903 0.999882 0.999839 0.999758 0.999611 0.999342 0.99885 0.995671 0.979263 0.87757 0.669724 0.805361 0.939029 0.992505 0.998566 0.999846 0.999977 0.999998 1 1 1 1 1 1 1 1 1 1 1 1 1 1 1 1 1 1 1 1 1 1 1 1 1 1 1 1 1 1 1 1 1 1 1 1 1 1 1 0.999998 0.999977 0.999846 0.998566 0.992505 0.939029 0.805361 0.669724 0.87757 0.979263 0.995671 0.99885 0.999342 0.999611 0.999758 0.999839 0.999882 0.999903 0.999913 0.999918 0.999919 0.999919 0.999918 0.999918 0.999917 0.999916 0.999916 0.999915 0.999915 0.999915 
0.999767 0.999768 0.999768 0.999769 0.99977 0.999771 0.999773 0.999775 0.999777 0.999779 0.99978 0.999778 0.99977 0.999749 0.999701 0.999602 0.999403 0.999028 0.998301 0.996724 0.989616 0.932719 0.770787 0.675238 0.883059 0.981447 0.996151 0.999532 0.999926 0.999992 0.999999 1 1 1 1 1 1 1 1 1 1 1 1 1 1 1 1 1 1 1 1 1 1 1 1 1 1 1 1 1 1 1 1 1 1 1 1 1 1 1 0.999999 0.999992 0.999926 0.999532 0.996151 0.981447 0.883059 0.675238 0.770787 0.932719 0.989616 0.996724 0.998301 0.999028 0.999403 0.999602 0.999701 0.999749 0.99977 0.999778 0.99978 0.999779 0.999777 0.999775 0.999773 0.999771 0.99977 0.999769 0.999768 0.999768 
0.999364 0.999365 0.999366 0.999368 0.999371 0.999375 0.99938 0.999386 0.999392 0.999397 0.999401 0.9994 0.999385 0.999342 0.99924 0.999016 0.998561 0.997647 0.995976 0.992216 0.980819 0.88294 0.675225 0.770795 0.93277 0.989849 0.998252 0.999771 0.99997 0.999996 1 1 1 1 1 1 1 1 1 1 1 1 1 1 1 1 1 1 1 1 1 1 1 1 1 1 1 1 1 1 1 1 1 1 1 1 1 1 1 1 1 0.999996 0.99997 0.999771 0.998252 0.989849 0.93277 0.770795 0.675225 0.88294 0.980819 0.992216 0.995976 0.997647 0.998561 0.999016 0.99924 0.999342 0.999385 0.9994 0.999401 0.999397 0.999392 0.999386 0.99938 0.999375 0.999371 0.999368 0.999366 0.999365 
0.998263 0.998264 0.998268 0.998274 0.998282 0.998293 0.998307 0.998322 0.998339 0.998357 0.998371 0.998375 0.998353 0.998271 0.998057 0.997572 0.996528 0.994473 0.989879 0.982391 0.937711 0.805087 0.669749 0.877578 0.979283 0.995762 0.999436 0.999913 0.99999 0.999999 1 1 1 1 1 1 1 1 1 1 1 1 1 1 1 1 1 1 1 1 1 1 1 1 1 1 1 1 1 1 1 1 1 1 1 1 1 1 1 1 1 0.999999 0.99999 0.999913 0.999436 0.995762 0.979283 0.877578 0.669749 0.805087 0.937711 0.982391 0.989879 0.994473 0.996528 0.997572 0.998057 0.998271 0.998353 0.998375 0.998371 0.998357 0.998339 0.998322 0.998307 0.998293 0.998282 0.998274 0.998268 0.998264 
0.995261 0.995264 0.995274 0.995291 0.995314 0.995344 0.99538 0.995423 0.995471 0.995522 0.995569 0.995599 0.995577 0.995431 0.995005 0.993981 0.991746 0.987193 0.978535 0.962942 0.922187 0.734056 0.734753 0.925801 0.987804 0.997987 0.999722 0.999964 0.999996 1 1 1 1 1 1 1 1 1 1 1 1 1 1 1 1 1 1 1 1 1 1 1 1 1 1 1 1 1 1 1 1 1 1 1 1 1 1 1 1 1 1 1 0.999996 0.999964 0.999722 0.997987 0.987804 0.925801 0.734753 0.734056 0.922187 0.962942 0.978535 0.987193 0.991746 0.993981 0.995005 0.995431 0.995577 0.995599 0.995569 0.995522 0.995471 0.995423 0.99538 0.995344 0.995314 0.995291 0.995274 0.995264 
0.987118 0.987127 0.987154 0.987198 0.987261 0.987341 0.987441 0.987558 0.987691 0.987836 0.987981 0.988098 0.988121 0.987898 0.987095 0.984995 0.980169 0.970088 0.950762 0.919435 0.86806 0.668293 0.805596 0.93907 0.992509 0.998566 0.999846 0.999977 0.999998 1 1 1 1 1 1 1 1 1 1 1 1 1 1 1 1 1 1 1 1 1 1 1 1 1 1 1 1 1 1 1 1 1 1 1 1 1 1 1 1 1 1 1 0.999998 0.999977 0.999846 0.998566 0.992509 0.93907 0.805596 0.668293 0.86806 0.919435 0.950762 0.970088 0.980169 0.984995 0.987095 0.987898 0.988121 0.988098 0.987981 0.987836 0.987691 0.987558 0.987441 0.987341 0.987261 0.987198 0.987154 0.987127 
0.965356 0.965379 0.965449 0.965566 0.965731 0.965945 0.966207 0.966518 0.966876 0.967273 0.967689 0.968072 0.968299 0.968072 0.966702 0.96264 0.952625 0.930161 0.887351 0.798667 0.74867 0.678796 0.883744 0.981559 0.996164 0.999534 0.999926 0.999992 0.999999 1 1 1 1 1 1 1 1 1 1 1 1 1 1 1 1 1 1 1 1 1 1 1 1 1 1 1 1 1 1 1 1 1 1 1 1 1 1 1 1 1 1 1 0.999999 0.999992 0.999926 0.999534 0.996164 0.981559 0.883744 0.678796 0.74867 0.798667 0.887351 0.930161 0.952625 0.96264 0.966702 0.968072 0.968299 0.968072 0.967689 0.967273 0.966876 0.966518 0.966207 0.965945 0.965731 0.965566 0.965449 0.965379 
0.909386 0.909444 0.909619 0.909912 0.910325 0.91086 0.911519 0.912304 0.913212 0.914233 0.915335 0.916435 0.91732 0.91746 0.915581 0.908633 0.890299 0.846651 0.769239 0.628575 0.624172 0.78079 0.93466 0.990111 0.998284 0.999775 0.99997 0.999996 1 1 1 1 1 1 1 1 1 1 1 1 1 1 1 1 1 1 1 1 1 1 1 1 1 1 1 1 1 1 1 1 1 1 1 1 1 1 1 1 1 1 1 1 1 0.999996 0.99997 0.999775 0.998284 0.990111 0.93466 0.78079 0.624172 0.628575 0.769239 0.846651 0.890299 0.908633 0.915581 0.91746 0.91732 0.916435 0.915335 0.914233 0.913212 0.912304 0.911519 0.91086 0.910325 0.909912 0.909619 0.909444 
0.781179 0.7813 0.781662 0.782269 0.783126 0.784238 0.785612 0.787255 0.78917 0.791348 0.793752 0.796272 0.798607 0.799975 0.79838 0.789003 0.760591 0.694096 0.570315 0.478746 0.724756 0.899618 0.982161 0.996262 0.99949 0.99992 0.999991 0.999999 1 1 1 1 1 1 1 1 1 1 1 1 1 1 1 1 1 1 1 1 1 1 1 1 1 1 1 1 1 1 1 1 1 1 1 1 1 1 1 1 1 1 1 1 1 0.999999 0.999991 0.99992 0.99949 0.996262 0.982161 0.899618 0.724756 0.478746 0.570315 0.694096 0.760591 0.789003 0.79838 0.799975 0.798607 0.796272 0.793752 0.791348 0.78917 0.787255 0.785612 0.784238 0.783126 0.782269 0.781662 0.7813 
0.572994 0.573133 0.57355 0.574252 0.575247 0.576549 0.578173 0.580137 0.582459 0.585149 0.588194 0.591512 0.594829 0.597366 0.597044 0.588675 0.561252 0.500579 0.431037 0.510352 0.826006 0.959474 0.992155 0.998737 0.999806 0.999975 0.999997 1 1 1 1 1 1 1 1 1 1 1 1 1 1 1 1 1 1 1 1 1 1 1 1 1 1 1 1 1 1 1 1 1 1 1 1 1 1 1 1 1 1 1 1 1 1 1 0.999997 0.999975 0.999806 0.998737 0.992155 0.959474 0.826006 0.510352 0.431037 0.500579 0.561252 0.588675 0.597044 0.597366 0.594829 0.591512 0.588194 0.585149 0.582459 0.580137 0.578173 0.576549 0.575247 0.574252 0.57355 0.573133 
