0 68600 59575 55850 65975
100 68625 59600 55800 65975
200 68650 59625 55800 65925
300 68675 59650 55850 65825
400 68675 59675 55800 65850
500 68650 59675 55800 65875
600 68600 59675 55900 65825
700 68650 59700 55900 65750
800 68650 59725 55800 65825
900 68625 59725 55925 65725
1000 68575 59750 55875 65800
1100 68575 59750 55925 65750
1200 68550 59775 55950 65725
1300 68550 59775 56000 65675
1400 68550 59775 55875 65800
1500 68650 59700 55875 65775
1600 68625 59725 55875 65775
1700 68600 59725 55875 65800
1800 68675 59675 55900 65750
1900 68675 59700 55925 65700
2000 68650 59675 56000 65675
2100 68700 59675 56050 65575
2200 68700 59725 55950 65625
2300 68700 59725 55975 65600
2400 68675 59750 56000 65575
2500 68650 59750 56025 65575
2600 68650 59750 56050 65550
2700 68650 59750 56050 65550
2800 68725 59775 56000 65500
2900 68725 59750 56000 65525
3000 68725 59775 55975 65525
3100 68700 59825 55950 65525
3200 68700 59825 55975 65500
3300 68725 59825 56000 65450
3400 68725 59850 56000 65425
3500 68700 59875 56050 65375
3600 68725 59850 56050 65375
3700 68750 59850 56000 65400
3800 68750 59825 55975 65450
3900 68700 59825 56000 65475
4000 68675 59850 56000 65475
4100 68675 59850 55975 65500
4200 68725 59850 55950 65475
4300 68725 59875 55925 65475
4400 68700 59875 55950 65475
4500 68675 59875 55950 65500
4600 68700 59900 55900 65500
4700 68725 59900 55925 65450
4800 68725 59875 55950 65450
4900 68725 59825 56025 65425
5000 68750 59775 56025 65450
5100 68725 59775 56050 65450
5200 68700 59800 56075 65425
5300 68725 59800 56050 65425
5400 68725 59800 56075 65400
5500 68750 59800 56075 65375
5600 68825 59800 56075 65300
5700 68775 59825 56075 65325
5800 68775 59825 56075 65325
5900 68725 59850 56075 65350
6000 68775 59875 56050 65300
6100 68775 59825 56050 65350
6200 68775 59825 56050 65350
6300 68750 59825 56075 65350
6400 68725 59850 56075 65350
6500 68750 59850 56050 65350
6600 68750 59850 56075 65325
6700 68700 59875 56100 65325
6800 68675 59875 56100 65350
6900 68625 59925 56100 65350
7000 68600 59950 56100 65350
7100 68600 59950 56075 65375
7200 68675 59925 56075 65325
7300 68625 59925 56025 65425
7400 68625 59925 56050 65400
7500 68625 59925 56075 65375
7600 68625 59950 56050 65375
7700 68600 59975 56025 65400
7800 68575 59975 56050 65400
7900 68600 59975 56025 65400
8000 68600 59975 56025 65400
8100 68650 59925 56025 65400
8200 68675 59875 56125 65325
8300 68675 59875 56125 65325
8400 68650 59925 56075 65350
8500 68650 59925 56050 65375
8600 68650 59925 56075 65350
8700 68650 59925 56075 65350
8800 68675 59950 56025 65350
8900 68675 59950 56050 65325
9000 68650 59950 56050 65350
9100 68650 59950 56050 65350
9200 68700 59925 56125 65250
9300 68725 59925 56100 65250
9400 68700 59975 56075 65250
9500 68700 59950 56050 65300
9600 68725 59950 56050 65275
9700 68725 59925 56100 65250
9800 68725 59925 56075 65275
9900 68700 59925 56075 65300
10000 68725 59900 56050 65325
10100 68700 59925 56050 65325
10200 68625 59975 56075 65325
10300 68650 59975 56075 65300
10400 68650 59975 56075 65300
10500 68675 59975 56075 65275
10600 68675 59975 56050 65300
10700 68700 59900 56125 65275
10800 68700 59900 56100 65300
10900 68700 59900 56100 65300
11000 68700 59925 56075 65300
11100 68675 59925 56100 65300
11200 68675 59925 56100 65300
11300 68725 59925 56125 65225
11400 68725 59975 56075 65225
11500 68725 59975 56100 65200
11600 68750 59975 56100 65175
11700 68750 59975 56100 65175
11800 68775 59975 56050 65200
11900 68775 59975 56050 65200
12000 68800 60000 56000 65200
12100 68775 60000 56000 65225
12200 68750 60050 56000 65200
12300 68775 60050 56000 65175
12400 68750 60025 56000 65225
12500 68750 60025 56000 65225
12600 68800 60025 56000 65175
12700 68800 60025 55975 65200
12800 68775 60050 55950 65225
12900 68750 60050 55975 65225
13000 68775 60050 55950 65225
13100 68775 60050 55950 65225
13200 68775 60050 55975 65200
13300 68800 60050 55950 65200
13400 68750 60050 56000 65200
13500 68750 60050 56000 65200
13600 68725 60075 56000 65200
13700 68725 60075 56000 65200
13800 68725 60100 55975 65200
13900 68750 60125 55950 65175
14000 68750 60150 55950 65150
14100 68725 60125 55975 65175
14200 68675 60150 56000 65175
14300 68675 60150 56000 65175
14400 68650 60150 56025 65175
14500 68700 60175 55975 65150
14600 68700 60175 55975 65150
14700 68675 60200 55975 65150
14800 68675 60200 55975 65150
14900 68675 60225 55950 65150
15000 68675 60225 55950 65150
15100 68700 60200 55950 65150
15200 68700 60200 55950 65150
15300 68725 60175 55950 65150
15400 68750 60175 55950 65125
15500 68750 60175 55925 65150
15600 68800 60150 55950 65100
15700 68800 60150 55950 65100
15800 68775 60150 55975 65100
15900 68775 60125 55975 65125
16000 68800 60125 56000 65075
16100 68825 60125 56000 65050
16200 68825 60125 56000 65050
16300 68850 60075 56025 65050
16400 68850 60050 56025 65075
16500 68850 60025 56025 65100
16600 68825 60000 56075 65100
16700 68825 60000 56075 65100
16800 68850 60000 56075 65075
16900 68850 60025 56050 65075
17000 68825 60025 56075 65075
17100 68825 60025 56050 65100
17200 68825 60025 56050 65100
17300 68800 60050 56050 65100
17400 68825 60050 56075 65050
17500 68850 60050 56050 65050
17600 68850 60050 56050 65050
17700 68850 60075 56025 65050
17800 68850 60075 56025 65050
17900 68850 60100 56000 65050
18000 68850 60100 56000 65050
18100 68825 60100 56000 65075
18200 68825 60150 55950 65075
18300 68825 60150 55950 65075
18400 68850 60150 55925 65075
18500 68875 60150 55925 65050
18600 68850 60150 55925 65075
18700 68825 60150 55950 65075
18800 68800 60150 55975 65075
18900 68800 60125 55975 65100
19000 68775 60150 55975 65100
19100 68750 60175 55975 65100
19200 68725 60175 56025 65075
19300 68725 60175 56025 65075
19400 68750 60150 56025 65075
19500 68750 60100 56050 65100
19600 68750 60100 56050 65100
19700 68750 60075 56100 65075
19800 68750 60075 56100 65075
19900 68775 60075 56075 65075
20000 68750 60050 56125 65075
20100 68725 60050 56150 65075
20200 68775 60050 56150 65025
20300 68750 60075 56125 65050
20400 68725 60075 56150 65050
20500 68700 60075 56175 65050
20600 68675 60100 56175 65050
20700 68675 60100 56150 65075
20800 68650 60100 56175 65075
20900 68650 60100 56200 65050
21000 68675 60100 56200 65025
21100 68650 60125 56200 65025
21200 68625 60150 56175 65050
21300 68625 60150 56175 65050
21400 68625 60100 56200 65075
21500 68650 60100 56200 65050
21600 68675 60100 56150 65075
21700 68650 60125 56150 65075
21800 68625 60125 56200 65050
21900 68625 60150 56175 65050
22000 68625 60150 56175 65050
22100 68600 60175 56175 65050
22200 68600 60175 56175 65050
22300 68600 60175 56175 65050
22400 68625 60200 56150 65025
22500 68625 60175 56200 65000
22600 68625 60150 56225 65000
22700 68625 60200 56175 65000
22800 68675 60200 56125 65000
22900 68675 60175 56125 65025
23000 68675 60175 56125 65025
23100 68675 60175 56125 65025
23200 68675 60150 56150 65025
23300 68675 60125 56175 65025
23400 68675 60125 56175 65025
23500 68675 60150 56175 65000
23600 68675 60150 56175 65000
23700 68700 60150 56175 64975
23800 68700 60150 56200 64950
23900 68700 60150 56200 64950
24000 68700 60150 56225 64925
24100 68750 60100 56225 64925
24200 68750 60100 56225 64925
24300 68775 60075 56225 64925
24400 68775 60075 56225 64925
24500 68800 60050 56225 64925
24600 68750 60075 56250 64925
24700 68750 60050 56250 64950
24800 68750 60050 56250 64950
24900 68750 60050 56250 64950
25000 68750 60050 56250 64950
25100 68775 60025 56250 64950
25200 68775 60025 56250 64950
25300 68775 60025 56250 64950
25400 68800 60025 56225 64950
25500 68800 60050 56225 64925
25600 68775 60050 56250 64925
25700 68775 60050 56250 64925
25800 68775 60025 56250 64950
25900 68775 60025 56250 64950
26000 68750 60025 56275 64950
26100 68750 60025 56275 64950
26200 68750 60025 56275 64950
26300 68750 60025 56275 64950
26400 68750 60000 56250 65000
26500 68725 60025 56250 65000
26600 68725 60025 56250 65000
26700 68725 60000 56275 65000
26800 68725 60000 56275 65000
26900 68725 59975 56300 65000
27000 68700 60000 56275 65025
27100 68700 60000 56275 65025
27200 68700 60000 56275 65025
27300 68675 60000 56300 65025
27400 68675 60025 56275 65025
27500 68675 60025 56300 65000
27600 68675 60025 56300 65000
27700 68650 60050 56275 65025
27800 68650 60050 56250 65050
27900 68650 60050 56250 65050
28000 68650 60025 56250 65075
28100 68675 60000 56250 65075
28200 68675 60025 56225 65075
28300 68675 60025 56225 65075
28400 68675 60050 56225 65050
28500 68675 60075 56200 65050
28600 68675 60075 56200 65050
28700 68675 60075 56200 65050
28800 68725 60100 56150 65025
28900 68750 60075 56150 65025
29000 68750 60075 56125 65050
29100 68725 60100 56125 65050
29200 68725 60100 56125 65050
29300 68725 60100 56125 65050
29400 68725 60100 56100 65075
29500 68725 60100 56100 65075
29600 68725 60125 56075 65075
29700 68700 60100 56100 65100
29800 68700 60100 56100 65100
29900 68700 60100 56125 65075
30000 68725 60075 56100 65100
30100 68750 60075 56100 65075
30200 68775 60075 56075 65075
30300 68775 60075 56075 65075
30400 68800 60050 56075 65075
30500 68825 60050 56075 65050
30600 68825 60025 56075 65075
30700 68800 60025 56100 65075
30800 68800 60025 56100 65075
30900 68800 60025 56100 65075
31000 68775 60025 56125 65075
31100 68775 60025 56125 65075
31200 68775 60025 56100 65100
31300 68750 60050 56100 65100
31400 68775 60025 56075 65125
31500 68775 60025 56075 65125
31600 68800 60000 56075 65125
31700 68800 60000 56075 65125
31800 68800 60000 56100 65100
31900 68825 60000 56100 65075
32000 68850 60000 56075 65075
32100 68850 60000 56075 65075
32200 68850 60000 56100 65050
32300 68850 60000 56100 65050
32400 68875 60000 56100 65025
32500 68900 59950 56100 65050
32600 68900 59925 56100 65075
32700 68900 59925 56100 65075
32800 68875 59950 56100 65075
32900 68900 59925 56100 65075
33000 68900 59925 56075 65100
33100 68900 59925 56075 65100
33200 68925 59900 56100 65075
33300 68925 59875 56100 65100
33400 68925 59875 56100 65100
33500 68900 59875 56125 65100
33600 68925 59850 56125 65100
33700 68925 59850 56125 65100
33800 68925 59850 56100 65125
33900 68925 59825 56100 65150
34000 68925 59825 56100 65150
34100 68925 59825 56100 65150
34200 68925 59800 56100 65175
34300 68900 59800 56100 65200
34400 68900 59800 56100 65200
34500 68925 59775 56075 65225
34600 68950 59700 56075 65275
34700 68950 59700 56075 65275
34800 68950 59700 56075 65275
34900 68950 59675 56100 65275
35000 68950 59675 56100 65275
35100 68950 59675 56100 65275
35200 68950 59675 56100 65275
35300 68950 59650 56100 65300
35400 68950 59675 56075 65300
35500 68950 59675 56050 65325
35600 68925 59700 56075 65300
35700 68900 59725 56075 65300
35800 68900 59725 56075 65300
35900 68900 59725 56075 65300
36000 68900 59725 56075 65300
36100 68875 59750 56075 65300
36200 68925 59750 56050 65275
36300 68925 59800 56000 65275
36400 68925 59800 56000 65275
36500 68925 59825 55975 65275
36600 68925 59850 55950 65275
36700 68925 59850 55950 65275
36800 68900 59850 55975 65275
36900 68900 59850 55975 65275
37000 68875 59875 55950 65300
37100 68875 59875 55950 65300
37200 68875 59875 55950 65300
37300 68875 59875 55950 65300
37400 68900 59850 55950 65300
37500 68900 59850 55950 65300
37600 68900 59850 55950 65300
37700 68900 59850 55950 65300
37800 68900 59825 55950 65325
37900 68900 59825 55950 65325
38000 68900 59825 55950 65325
38100 68900 59825 55950 65325
38200 68900 59825 55950 65325
38300 68875 59875 55925 65325
38400 68850 59875 55950 65325
38500 68875 59875 55950 65300
38600 68875 59875 55950 65300
38700 68875 59850 55975 65300
38800 68875 59850 55975 65300
38900 68875 59850 55975 65300
39000 68875 59850 55975 65300
39100 68875 59850 56000 65275
39200 68875 59850 55975 65300
39300 68875 59850 55975 65300
39400 68875 59850 55975 65300
39500 68875 59850 55975 65300
39600 68875 59850 55975 65300
39700 68875 59850 55975 65300
39800 68850 59875 55975 65300
39900 68850 59875 55975 65300
40000 68850 59875 55975 65300
40100 68850 59850 55975 65325
40200 68850 59850 55975 65325
40300 68850 59850 55975 65325
40400 68800 59875 56000 65325
40500 68800 59875 56000 65325
40600 68775 59875 56025 65325
40700 68800 59875 56000 65325
40800 68800 59875 56000 65325
40900 68800 59875 56000 65325
41000 68800 59875 56000 65325
41100 68800 59875 56000 65325
41200 68800 59900 55975 65325
41300 68825 59900 55950 65325
41400 68850 59900 55950 65300
41500 68850 59900 55950 65300
41600 68850 59900 55950 65300
41700 68850 59925 55925 65300
41800 68875 59900 55925 65300
41900 68875 59900 55925 65300
42000 68875 59900 55925 65300
42100 68875 59875 55925 65325
42200 68875 59900 55925 65300
42300 68875 59900 55925 65300
42400 68875 59875 55950 65300
42500 68850 59875 55975 65300
42600 68850 59875 55975 65300
42700 68850 59875 55975 65300
42800 68850 59875 55975 65300
42900 68850 59875 55950 65325
43000 68850 59875 55950 65325
43100 68850 59875 55975 65300
43200 68850 59875 55975 65300
43300 68875 59875 55975 65275
43400 68875 59875 55975 65275
43500 68875 59900 55950 65275
43600 68900 59900 55950 65250
43700 68900 59900 55950 65250
43800 68900 59900 55950 65250
43900 68900 59875 55950 65275
44000 68875 59900 55950 65275
44100 68825 59900 55975 65300
44200 68825 59900 55975 65300
44300 68775 59925 56000 65300
44400 68775 59925 56000 65300
44500 68775 59925 56000 65300
44600 68775 59925 56000 65300
44700 68800 59900 56000 65300
44800 68800 59900 56000 65300
44900 68825 59925 55975 65275
45000 68850 59925 55975 65250
45100 68850 59925 55975 65250
45200 68875 59950 55950 65225
45300 68875 59950 55950 65225
45400 68900 59950 55925 65225
45500 68875 59925 55925 65275
45600 68875 59925 55925 65275
45700 68875 59925 55925 65275
45800 68900 59925 55925 65250
45900 68900 59900 55950 65250
46000 68900 59900 55950 65250
46100 68925 59925 55925 65225
46200 68925 59950 55900 65225
46300 68925 59975 55900 65200
46400 68925 60000 55875 65200
46500 68950 60000 55850 65200
46600 68975 59950 55875 65200
46700 68975 59950 55875 65200
46800 68950 59925 55900 65225
46900 68950 59925 55900 65225
47000 68950 59925 55900 65225
47100 68950 59925 55900 65225
47200 68975 59900 55900 65225
47300 68975 59900 55900 65225
47400 68975 59900 55900 65225
47500 68950 59900 55950 65200
47600 68950 59900 55950 65200
47700 68950 59900 55950 65200
47800 68950 59900 55950 65200
47900 68925 59900 55975 65200
48000 68925 59900 55975 65200
48100 68925 59875 55975 65225
48200 68925 59875 55975 65225
48300 68925 59875 55975 65225
48400 68925 59875 55975 65225
48500 68925 59875 55975 65225
48600 68900 59900 55975 65225
48700 68900 59900 55950 65250
48800 68900 59900 55950 65250
48900 68900 59925 55950 65225
49000 68900 59925 55950 65225
49100 68900 59925 55950 65225
49200 68875 59900 55975 65250
49300 68875 59900 55975 65250
49400 68875 59900 55975 65250
49500 68875 59900 55975 65250
49600 68875 59900 55975 65250
49700 68875 59900 55975 65250
49800 68875 59900 55975 65250
49900 68850 59900 56000 65250
50000 68850 59925 55975 65250
50100 68850 59925 55975 65250
50200 68850 59900 55975 65275
50300 68850 59925 55950 65275
50400 68850 59925 55950 65275
50500 68850 59925 55950 65275
50600 68850 59925 55950 65275
50700 68825 59925 55975 65275
50800 68825 59925 55950 65300
50900 68825 59925 55950 65300
51000 68825 59925 55950 65300
51100 68825 59925 55950 65300
51200 68800 59900 55975 65325
51300 68800 59900 55975 65325
51400 68800 59900 55975 65325
51500 68800 59900 55975 65325
51600 68800 59900 55975 65325
51700 68800 59900 55975 65325
51800 68825 59900 55950 65325
51900 68825 59900 55975 65300
52000 68825 59900 55975 65300
52100 68850 59875 55975 65300
52200 68850 59850 56000 65300
52300 68850 59850 56000 65300
52400 68850 59850 56000 65300
52500 68850 59850 56000 65300
52600 68850 59850 56000 65300
52700 68850 59850 56000 65300
52800 68850 59850 56000 65300
52900 68850 59850 56000 65300
53000 68850 59850 56000 65300
53100 68850 59875 55975 65300
53200 68850 59875 55975 65300
53300 68850 59875 55975 65300
53400 68850 59900 55975 65275
53500 68875 59900 55975 65250
53600 68875 59925 55950 65250
53700 68900 59925 55950 65225
53800 68875 59925 55975 65225
53900 68875 59925 55975 65225
54000 68875 59925 55975 65225
54100 68875 59925 55975 65225
54200 68875 59925 55975 65225
54300 68875 59925 55975 65225
54400 68875 59925 55975 65225
54500 68875 59900 56000 65225
54600 68875 59900 56000 65225
54700 68875 59900 56000 65225
54800 68875 59900 56000 65225
54900 68875 59900 56000 65225
55000 68875 59925 55975 65225
55100 68875 59925 55950 65250
55200 68875 59925 55950 65250
55300 68875 59925 55950 65250
55400 68875 59925 55950 65250
55500 68875 59925 55950 65250
55600 68875 59950 55925 65250
55700 68875 59950 55925 65250
55800 68875 59975 55900 65250
55900 68875 59975 55900 65250
56000 68875 59975 55925 65225
56100 68875 59975 55925 65225
56200 68850 60000 55925 65225
56300 68850 60000 55925 65225
56400 68850 60000 55925 65225
56500 68850 59975 55950 65225
56600 68825 59975 55975 65225
56700 68825 59975 55975 65225
56800 68850 59950 55975 65225
56900 68825 59950 56000 65225
57000 68825 59950 56000 65225
57100 68825 59950 56000 65225
57200 68825 59950 56000 65225
57300 68825 59950 56000 65225
57400 68825 59975 55975 65225
57500 68825 59975 55975 65225
57600 68850 59975 55950 65225
57700 68850 59975 55950 65225
57800 68850 59950 55975 65225
57900 68850 59950 55975 65225
58000 68850 59950 55975 65225
58100 68850 59950 55950 65250
58200 68850 59925 55950 65275
58300 68850 59925 55950 65275
58400 68850 59925 55950 65275
58500 68850 59925 55950 65275
58600 68850 59925 55950 65275
58700 68850 59950 55925 65275
58800 68850 59950 55925 65275
58900 68850 59950 55925 65275
59000 68850 59950 55925 65275
59100 68850 59950 55925 65275
59200 68825 59950 55950 65275
59300 68825 59975 55925 65275
59400 68825 59975 55950 65250
59500 68825 59975 55950 65250
59600 68825 59975 55950 65250
59700 68825 59975 55950 65250
59800 68825 59975 55950 65250
59900 68825 59975 55950 65250
60000 68825 59975 55950 65250
60100 68825 59975 55950 65250
60200 68825 60000 55950 65225
60300 68825 60000 55950 65225
60400 68825 60000 55950 65225
60500 68825 60025 55925 65225
60600 68825 60025 55925 65225
60700 68825 60025 55925 65225
60800 68825 60025 55925 65225
60900 68825 60025 55925 65225
61000 68825 60025 55925 65225
61100 68875 60025 55925 65175
61200 68875 60050 55900 65175
61300 68875 60050 55900 65175
61400 68850 60075 55900 65175
61500 68825 60075 55925 65175
61600 68825 60075 55925 65175
61700 68825 60075 55925 65175
61800 68825 60075 55925 65175
61900 68825 60075 55925 65175
62000 68825 60075 55925 65175
62100 68825 60075 55925 65175
62200 68825 60075 55925 65175
62300 68825 60075 55925 65175
62400 68825 60075 55950 65150
62500 68825 60075 55950 65150
62600 68800 60100 55950 65150
62700 68800 60100 55950 65150
62800 68800 60100 55950 65150
62900 68800 60100 55950 65150
63000 68825 60075 55950 65150
63100 68825 60050 55975 65150
63200 68800 60050 55975 65175
63300 68800 60050 55975 65175
63400 68800 60050 55975 65175
63500 68800 60050 55975 65175
63600 68800 60050 55975 65175
63700 68775 60050 56000 65175
63800 68775 60050 56000 65175
63900 68775 60050 56000 65175
64000 68775 60050 56000 65175
64100 68775 60050 56000 65175
64200 68800 60050 56000 65150
64300 68800 60050 56000 65150
64400 68800 60050 56000 65150
64500 68800 60050 56000 65150
64600 68800 60075 55975 65150
64700 68800 60075 55975 65150
64800 68800 60075 55975 65150
64900 68800 60075 55975 65150
65000 68800 60075 55975 65150
65100 68800 60100 56000 65100
65200 68800 60100 56000 65100
65300 68800 60100 56000 65100
65400 68825 60100 56000 65075
65500 68825 60100 56000 65075
65600 68825 60100 56000 65075
65700 68775 60100 56025 65100
65800 68775 60100 56025 65100
65900 68775 60100 56025 65100
66000 68775 60100 56025 65100
66100 68775 60100 56025 65100
66200 68775 60100 56025 65100
66300 68775 60125 56000 65100
66400 68775 60125 56000 65100
66500 68775 60125 56000 65100
66600 68775 60125 56000 65100
66700 68775 60125 56000 65100
66800 68750 60150 56000 65100
66900 68775 60150 56000 65075
67000 68800 60125 56000 65075
67100 68800 60125 56000 65075
67200 68800 60125 56000 65075
67300 68775 60125 56025 65075
67400 68775 60125 56025 65075
67500 68750 60125 56075 65050
67600 68725 60125 56075 65075
67700 68725 60125 56075 65075
67800 68750 60150 56050 65050
67900 68750 60150 56050 65050
68000 68750 60175 56000 65075
68100 68750 60175 56000 65075
68200 68750 60175 56000 65075
68300 68750 60175 56000 65075
68400 68750 60175 56000 65075
68500 68750 60150 56025 65075
68600 68725 60150 56025 65100
68700 68725 60150 56025 65100
68800 68725 60150 56025 65100
68900 68725 60175 56025 65075
69000 68725 60175 56025 65075
69100 68725 60175 56025 65075
69200 68750 60175 56025 65050
69300 68750 60175 56025 65050
69400 68750 60150 56050 65050
69500 68750 60150 56050 65050
69600 68750 60150 56050 65050
69700 68750 60150 56050 65050
69800 68750 60150 56050 65050
69900 68750 60150 56050 65050
70000 68775 60150 56025 65050
70100 68775 60150 56025 65050
70200 68775 60150 56025 65050
70300 68775 60150 56025 65050
70400 68775 60150 56025 65050
70500 68775 60150 56025 65050
70600 68775 60150 56025 65050
70700 68775 60150 56025 65050
70800 68800 60125 56025 65050
70900 68825 60125 56000 65050
71000 68825 60125 56000 65050
71100 68825 60125 56000 65050
71200 68850 60125 56000 65025
71300 68875 60100 56000 65025
71400 68875 60100 56000 65025
71500 68875 60100 56000 65025
71600 68875 60075 56000 65050
71700 68875 60075 56000 65050
71800 68875 60075 56000 65050
71900 68875 60100 56000 65025
72000 68875 60100 56000 65025
72100 68875 60100 56000 65025
72200 68875 60100 56000 65025
72300 68875 60100 56000 65025
72400 68850 60100 56025 65025
72500 68850 60100 56025 65025
72600 68850 60100 56050 65000
72700 68850 60100 56050 65000
72800 68875 60100 56050 64975
72900 68875 60100 56050 64975
73000 68850 60125 56050 64975
73100 68850 60125 56050 64975
73200 68850 60150 56025 64975
73300 68850 60150 56025 64975
73400 68850 60150 56025 64975
73500 68850 60150 56025 64975
73600 68850 60175 56000 64975
73700 68850 60175 56000 64975
73800 68825 60200 56000 64975
73900 68825 60200 56000 64975
74000 68825 60175 56025 64975
74100 68850 60175 56025 64950
74200 68850 60175 56025 64950
74300 68850 60175 56025 64950
74400 68850 60175 56025 64950
74500 68850 60200 56025 64925
74600 68850 60200 56025 64925
74700 68850 60200 56025 64925
74800 68850 60200 56025 64925
74900 68850 60225 56000 64925
75000 68850 60225 56000 64925
75100 68850 60250 55975 64925
75200 68850 60250 55975 64925
75300 68875 60250 55975 64900
75400 68875 60250 55975 64900
75500 68875 60250 55975 64900
75600 68875 60250 55975 64900
75700 68875 60250 55975 64900
75800 68875 60250 55975 64900
75900 68900 60250 55950 64900
76000 68900 60250 55950 64900
76100 68900 60250 55950 64900
76200 68925 60275 55925 64875
76300 68925 60275 55925 64875
76400 68925 60275 55925 64875
76500 68925 60275 55925 64875
76600 68925 60275 55925 64875
76700 68925 60300 55925 64850
76800 68925 60300 55925 64850
76900 68925 60300 55925 64850
77000 68925 60300 55925 64850
77100 68900 60300 55950 64850
77200 68900 60300 55950 64850
77300 68900 60300 55950 64850
77400 68900 60300 55950 64850
77500 68900 60300 55950 64850
77600 68900 60300 55950 64850
77700 68900 60300 55950 64850
77800 68900 60300 55950 64850
77900 68900 60300 55950 64850
78000 68900 60300 55950 64850
78100 68900 60300 55950 64850
78200 68900 60300 55950 64850
78300 68900 60300 55950 64850
78400 68900 60300 55950 64850
78500 68900 60300 55950 64850
78600 68900 60300 55950 64850
78700 68900 60300 55950 64850
78800 68900 60350 55925 64825
78900 68900 60350 55925 64825
79000 68900 60350 55925 64825
79100 68900 60350 55925 64825
79200 68900 60350 55925 64825
79300 68900 60350 55925 64825
79400 68900 60350 55925 64825
79500 68900 60350 55925 64825
79600 68900 60350 55925 64825
79700 68900 60325 55950 64825
79800 68900 60300 55975 64825
79900 68900 60300 55975 64825
80000 68900 60300 55975 64825
80100 68925 60300 55975 64800
80200 68925 60300 56000 64775
80300 68925 60300 56000 64775
80400 68925 60300 56000 64775
80500 68925 60300 56000 64775
80600 68950 60300 55975 64775
80700 68950 60300 55950 64800
80800 68950 60300 55950 64800
80900 68950 60300 55950 64800
81000 68950 60300 55950 64800
81100 68950 60300 55950 64800
81200 68950 60300 55950 64800
81300 68950 60300 55950 64800
81400 68950 60300 55950 64800
81500 68925 60300 55975 64800
81600 68925 60300 55975 64800
81700 68925 60300 56000 64775
81800 68925 60300 56000 64775
81900 68925 60300 56000 64775
82000 68925 60325 55975 64775
82100 68925 60325 55975 64775
82200 68925 60325 55975 64775
82300 68925 60325 55975 64775
82400 68925 60325 55975 64775
82500 68925 60325 55975 64775
82600 68925 60325 55975 64775
82700 68925 60325 55975 64775
82800 68925 60325 55975 64775
82900 68925 60325 55975 64775
83000 68925 60350 55950 64775
83100 68925 60350 55950 64775
83200 68925 60350 55950 64775
83300 68925 60350 55950 64775
83400 68925 60375 55925 64775
83500 68925 60375 55925 64775
83600 68925 60375 55925 64775
83700 68900 60400 55925 64775
83800 68900 60400 55925 64775
83900 68900 60400 55925 64775
84000 68900 60400 55925 64775
84100 68900 60400 55925 64775
84200 68900 60400 55925 64775
84300 68900 60400 55925 64775
84400 68900 60400 55925 64775
84500 68925 60400 55900 64775
84600 68950 60400 55900 64750
84700 68950 60400 55900 64750
84800 68950 60400 55925 64725
84900 68950 60400 55925 64725
85000 68950 60400 55925 64725
85100 68950 60400 55925 64725
85200 68925 60425 55925 64725
85300 68900 60425 55950 64725
85400 68900 60425 55950 64725
85500 68900 60425 55950 64725
85600 68900 60400 55975 64725
85700 68900 60400 55975 64725
85800 68900 60400 55975 64725
85900 68900 60400 55975 64725
86000 68900 60400 55975 64725
86100 68925 60400 55975 64700
86200 68925 60400 55975 64700
86300 68925 60400 55975 64700
86400 68925 60400 55975 64700
86500 68925 60400 55975 64700
86600 68900 60425 55975 64700
86700 68900 60425 55975 64700
86800 68900 60425 55975 64700
86900 68900 60425 55975 64700
87000 68900 60425 55975 64700
87100 68900 60425 55975 64700
87200 68900 60425 55975 64700
87300 68900 60425 55975 64700
87400 68900 60425 55975 64700
87500 68900 60425 55975 64700
87600 68900 60450 55950 64700
87700 68900 60450 55950 64700
87800 68900 60450 55950 64700
87900 68900 60450 55950 64700
88000 68900 60450 55975 64675
88100 68925 60450 55950 64675
88200 68925 60450 55950 64675
88300 68925 60450 55950 64675
88400 68925 60425 55975 64675
88500 68900 60425 56000 64675
88600 68900 60425 56000 64675
88700 68900 60425 56000 64675
88800 68900 60425 56000 64675
88900 68900 60425 56000 64675
89000 68900 60425 56000 64675
89100 68900 60425 56000 64675
89200 68900 60425 56000 64675
89300 68900 60425 56000 64675
89400 68900 60425 56000 64675
89500 68900 60425 56000 64675
89600 68900 60425 56000 64675
89700 68900 60425 56000 64675
89800 68900 60425 56000 64675
89900 68900 60425 56000 64675
90000 68900 60425 56000 64675
90100 68900 60425 56000 64675
90200 68900 60450 55975 64675
90300 68900 60450 55975 64675
90400 68900 60450 55975 64675
90500 68900 60450 55975 64675
90600 68900 60450 55975 64675
90700 68900 60450 55975 64675
90800 68900 60450 55975 64675
90900 68900 60450 55975 64675
91000 68900 60450 55975 64675
91100 68900 60450 55975 64675
91200 68875 60475 55975 64675
91300 68875 60475 55975 64675
91400 68900 60475 55950 64675
91500 68900 60450 55975 64675
91600 68900 60450 55975 64675
91700 68900 60450 56000 64650
91800 68900 60450 56000 64650
91900 68900 60450 56000 64650
92000 68925 60450 56000 64625
92100 68925 60450 56000 64625
92200 68900 60450 56000 64650
92300 68900 60450 56000 64650
92400 68900 60450 56000 64650
92500 68900 60450 56000 64650
92600 68900 60450 56000 64650
92700 68900 60450 56000 64650
92800 68900 60450 56000 64650
92900 68900 60450 55975 64675
93000 68900 60450 55975 64675
93100 68900 60450 55975 64675
93200 68900 60450 55975 64675
93300 68900 60450 55975 64675
93400 68900 60475 55950 64675
93500 68875 60475 55975 64675
93600 68875 60475 55975 64675
93700 68900 60475 55975 64650
93800 68900 60475 55975 64650
93900 68900 60475 55975 64650
94000 68900 60475 55975 64650
94100 68900 60475 55975 64650
94200 68900 60475 55975 64650
94300 68900 60475 55975 64650
94400 68900 60500 55950 64650
94500 68900 60500 55950 64650
94600 68900 60500 55950 64650
94700 68900 60500 55950 64650
94800 68900 60500 55950 64650
94900 68900 60500 55950 64650
95000 68900 60500 55950 64650
95100 68900 60500 55950 64650
95200 68900 60500 55950 64650
95300 68900 60500 55950 64650
95400 68900 60500 55950 64650
95500 68875 60500 55975 64650
95600 68850 60500 55975 64675
95700 68850 60500 55975 64675
95800 68850 60500 55975 64675
95900 68850 60500 56000 64650
96000 68850 60500 56000 64650
96100 68850 60500 56000 64650
96200 68850 60500 56000 64650
96300 68850 60500 56000 64650
96400 68850 60500 56000 64650
96500 68850 60500 56000 64650
96600 68850 60500 56000 64650
96700 68850 60500 56000 64650
96800 68850 60500 56000 64650
96900 68850 60525 55975 64650
97000 68850 60525 55975 64650
97100 68850 60500 56000 64650
97200 68825 60500 56025 64650
97300 68825 60525 56000 64650
97400 68825 60525 56000 64650
97500 68825 60500 56025 64650
97600 68825 60500 56025 64650
97700 68825 60500 56025 64650
97800 68825 60500 56025 64650
97900 68825 60500 56025 64650
98000 68850 60500 56025 64625
98100 68825 60500 56025 64650
98200 68825 60500 56025 64650
98300 68825 60500 56025 64650
98400 68825 60500 56025 64650
98500 68825 60500 56025 64650
98600 68800 60500 56050 64650
98700 68800 60500 56050 64650
98800 68800 60500 56050 64650
98900 68800 60500 56050 64650
99000 68800 60500 56050 64650
99100 68800 60500 56050 64650
99200 68800 60500 56050 64650
99300 68800 60500 56050 64650
99400 68800 60500 56050 64650
99500 68800 60500 56050 64650
99600 68800 60500 56050 64650
99700 68800 60500 56050 64650
99800 68800 60500 56050 64650
99900 68775 60500 56075 64650
100000 68775 60500 56075 64650
