# gr0gr1_gb gr0gr2_gb gr0gr3_gb gr1gr2_gb gr1gr3_gb gr2gr3_gb total (total2 if different)
1445 1430 525 1400 1890 510 6640 7200
1445 1430 530 1420 1865 520 6685 7210
1465 1430 540 1430 1830 520 6625 7215
1465 1430 540 1420 1795 515 6615 7165
1450 1420 545 1430 1775 540 6595 7160
1465 1390 550 1420 1770 525 6570 7120
1445 1390 545 1420 1765 535 6545 7100
1480 1390 535 1460 1755 535 6565 7155
1460 1390 550 1450 1725 525 6560 7100
1440 1385 555 1400 1705 545 6485 7030
1485 1405 560 1440 1685 560 6500 7135
1485 1380 575 1440 1690 550 6465 7120
1450 1385 555 1435 1660 560 6430 7045
1430 1390 560 1410 1645 545 6410 6980
1485 1390 555 1420 1600 540 6390 6990
1505 1390 560 1430 1595 540 6415 7020
1475 1390 560 1450 1535 540 6370 6950
1445 1380 560 1470 1535 535 6345 6925
1440 1380 565 1450 1535 540 6340 6910
1445 1370 570 1490 1525 545 6380 6945
1445 1350 560 1450 1530 540 6365 6875
1440 1355 560 1440 1530 535 6375 6860
1445 1355 560 1400 1530 530 6335 6820
1480 1360 580 1430 1530 530 6380 6910
1520 1360 585 1470 1535 540 6420 7010
1515 1380 590 1475 1545 565 6440 7070
1500 1380 585 1460 1530 555 6395 7010
1475 1385 565 1475 1540 550 6415 6990
1475 1380 565 1450 1540 550 6410 6960
1470 1380 560 1440 1545 550 6420 6945
1490 1380 550 1455 1535 545 6455 6955
1515 1370 555 1455 1540 560 6460 6995
1515 1360 560 1480 1545 560 6475 7020
1505 1350 565 1475 1550 560 6460 7005
1495 1350 565 1490 1565 550 6455 7015
1475 1350 560 1480 1585 545 6470 6995
1455 1350 570 1455 1625 550 6470 7005
1465 1355 560 1445 1670 540 6515 7035
1470 1360 565 1445 1680 540 6560 7060
1515 1360 565 1460 1680 530 6590 7110
1535 1360 565 1490 1665 540 6600 7155
1540 1360 570 1495 1650 530 6625 7145
1535 1360 575 1500 1635 530 6595 7135
1530 1360 570 1500 1630 520 6575 7110
1525 1360 565 1490 1620 520 6550 7080
1515 1365 570 1470 1615 535 6545 7070
1500 1365 585 1485 1600 545 6535 7080
1490 1370 580 1475 1595 545 6505 7055
1490 1380 580 1450 1585 540 6455 7025
1495 1380 570 1440 1580 530 6450 6995
1495 1380 565 1440 1570 530 6455 6980
1510 1370 565 1455 1555 530 6450 6985
1535 1365 570 1480 1550 540 6480 7040
1540 1360 570 1490 1530 540 6480 7030
1545 1350 575 1490 1530 540 6485 7030
1540 1350 570 1515 1520 550 6460 7045
1545 1350 560 1540 1510 550 6455 7055
1540 1350 560 1540 1505 545 6440 7040
1535 1350 570 1540 1500 540 6445 7035
1540 1355 585 1535 1490 545 6455 7050
1525 1360 585 1525 1480 550 6435 7025
1530 1360 580 1520 1475 550 6415 7015
1510 1360 580 1520 1465 550 6385 6985
1505 1360 580 1510 1450 550 6360 6955
1505 1360 570 1505 1430 550 6340 6920
1505 1360 560 1490 1400 550 6320 6865
1515 1360 550 1485 1395 545 6295 6850
1520 1360 555 1465 1390 540 6255 6830
1525 1360 550 1435 1385 535 6230 6790
1525 1360 555 1425 1385 535 6220 6785
1530 1360 560 1430 1385 540 6230 6805
1535 1360 555 1430 1385 545 6225 6810
1540 1360 555 1430 1385 550 6240 6820
1550 1360 550 1435 1380 545 6245 6820
1555 1360 555 1440 1380 540 6255 6830
1560 1360 565 1440 1380 535 6260 6840
1570 1360 565 1445 1380 535 6275 6855
1580 1360 565 1450 1380 530 6300 6865
1585 1360 570 1445 1380 535 6295 6875
1590 1360 565 1445 1380 540 6305 6880
1595 1355 570 1450 1380 535 6325 6885
1605 1360 570 1450 1380 535 6350 6900
1600 1355 570 1455 1385 535 6360 6900
1590 1360 570 1460 1385 540 6375 6905
1580 1365 570 1460 1385 540 6370 6900
1575 1365 570 1460 1385 540 6390 6895
1570 1370 565 1460 1385 540 6385 6890
1565 1370 555 1460 1390 525 6390 6865
1555 1370 555 1465 1395 520 6395 6860
1555 1375 545 1470 1395 520 6390 6860
1550 1380 550 1470 1390 515 6385 6855
1550 1380 545 1470 1385 510 6390 6840
1545 1380 550 1470 1390 510 6380 6845
1550 1375 550 1465 1390 510 6375 6840
1540 1370 545 1460 1385 515 6375 6815
1540 1370 550 1465 1390 520 6370 6835
