# Step junction_position active_etas junction_neighbors junction_angles
500 (5.45455, 85.0909, 0)
 0 2 3 (56.2632, 118.158, 0)
 (5.64706, 410.294, 0)
 (5.64706, 410.294, 0)
 56.9094 nan nan
---- (5.64706, 410.294, 0)
 0 2 3 (5.45455, 85.0909, 0)
 (432.552, 129.74, 0)
 (56.2632, 118.158, 0)
 56.7217 46.8582 256.42
---- (56.2632, 118.158, 0)
 0 1 3 (239.304, 73.4783, 0)
 (56.2048, 380.542, 0)
 (432.552, 129.74, 0)
 103.73 88.2498 168.02
---- (56.2048, 380.542, 0)
 0 1 3 (5.64706, 410.294, 0)
 (239.304, 426.522, 0)
 (5.45455, 85.0909, 0)
 135.428 113.843 110.729
---- (239.304, 73.4783, 0)
 0 1 2 (239.304, 426.522, 0)
 (56.2632, 118.158, 0)
 (5.45455, 85.0909, 0)
 76.2826 10.8745 272.843
---- (239.304, 426.522, 0)
 0 1 2 (56.2048, 380.542, 0)
 (432.552, 129.74, 0)
 (239.304, 73.4783, 0)
 108.973 33.0699 217.957
---- (432.552, 129.74, 0)
 1 2 3 (432.548, 368.317, 0)
 (432.548, 368.317, 0)
 (432.548, 368.317, 0)
 nan nan nan
---- (432.548, 368.317, 0)
 1 2 3 (239.304, 73.4783, 0)
 (239.304, 426.522, 0)
 (56.2048, 380.542, 0)
 73.5205 14.9016 271.578
600 (5.45455, 85.0909, 0)
 0 2 3 (56.2632, 118.158, 0)
 (5.81395, 410, 0)
 (5.81395, 410, 0)
 56.88 0 303.12
---- (5.81395, 410, 0)
 0 2 3 (5.45455, 85.0909, 0)
 (432.656, 130.156, 0)
 (56.2632, 118.158, 0)
 56.814 46.9431 256.243
---- (56.2632, 118.158, 0)
 0 1 3 (239.079, 73.2456, 0)
 (56.7059, 379.706, 0)
 (432.656, 130.156, 0)
 103.706 88.0772 168.217
---- (56.7059, 379.706, 0)
 0 1 3 (5.81395, 410, 0)
 (239.079, 426.754, 0)
 (5.45455, 85.0909, 0)
 134.77 114.334 110.895
---- (239.079, 73.2456, 0)
 0 1 2 (239.079, 426.754, 0)
 (56.2632, 118.158, 0)
 (5.45455, 85.0909, 0)
 76.1975 10.8999 272.903
---- (239.079, 426.754, 0)
 0 1 2 (56.7059, 379.706, 0)
 (432.656, 130.156, 0)
 (239.079, 73.2456, 0)
 108.665 33.1308 218.204
---- (432.656, 130.156, 0)
 1 2 3 (432.634, 365.938, 0)
 (432.634, 365.938, 0)
 (432.634, 365.938, 0)
 0 0 360
---- (432.634, 365.938, 0)
 1 2 3 (239.079, 73.2456, 0)
 (239.079, 426.754, 0)
 (56.7059, 379.706, 0)
 73.9669 15.3457 270.687
700 (5.4955, 85.3153, 0)
 0 2 3 (56.4205, 121.136, 0)
 (5.81395, 410, 0)
 (5.81395, 410, 0)
 54.8209 0 305.179
---- (5.81395, 410, 0)
 0 2 3 (5.4955, 85.3153, 0)
 (432.181, 130.479, 0)
 (56.4205, 121.136, 0)
 56.8078 46.8147 256.377
---- (56.4205, 121.136, 0)
 0 1 3 (239.683, 70.7937, 0)
 (56.4535, 379.651, 0)
 (432.181, 130.479, 0)
 105.353 88.5685 166.078
---- (56.4535, 379.651, 0)
 0 1 3 (5.81395, 410, 0)
 (239.658, 427.222, 0)
 (5.4955, 85.3153, 0)
 134.509 114.378 111.113
---- (239.683, 70.7937, 0)
 0 1 2 (239.658, 427.222, 0)
 (56.4205, 121.136, 0)
 (5.4955, 85.3153, 0)
 74.6356 11.8121 273.552
---- (239.658, 427.222, 0)
 0 1 2 (56.4535, 379.651, 0)
 (432.181, 130.479, 0)
 (239.683, 70.7937, 0)
 108.419 32.971 218.61
---- (432.181, 130.479, 0)
 1 2 3 (432.227, 365.591, 0)
 (432.227, 365.591, 0)
 (432.227, 365.591, 0)
 8.53774e-07 8.53774e-07 360
---- (432.227, 365.591, 0)
 1 2 3 (239.683, 70.7937, 0)
 (239.658, 427.222, 0)
 (56.4535, 379.651, 0)
 74.5969 15.6043 269.799
800 (5.4955, 85.3153, 0)
 0 2 3 (56.4205, 121.136, 0)
 (5.86207, 409.77, 0)
 (5.86207, 409.77, 0)
 54.8124 nan nan
---- (5.86207, 409.77, 0)
 0 2 3 (5.4955, 85.3153, 0)
 (432.045, 131.534, 0)
 (56.4205, 121.136, 0)
 56.926 46.9259 256.148
---- (56.4205, 121.136, 0)
 0 1 3 (239.35, 70.3252, 0)
 (56.9231, 376.795, 0)
 (432.045, 131.534, 0)
 105.411 88.3017 166.288
---- (56.9231, 376.795, 0)
 0 1 3 (5.86207, 409.77, 0)
 (239.298, 427.675, 0)
 (5.4955, 85.3153, 0)
 131.557 115.595 112.848
---- (239.35, 70.3252, 0)
 0 1 2 (239.298, 427.675, 0)
 (56.4205, 121.136, 0)
 (5.4955, 85.3153, 0)
 74.4684 11.8557 273.676
---- (239.298, 427.675, 0)
 0 1 2 (56.9231, 376.795, 0)
 (432.045, 131.534, 0)
 (239.35, 70.3252, 0)
 107.47 33.0503 219.48
---- (432.045, 131.534, 0)
 1 2 3 (432.115, 364.471, 0)
 (432.115, 364.471, 0)
 (432.115, 364.471, 0)
 8.53774e-07 8.53774e-07 360
---- (432.115, 364.471, 0)
 1 2 3 (239.35, 70.3252, 0)
 (239.298, 427.675, 0)
 (56.9231, 376.795, 0)
 74.9104 16.2675 268.822
900 (5.44643, 85.4911, 0)
 0 2 3 (56.3793, 121.149, 0)
 (5.79545, 409.602, 0)
 (5.79545, 409.602, 0)
 54.9423 8.53774e-07 305.058
---- (5.79545, 409.602, 0)
 0 2 3 (5.44643, 85.4911, 0)
 (432.308, 131.593, 0)
 (56.3793, 121.149, 0)
 56.9646 46.9565 256.079
---- (56.3793, 121.149, 0)
 0 1 3 (239, 69.8333, 0)
 (56.9231, 376.795, 0)
 (432.308, 131.593, 0)
 105.573 88.2868 166.14
---- (56.9231, 376.795, 0)
 0 1 3 (5.79545, 409.602, 0)
 (238.919, 428.153, 0)
 (5.44643, 85.4911, 0)
 131.554 115.78 112.666
---- (239, 69.8333, 0)
 0 1 2 (238.919, 428.153, 0)
 (56.3793, 121.149, 0)
 (5.44643, 85.4911, 0)
 74.2918 11.8598 273.848
---- (238.919, 428.153, 0)
 0 1 2 (56.9231, 376.795, 0)
 (432.308, 131.593, 0)
 (239, 69.8333, 0)
 107.35 33.0957 219.554
---- (432.308, 131.593, 0)
 1 2 3 (432.336, 364.533, 0)
 (432.336, 364.533, 0)
 (432.336, 364.533, 0)
 0 0 360
---- (432.336, 364.533, 0)
 1 2 3 (239, 69.8333, 0)
 (238.919, 428.153, 0)
 (56.9231, 376.795, 0)
 74.9408 16.3367 268.723
1000 (5.58559, 85.4505, 0)
 0 2 3 (56.2222, 121.667, 0)
 (6.01124, 409.27, 0)
 (6.01124, 409.27, 0)
 54.3517 0 305.648
---- (6.01124, 409.27, 0)
 0 2 3 (5.58559, 85.4505, 0)
 (429.79, 135.504, 0)
 (56.2222, 121.667, 0)
 57.2124 47.234 255.554
---- (56.2222, 121.667, 0)
 0 1 3 (238.974, 68.9316, 0)
 (56.8831, 376.753, 0)
 (429.79, 135.504, 0)
 105.948 87.7302 166.322
---- (56.8831, 376.753, 0)
 0 1 3 (6.01124, 409.27, 0)
 (238.974, 431.068, 0)
 (5.58559, 85.4505, 0)
 130.805 116.596 112.599
---- (238.974, 68.9316, 0)
 0 1 2 (238.974, 431.068, 0)
 (56.2222, 121.667, 0)
 (5.58559, 85.4505, 0)
 73.904 12.0475 274.049
---- (238.974, 431.068, 0)
 0 1 2 (56.8831, 376.753, 0)
 (429.79, 135.504, 0)
 (238.974, 68.9316, 0)
 106.237 32.8462 220.917
---- (429.79, 135.504, 0)
 1 2 3 (429.79, 364.496, 0)
 (429.79, 364.496, 0)
 (429.79, 364.496, 0)
 0 0 360
---- (429.79, 364.496, 0)
 1 2 3 (238.974, 68.9316, 0)
 (238.974, 431.068, 0)
 (56.8831, 376.753, 0)
 76.3869 17.3504 266.263
1100 (5.58559, 85.4505, 0)
 0 2 3 (56.044, 121.758, 0)
 (6.19318, 409.261, 0)
 (6.19318, 409.261, 0)
 54.1552 8.53774e-07 305.845
---- (6.19318, 409.261, 0)
 0 2 3 (5.58559, 85.4505, 0)
 (429.909, 133.818, 0)
 (56.044, 121.758, 0)
 57.081 47.1367 255.782
---- (56.044, 121.758, 0)
 0 1 3 (239.079, 68.2456, 0)
 (56.875, 376.125, 0)
 (429.909, 133.818, 0)
 106.11 87.9652 165.925
---- (56.875, 376.125, 0)
 0 1 3 (6.19318, 409.261, 0)
 (239.079, 431.754, 0)
 (5.58559, 85.4505, 0)
 129.845 116.985 113.17
---- (239.079, 68.2456, 0)
 0 1 2 (239.079, 431.754, 0)
 (56.044, 121.758, 0)
 (5.58559, 85.4505, 0)
 73.703 12.0828 274.214
---- (239.079, 431.754, 0)
 0 1 2 (56.875, 376.125, 0)
 (429.909, 133.818, 0)
 (239.079, 68.2456, 0)
 105.662 32.6398 221.698
---- (429.909, 133.818, 0)
 1 2 3 (429.916, 364.202, 0)
 (429.916, 364.202, 0)
 (429.916, 364.202, 0)
 0 0 360
---- (429.916, 364.202, 0)
 1 2 3 (239.079, 68.2456, 0)
 (239.079, 431.754, 0)
 (56.875, 376.125, 0)
 76.6785 17.6623 265.659
1200 (5.67568, 85.6757, 0)
 0 2 3 (56.6667, 124.321, 0)
 (6.19318, 409.261, 0)
 (6.19318, 409.261, 0)
 52.7504 nan nan
---- (6.19318, 409.261, 0)
 0 2 3 (5.67568, 85.6757, 0)
 (429.775, 133.784, 0)
 (56.6667, 124.321, 0)
 57.0535 46.9169 256.03
---- (56.6667, 124.321, 0)
 0 1 3 (239.531, 66.1719, 0)
 (56.875, 376.125, 0)
 (429.775, 133.784, 0)
 107.593 88.4998 163.907
---- (56.875, 376.125, 0)
 0 1 3 (6.19318, 409.261, 0)
 (239.496, 431.849, 0)
 (5.67568, 85.6757, 0)
 129.854 116.966 113.18
---- (239.531, 66.1719, 0)
 0 1 2 (239.496, 431.849, 0)
 (56.6667, 124.321, 0)
 (5.67568, 85.6757, 0)
 72.3543 12.8726 274.773
---- (239.496, 431.849, 0)
 0 1 2 (56.875, 376.125, 0)
 (429.775, 133.784, 0)
 (239.531, 66.1719, 0)
 105.585 32.5478 221.867
---- (429.775, 133.784, 0)
 1 2 3 (429.792, 364.25, 0)
 (429.792, 364.25, 0)
 (429.792, 364.25, 0)
 0 0 360
---- (429.792, 364.25, 0)
 1 2 3 (239.531, 66.1719, 0)
 (239.496, 431.849, 0)
 (56.875, 376.125, 0)
 77.0068 17.7327 265.26
1300 (5.67568, 85.6757, 0)
 0 2 3 (57.0833, 125.119, 0)
 (6.30682, 408.977, 0)
 (6.30682, 408.977, 0)
 52.3903 0 307.61
---- (6.30682, 408.977, 0)
 0 2 3 (5.67568, 85.6757, 0)
 (429.104, 134.151, 0)
 (57.0833, 125.119, 0)
 57.0872 46.8335 256.079
---- (57.0833, 125.119, 0)
 0 1 3 (239.508, 65.2459, 0)
 (56.988, 375.06, 0)
 (429.104, 134.151, 0)
 108.192 88.6311 163.177
---- (56.988, 375.06, 0)
 0 1 3 (6.30682, 408.977, 0)
 (239.469, 432.743, 0)
 (5.67568, 85.6757, 0)
 128.667 117.597 113.736
---- (239.508, 65.2459, 0)
 0 1 2 (239.469, 432.743, 0)
 (57.0833, 125.119, 0)
 (5.67568, 85.6757, 0)
 71.8237 13.177 274.999
---- (239.469, 432.743, 0)
 0 1 2 (56.988, 375.06, 0)
 (429.104, 134.151, 0)
 (239.508, 65.2459, 0)
 104.877 32.4133 222.709
---- (429.104, 134.151, 0)
 1 2 3 (429.174, 363.826, 0)
 (429.174, 363.826, 0)
 (429.174, 363.826, 0)
 0 0 360
---- (429.174, 363.826, 0)
 1 2 3 (239.508, 65.2459, 0)
 (239.469, 432.743, 0)
 (56.988, 375.06, 0)
 77.5407 18.2365 264.223
1400 (5.26087, 86.1304, 0)
 0 2 3 (56.7262, 125.119, 0)
 (6.30682, 408.977, 0)
 (6.30682, 408.977, 0)
 52.6679 8.53774e-07 307.332
---- (6.30682, 408.977, 0)
 0 2 3 (5.26087, 86.1304, 0)
 (429.029, 134.903, 0)
 (56.7262, 125.119, 0)
 57.228 46.9705 255.801
---- (56.7262, 125.119, 0)
 0 1 3 (238.833, 65.2083, 0)
 (57.4699, 374.819, 0)
 (429.029, 134.903, 0)
 108.04 88.324 163.636
---- (57.4699, 374.819, 0)
 0 1 3 (6.30682, 408.977, 0)
 (238.739, 432.748, 0)
 (5.26087, 86.1304, 0)
 128.549 117.973 113.477
---- (238.833, 65.2083, 0)
 0 1 2 (238.739, 432.748, 0)
 (56.7262, 125.119, 0)
 (5.26087, 86.1304, 0)
 71.7748 13.0919 275.133
---- (238.739, 432.748, 0)
 0 1 2 (57.4699, 374.819, 0)
 (429.029, 134.903, 0)
 (238.833, 65.2083, 0)
 104.852 32.5594 222.589
---- (429.029, 134.903, 0)
 1 2 3 (429.107, 363.08, 0)
 (429.107, 363.08, 0)
 (429.107, 363.08, 0)
 8.53774e-07 8.53774e-07 360
---- (429.107, 363.08, 0)
 1 2 3 (238.833, 65.2083, 0)
 (238.739, 432.748, 0)
 (57.4699, 374.819, 0)
 77.5311 18.2914 264.177
1500 (5.16807, 86.6807, 0)
 0 2 3 (56.5882, 125.235, 0)
 (6.41975, 405.802, 0)
 (6.41975, 405.802, 0)
 52.9129 nan nan
---- (6.41975, 405.802, 0)
 0 2 3 (5.16807, 86.6807, 0)
 (429.292, 135, 0)
 (56.5882, 125.235, 0)
 57.5897 47.227 255.183
---- (56.5882, 125.235, 0)
 0 1 3 (238.77, 65.2459, 0)
 (57.1084, 374.819, 0)
 (429.292, 135, 0)
 108.106 88.3798 163.514
---- (57.1084, 374.819, 0)
 0 1 3 (6.41975, 405.802, 0)
 (238.673, 432.743, 0)
 (5.16807, 86.6807, 0)
 130.871 117.913 111.217
---- (238.77, 65.2459, 0)
 0 1 2 (238.673, 432.743, 0)
 (56.5882, 125.235, 0)
 (5.16807, 86.6807, 0)
 71.7589 12.9832 275.258
---- (238.673, 432.743, 0)
 0 1 2 (57.1084, 374.819, 0)
 (429.292, 135, 0)
 (238.77, 65.2459, 0)
 104.934 32.6127 222.453
---- (429.292, 135, 0)
 1 2 3 (429.348, 363.043, 0)
 (429.348, 363.043, 0)
 (429.348, 363.043, 0)
 nan nan nan
---- (429.348, 363.043, 0)
 1 2 3 (238.77, 65.2459, 0)
 (238.673, 432.743, 0)
 (57.1084, 374.819, 0)
 77.462 18.2676 264.27
1600 (5.16807, 86.6807, 0)
 0 2 3 (56.7241, 125.805, 0)
 (5.83333, 405.774, 0)
 (5.83333, 405.774, 0)
 52.6871 0 307.313
---- (5.83333, 405.774, 0)
 0 2 3 (5.16807, 86.6807, 0)
 (429.112, 134.953, 0)
 (56.7241, 125.805, 0)
 57.5077 47.0859 255.406
---- (56.7241, 125.805, 0)
 0 1 3 (238.908, 64.2857, 0)
 (57.2414, 374.195, 0)
 (429.112, 134.953, 0)
 108.539 88.4734 162.987
---- (57.2414, 374.195, 0)
 0 1 3 (5.83333, 405.774, 0)
 (238.908, 435.714, 0)
 (5.16807, 86.6807, 0)
 129.731 118.974 111.295
---- (238.908, 64.2857, 0)
 0 1 2 (238.908, 435.714, 0)
 (56.7241, 125.805, 0)
 (5.16807, 86.6807, 0)
 71.3414 13.1857 275.473
---- (238.908, 435.714, 0)
 0 1 2 (57.2414, 374.195, 0)
 (429.112, 134.953, 0)
 (238.908, 64.2857, 0)
 103.602 32.3097 224.089
---- (429.112, 134.953, 0)
 1 2 3 (429.181, 363.103, 0)
 (429.181, 363.103, 0)
 (429.181, 363.103, 0)
 0 0 360
---- (429.181, 363.103, 0)
 1 2 3 (238.908, 64.2857, 0)
 (238.908, 435.714, 0)
 (57.2414, 374.195, 0)
 78.4004 19.1793 262.42
1700 (5, 87.1074, 0)
 0 2 3 (59.1905, 123.381, 0)
 (5.96386, 405.723, 0)
 (5.96386, 405.723, 0)
 56.0295 nan nan
---- (5.96386, 405.723, 0)
 0 2 3 (5, 87.1074, 0)
 (428.606, 135.337, 0)
 (57.093, 374.128, 0)
 57.5641 0.895433 301.54
---- (57.093, 374.128, 0)
 0 1 3 (5.96386, 405.723, 0)
 (238.87, 436.348, 0)
 (59.1905, 123.381, 0)
 129.391 108.416 122.193
---- (59.1905, 123.381, 0)
 0 1 3 (238.87, 63.6522, 0)
 (57.093, 374.128, 0)
 (428.606, 135.337, 0)
 108.867 88.6256 162.507
---- (238.87, 63.6522, 0)
 0 1 2 (238.87, 436.348, 0)
 (59.1905, 123.381, 0)
 (5, 87.1074, 0)
 71.6122 12.6606 275.727
---- (238.87, 436.348, 0)
 0 1 2 (57.093, 374.128, 0)
 (428.606, 135.337, 0)
 (238.87, 63.6522, 0)
 103.329 32.2244 224.447
---- (428.606, 135.337, 0)
 1 2 3 (428.831, 360.968, 0)
 (428.831, 360.968, 0)
 (428.831, 360.968, 0)
 8.53774e-07 8.53774e-07 360
---- (428.831, 360.968, 0)
 1 2 3 (238.87, 63.6522, 0)
 (238.87, 436.348, 0)
 (5, 87.1074, 0)
 79.0687 54.5128 226.418
1800 (5.45455, 90.0909, 0)
 0 2 3 (59.1827, 123.365, 0)
 (5.81395, 405, 0)
 (5.81395, 405, 0)
 58.1642 0 301.836
---- (5.81395, 405, 0)
 0 2 3 (5.45455, 90.0909, 0)
 (428.495, 135.437, 0)
 (59.1827, 123.365, 0)
 57.5379 46.7424 255.72
---- (59.1827, 123.365, 0)
 0 1 3 (238.87, 63.6522, 0)
 (59.8148, 372.593, 0)
 (428.495, 135.437, 0)
 108.237 87.9826 163.78
---- (59.8148, 372.593, 0)
 0 1 3 (5.81395, 405, 0)
 (238.87, 436.348, 0)
 (5.45455, 90.0909, 0)
 129.432 120.491 110.077
---- (238.87, 63.6522, 0)
 0 1 2 (238.87, 436.348, 0)
 (59.1827, 123.365, 0)
 (5.45455, 90.0909, 0)
 71.6174 11.9203 276.462
---- (238.87, 436.348, 0)
 0 1 2 (59.8148, 372.593, 0)
 (428.495, 135.437, 0)
 (238.87, 63.6522, 0)
 102.619 32.218 225.163
---- (428.495, 135.437, 0)
 1 2 3 (428.811, 360.656, 0)
 (428.811, 360.656, 0)
 (428.811, 360.656, 0)
 8.53774e-07 8.53774e-07 360
---- (428.811, 360.656, 0)
 1 2 3 (238.87, 63.6522, 0)
 (238.87, 436.348, 0)
 (59.8148, 372.593, 0)
 79.1273 19.8745 260.998
1900 (5.45455, 90.0909, 0)
 0 2 3 (58.9524, 123.429, 0)
 (5.81395, 405, 0)
 (5.81395, 405, 0)
 58.0051 0 301.995
---- (5.81395, 405, 0)
 0 2 3 (5.45455, 90.0909, 0)
 (428.807, 137.89, 0)
 (58.9524, 123.429, 0)
 57.794 47.0414 255.165
---- (58.9524, 123.429, 0)
 0 1 3 (239.531, 61.1719, 0)
 (60.3049, 372.378, 0)
 (428.807, 137.89, 0)
 108.711 87.4496 163.839
---- (60.3049, 372.378, 0)
 0 1 3 (5.81395, 405, 0)
 (239.496, 436.849, 0)
 (5.45455, 90.0909, 0)
 129.304 120.784 109.912
---- (239.531, 61.1719, 0)
 0 1 2 (239.496, 436.849, 0)
 (58.9524, 123.429, 0)
 (5.45455, 90.0909, 0)
 70.9724 11.9793 277.048
---- (239.496, 436.849, 0)
 0 1 2 (60.3049, 372.378, 0)
 (428.807, 137.89, 0)
 (239.531, 61.1719, 0)
 102.555 32.3381 225.107
---- (428.807, 137.89, 0)
 1 2 3 (428.898, 360.042, 0)
 (428.898, 360.042, 0)
 (428.898, 360.042, 0)
 0 0 360
---- (428.898, 360.042, 0)
 1 2 3 (239.531, 61.1719, 0)
 (239.496, 436.849, 0)
 (60.3049, 372.378, 0)
 79.7148 20.1567 260.129
2000 (5.4955, 90.3153, 0)
 0 2 3 (57.3718, 128.718, 0)
 (5.81395, 405, 0)
 (5.81395, 405, 0)
 53.4305 8.53774e-07 306.57
---- (5.81395, 405, 0)
 0 2 3 (5.4955, 90.3153, 0)
 (428.519, 138.102, 0)
 (57.3718, 128.718, 0)
 57.7894 47.1609 255.05
---- (57.3718, 128.718, 0)
 0 1 3 (239.531, 61.1719, 0)
 (60, 372.349, 0)
 (428.519, 138.102, 0)
 109.727 87.9336 162.339
---- (60, 372.349, 0)
 0 1 3 (5.81395, 405, 0)
 (239.496, 436.849, 0)
 (5.4955, 90.3153, 0)
 129.163 120.703 110.134
---- (239.531, 61.1719, 0)
 0 1 2 (239.496, 436.849, 0)
 (57.3718, 128.718, 0)
 (5.4955, 90.3153, 0)
 69.6494 13.2469 277.104
---- (239.496, 436.849, 0)
 0 1 2 (60, 372.349, 0)
 (428.519, 138.102, 0)
 (239.531, 61.1719, 0)
 102.557 32.3169 225.126
---- (428.519, 138.102, 0)
 1 2 3 (428.632, 359.829, 0)
 (428.632, 359.829, 0)
 (428.632, 359.829, 0)
 0 0 360
---- (428.632, 359.829, 0)
 1 2 3 (239.531, 61.1719, 0)
 (239.496, 436.849, 0)
 (60, 372.349, 0)
 79.8162 20.2117 259.972
2100 (5.4955, 90.3153, 0)
 0 2 3 (57.3718, 128.718, 0)
 (5.86207, 404.77, 0)
 (5.86207, 404.77, 0)
 53.4217 nan nan
---- (5.86207, 404.77, 0)
 0 2 3 (5.4955, 90.3153, 0)
 (428.318, 138.084, 0)
 (57.3718, 128.718, 0)
 57.8036 47.1673 255.029
---- (57.3718, 128.718, 0)
 0 1 3 (239.508, 60.2459, 0)
 (57.3718, 371.282, 0)
 (428.318, 138.084, 0)
 110.603 88.5536 160.843
---- (57.3718, 371.282, 0)
 0 1 3 (5.86207, 404.77, 0)
 (239.469, 437.743, 0)
 (5.4955, 90.3153, 0)
 126.92 120.512 112.568
---- (239.508, 60.2459, 0)
 0 1 2 (239.469, 437.743, 0)
 (57.3718, 128.718, 0)
 (5.4955, 90.3153, 0)
 69.3909 13.2811 277.328
---- (239.469, 437.743, 0)
 0 1 2 (57.3718, 371.282, 0)
 (428.318, 138.084, 0)
 (239.508, 60.2459, 0)
 102.169 32.2137 225.618
---- (428.318, 138.084, 0)
 1 2 3 (428.448, 359.828, 0)
 (428.448, 359.828, 0)
 (428.448, 359.828, 0)
 0 0 360
---- (428.448, 359.828, 0)
 1 2 3 (239.508, 60.2459, 0)
 (239.469, 437.743, 0)
 (57.3718, 371.282, 0)
 80.1675 20.6382 259.194
2200 (5.44643, 90.4911, 0)
 0 2 3 (58.9252, 123.925, 0)
 (5.86207, 404.77, 0)
 (5.86207, 404.77, 0)
 57.9112 0 302.089
---- (5.86207, 404.77, 0)
 0 2 3 (5.44643, 90.4911, 0)
 (428.333, 138.102, 0)
 (57.3718, 371.282, 0)
 57.8152 0.768591 301.416
---- (57.3718, 371.282, 0)
 0 1 3 (5.86207, 404.77, 0)
 (238.909, 437.818, 0)
 (58.9252, 123.925, 0)
 126.842 109.769 123.389
---- (58.9252, 123.925, 0)
 0 1 3 (238.992, 60.1261, 0)
 (57.3718, 371.282, 0)
 (428.333, 138.102, 0)
 109.87 88.1621 161.968
---- (238.992, 60.1261, 0)
 0 1 2 (238.909, 437.818, 0)
 (58.9252, 123.925, 0)
 (5.44643, 90.4911, 0)
 70.4778 12.1018 277.42
---- (238.909, 437.818, 0)
 0 1 2 (57.3718, 371.282, 0)
 (428.333, 138.102, 0)
 (238.992, 60.1261, 0)
 102.165 32.2809 225.554
---- (428.333, 138.102, 0)
 1 2 3 (428.462, 359.829, 0)
 (428.462, 359.829, 0)
 (428.462, 359.829, 0)
 0 0 360
---- (428.462, 359.829, 0)
 1 2 3 (238.992, 60.1261, 0)
 (238.909, 437.818, 0)
 (5.44643, 90.4911, 0)
 80.0634 54.8495 225.087
2300 (5.44643, 90.4911, 0)
 0 2 3 (59.4086, 126.022, 0)
 (5.79545, 404.602, 0)
 (5.79545, 404.602, 0)
 56.5741 0 303.426
---- (5.79545, 404.602, 0)
 0 2 3 (5.44643, 90.4911, 0)
 (428.396, 138.443, 0)
 (59.4086, 126.022, 0)
 57.8605 46.9034 255.236
---- (59.4086, 126.022, 0)
 0 1 3 (238.843, 60.2066, 0)
 (59.9412, 371.824, 0)
 (428.396, 138.443, 0)
 110.018 87.9477 162.034
---- (59.9412, 371.824, 0)
 0 1 3 (5.79545, 404.602, 0)
 (238.673, 437.743, 0)
 (5.44643, 90.4911, 0)
 128.565 121.208 110.227
---- (238.843, 60.2066, 0)
 0 1 2 (238.673, 437.743, 0)
 (59.4086, 126.022, 0)
 (5.44643, 90.4911, 0)
 69.8316 12.7494 277.419
---- (238.673, 437.743, 0)
 0 1 2 (59.9412, 371.824, 0)
 (428.396, 138.443, 0)
 (238.843, 60.2066, 0)
 102.125 32.3444 225.53
---- (428.396, 138.443, 0)
 1 2 3 (428.522, 359.478, 0)
 (428.522, 359.478, 0)
 (428.522, 359.478, 0)
 nan nan nan
---- (428.522, 359.478, 0)
 1 2 3 (238.843, 60.2066, 0)
 (238.673, 437.743, 0)
 (59.9412, 371.824, 0)
 80.0373 20.4855 259.477
2400 (5.58559, 90.4505, 0)
 0 2 3 (59.4271, 126.615, 0)
 (6.01124, 404.27, 0)
 (6.01124, 404.27, 0)
 56.0339 8.53774e-07 303.966
---- (6.01124, 404.27, 0)
 0 2 3 (5.58559, 90.4505, 0)
 (428.19, 138.381, 0)
 (59.4271, 126.615, 0)
 57.875 46.9076 255.217
---- (59.4271, 126.615, 0)
 0 1 3 (239.16, 60.04, 0)
 (60, 371.829, 0)
 (428.19, 138.381, 0)
 110.191 88.0386 161.77
---- (60, 371.829, 0)
 0 1 3 (6.01124, 404.27, 0)
 (239.16, 439.96, 0)
 (5.58559, 90.4505, 0)
 128.179 121.766 110.055
---- (239.16, 60.04, 0)
 0 1 2 (239.16, 439.96, 0)
 (59.4271, 126.615, 0)
 (5.58559, 90.4505, 0)
 69.6749 12.9071 277.418
---- (239.16, 439.96, 0)
 0 1 2 (60, 371.829, 0)
 (428.19, 138.381, 0)
 (239.16, 60.04, 0)
 101.259 32.0796 226.662
---- (428.19, 138.381, 0)
 1 2 3 (428.333, 359.518, 0)
 (428.333, 359.518, 0)
 (428.333, 359.518, 0)
 0 0 360
---- (428.333, 359.518, 0)
 1 2 3 (239.16, 60.04, 0)
 (239.16, 439.96, 0)
 (60, 371.829, 0)
 80.757 21.1223 258.121
2500 (5.58559, 90.4505, 0)
 0 2 3 (59.2268, 126.701, 0)
 (6.19318, 404.261, 0)
 (6.19318, 404.261, 0)
 55.8384 0 304.162
---- (6.19318, 404.261, 0)
 0 2 3 (5.58559, 90.4505, 0)
 (428.05, 139.1, 0)
 (59.2268, 126.701, 0)
 57.9592 47.0311 255.01
---- (59.2268, 126.701, 0)
 0 1 3 (238.678, 59.7107, 0)
 (60, 371.235, 0)
 (428.05, 139.1, 0)
 110.29 87.8934 161.817
---- (60, 371.235, 0)
 0 1 3 (6.19318, 404.261, 0)
 (238.908, 440.714, 0)
 (5.58559, 90.4505, 0)
 127.235 122.191 110.574
---- (238.678, 59.7107, 0)
 0 1 2 (238.908, 440.714, 0)
 (59.2268, 126.701, 0)
 (5.58559, 90.4505, 0)
 69.5636 12.9583 277.478
---- (238.908, 440.714, 0)
 0 1 2 (60, 371.235, 0)
 (428.05, 139.1, 0)
 (238.678, 59.7107, 0)
 100.868 32.1264 227.005
---- (428.05, 139.1, 0)
 1 2 3 (428.211, 358.761, 0)
 (428.211, 358.761, 0)
 (428.211, 358.761, 0)
 0 0 360
---- (428.211, 358.761, 0)
 1 2 3 (238.678, 59.7107, 0)
 (238.908, 440.714, 0)
 (60, 371.235, 0)
 81.0428 21.4684 257.489
2600 (5.26316, 90.9211, 0)
 0 2 3 (59.3367, 127.041, 0)
 (6.19318, 404.261, 0)
 (6.19318, 404.261, 0)
 56.088 0 303.912
---- (6.19318, 404.261, 0)
 0 2 3 (5.26316, 90.9211, 0)
 (427.778, 139.343, 0)
 (59.3367, 127.041, 0)
 58.0254 47.0033 254.971
---- (59.3367, 127.041, 0)
 0 1 3 (238.87, 58.6522, 0)
 (59.7674, 371.163, 0)
 (427.778, 139.343, 0)
 110.752 87.9865 161.262
---- (59.7674, 371.163, 0)
 0 1 3 (6.19318, 404.261, 0)
 (238.87, 441.348, 0)
 (5.26316, 90.9211, 0)
 126.893 122.405 110.702
---- (238.87, 58.6522, 0)
 0 1 2 (238.87, 441.348, 0)
 (59.3367, 127.041, 0)
 (5.26316, 90.9211, 0)
 69.1469 12.9884 277.865
---- (238.87, 441.348, 0)
 0 1 2 (59.7674, 371.163, 0)
 (427.778, 139.343, 0)
 (238.87, 58.6522, 0)
 100.628 32.0266 227.346
---- (427.778, 139.343, 0)
 1 2 3 (427.963, 358.519, 0)
 (427.963, 358.519, 0)
 (427.963, 358.519, 0)
 nan nan nan
---- (427.963, 358.519, 0)
 1 2 3 (238.87, 58.6522, 0)
 (238.87, 441.348, 0)
 (59.7674, 371.163, 0)
 81.4198 21.6882 256.892
2700 (5.26316, 90.9211, 0)
 0 2 3 (59.2079, 127.574, 0)
 (6.30682, 403.977, 0)
 (6.30682, 403.977, 0)
 55.6145 8.53774e-07 304.385
---- (6.30682, 403.977, 0)
 0 2 3 (5.26316, 90.9211, 0)
 (427.778, 139.343, 0)
 (59.2079, 127.574, 0)
 58.0671 47.0412 254.892
---- (59.2079, 127.574, 0)
 0 1 3 (238.87, 58.6522, 0)
 (59.8851, 370.805, 0)
 (427.778, 139.343, 0)
 110.828 88.0115 161.16
---- (59.8851, 370.805, 0)
 0 1 3 (6.30682, 403.977, 0)
 (238.87, 441.348, 0)
 (5.26316, 90.9211, 0)
 126.726 122.554 110.72
---- (238.87, 58.6522, 0)
 0 1 2 (238.87, 441.348, 0)
 (59.2079, 127.574, 0)
 (5.26316, 90.9211, 0)
 69.0121 13.1232 277.865
---- (238.87, 441.348, 0)
 0 1 2 (59.8851, 370.805, 0)
 (427.778, 139.343, 0)
 (238.87, 58.6522, 0)
 100.516 32.0266 227.458
---- (427.778, 139.343, 0)
 1 2 3 (427.757, 358.598, 0)
 (427.757, 358.598, 0)
 (427.757, 358.598, 0)
 8.53774e-07 8.53774e-07 360
---- (427.757, 358.598, 0)
 1 2 3 (238.87, 58.6522, 0)
 (238.87, 441.348, 0)
 (59.8851, 370.805, 0)
 81.4576 21.7573 256.785
2800 (5.26087, 91.1304, 0)
 0 2 3 (59.375, 128.077, 0)
 (5.76923, 403.846, 0)
 (5.76923, 403.846, 0)
 55.5835 8.53774e-07 304.416
---- (5.76923, 403.846, 0)
 0 2 3 (5.26087, 91.1304, 0)
 (427.8, 139.35, 0)
 (59.375, 128.077, 0)
 58.0168 46.9234 255.06
---- (59.375, 128.077, 0)
 0 1 3 (238.87, 58.6522, 0)
 (60.3797, 368.228, 0)
 (427.8, 139.35, 0)
 110.906 88.0077 161.087
---- (60.3797, 368.228, 0)
 0 1 3 (5.76923, 403.846, 0)
 (238.87, 441.348, 0)
 (5.26087, 91.1304, 0)
 124.61 123.527 111.863
---- (238.87, 58.6522, 0)
 0 1 2 (238.87, 441.348, 0)
 (59.375, 128.077, 0)
 (5.26087, 91.1304, 0)
 68.8546 13.2304 277.915
---- (238.87, 441.348, 0)
 0 1 2 (60.3797, 368.228, 0)
 (427.8, 139.35, 0)
 (238.87, 58.6522, 0)
 99.7533 32.0302 228.217
---- (427.8, 139.35, 0)
 1 2 3 (427.982, 358.532, 0)
 (427.982, 358.532, 0)
 (427.982, 358.532, 0)
 nan nan nan
---- (427.982, 358.532, 0)
 1 2 3 (238.87, 58.6522, 0)
 (238.87, 441.348, 0)
 (60.3797, 368.228, 0)
 81.4129 22.1386 256.448
2900 (5.26087, 91.1304, 0)
 0 2 3 (59.0952, 128.095, 0)
 (5.76087, 403.641, 0)
 (5.76087, 403.641, 0)
 55.4333 nan nan
---- (5.76087, 403.641, 0)
 0 2 3 (5.26087, 91.1304, 0)
 (427.772, 139.356, 0)
 (59.0952, 128.095, 0)
 58.0348 46.9885 254.977
---- (59.0952, 128.095, 0)
 0 1 3 (239.531, 56.1719, 0)
 (60.5488, 367.744, 0)
 (427.772, 139.356, 0)
 111.385 87.9029 160.712
---- (60.5488, 367.744, 0)
 0 1 3 (5.76087, 403.641, 0)
 (239.174, 441.405, 0)
 (5.26087, 91.1304, 0)
 124.357 123.713 111.93
---- (239.531, 56.1719, 0)
 0 1 2 (239.174, 441.405, 0)
 (59.0952, 128.095, 0)
 (5.26087, 91.1304, 0)
 68.2141 13.2454 278.54
---- (239.174, 441.405, 0)
 0 1 2 (60.5488, 367.744, 0)
 (427.772, 139.356, 0)
 (239.531, 56.1719, 0)
 99.5704 31.9274 228.502
---- (427.772, 139.356, 0)
 1 2 3 (427.955, 358.545, 0)
 (427.955, 358.545, 0)
 (427.955, 358.545, 0)
 nan nan nan
---- (427.955, 358.545, 0)
 1 2 3 (239.531, 56.1719, 0)
 (239.174, 441.405, 0)
 (60.5488, 367.744, 0)
 81.7686 22.2634 255.968
3000 (5.16807, 91.6807, 0)
 0 2 3 (58.9904, 128.125, 0)
 (5.83333, 400.774, 0)
 (5.83333, 400.774, 0)
 55.7739 0 304.226
---- (5.83333, 400.774, 0)
 0 2 3 (5.16807, 91.6807, 0)
 (427.929, 139.747, 0)
 (58.9904, 128.125, 0)
 58.3905 47.2348 254.375
---- (58.9904, 128.125, 0)
 0 1 3 (239.531, 56.1719, 0)
 (60.1807, 367.771, 0)
 (427.929, 139.747, 0)
 111.445 87.9111 160.644
---- (60.1807, 367.771, 0)
 0 1 3 (5.83333, 400.774, 0)
 (239.174, 441.405, 0)
 (5.16807, 91.6807, 0)
 126.37 123.63 109.999
---- (239.531, 56.1719, 0)
 0 1 2 (239.174, 441.405, 0)
 (58.9904, 128.125, 0)
 (5.16807, 91.6807, 0)
 68.2174 13.1139 278.669
---- (239.174, 441.405, 0)
 0 1 2 (60.1807, 367.771, 0)
 (427.929, 139.747, 0)
 (239.531, 56.1719, 0)
 99.6742 31.9822 228.344
---- (427.929, 139.747, 0)
 1 2 3 (428.102, 358.148, 0)
 (428.102, 358.148, 0)
 (428.102, 358.148, 0)
 0 0 360
---- (428.102, 358.148, 0)
 1 2 3 (239.531, 56.1719, 0)
 (239.174, 441.405, 0)
 (60.1807, 367.771, 0)
 81.7992 22.2839 255.917
3100 (5.16807, 91.6807, 0)
 0 2 3 (58.835, 128.204, 0)
 (5.83333, 400.774, 0)
 (5.83333, 400.774, 0)
 55.6393 0 304.361
---- (5.83333, 400.774, 0)
 0 2 3 (5.16807, 91.6807, 0)
 (427.704, 139.592, 0)
 (58.835, 128.204, 0)
 58.3615 47.2342 254.404
---- (58.835, 128.204, 0)
 0 1 3 (239.531, 56.1719, 0)
 (60.061, 367.683, 0)
 (427.704, 139.592, 0)
 111.441 87.9384 160.621
---- (60.061, 367.683, 0)
 0 1 3 (5.83333, 400.774, 0)
 (239.496, 441.849, 0)
 (5.16807, 91.6807, 0)
 126.151 123.705 110.144
---- (239.531, 56.1719, 0)
 0 1 2 (239.496, 441.849, 0)
 (58.835, 128.204, 0)
 (5.16807, 91.6807, 0)
 68.2607 13.1185 278.621
---- (239.496, 441.849, 0)
 0 1 2 (60.061, 367.683, 0)
 (427.704, 139.592, 0)
 (239.531, 56.1719, 0)
 99.4528 31.9043 228.643
---- (427.704, 139.592, 0)
 1 2 3 (427.897, 358.271, 0)
 (427.897, 358.271, 0)
 (427.897, 358.271, 0)
 0 0 360
---- (427.897, 358.271, 0)
 1 2 3 (239.531, 56.1719, 0)
 (239.496, 441.849, 0)
 (60.061, 367.683, 0)
 81.9783 22.4571 255.565
3200 (5, 92.1074, 0)
 0 2 3 (58.835, 128.204, 0)
 (5.96386, 400.723, 0)
 (5.96386, 400.723, 0)
 55.9791 8.53774e-07 304.021
---- (5.96386, 400.723, 0)
 0 2 3 (5, 92.1074, 0)
 (427.85, 139.7, 0)
 (58.835, 128.204, 0)
 58.4337 47.2752 254.291
---- (58.835, 128.204, 0)
 0 1 3 (239.365, 55.9524, 0)
 (59.8765, 367.531, 0)
 (427.85, 139.7, 0)
 111.563 87.9663 160.471
---- (59.8765, 367.531, 0)
 0 1 3 (5.96386, 400.723, 0)
 (239.478, 442.435, 0)
 (5, 92.1074, 0)
 125.742 123.907 110.351
---- (239.365, 55.9524, 0)
 0 1 2 (239.478, 442.435, 0)
 (58.835, 128.204, 0)
 (5, 92.1074, 0)
 68.2046 13.0424 278.753
---- (239.478, 442.435, 0)
 0 1 2 (59.8765, 367.531, 0)
 (427.85, 139.7, 0)
 (239.365, 55.9524, 0)
 99.2524 31.908 228.84
---- (427.85, 139.7, 0)
 1 2 3 (428.178, 356.059, 0)
 (428.178, 356.059, 0)
 (428.178, 356.059, 0)
 8.53774e-07 8.53774e-07 360
---- (428.178, 356.059, 0)
 1 2 3 (239.365, 55.9524, 0)
 (239.478, 442.435, 0)
 (59.8765, 367.531, 0)
 82.4193 22.8115 254.769
3300 (5.45455, 95.0909, 0)
 0 2 3 (59.2381, 128.429, 0)
 (5.64706, 400.294, 0)
 (5.64706, 400.294, 0)
 58.1712 8.53774e-07 301.829
---- (5.64706, 400.294, 0)
 0 2 3 (5.45455, 95.0909, 0)
 (428.186, 139.804, 0)
 (59.2381, 128.429, 0)
 58.3828 47.1953 254.422
---- (59.2381, 128.429, 0)
 0 1 3 (238.992, 55.1261, 0)
 (59.8765, 367.531, 0)
 (428.186, 139.804, 0)
 112.032 88.081 159.887
---- (59.8765, 367.531, 0)
 0 1 3 (5.64706, 400.294, 0)
 (238.909, 442.818, 0)
 (5.45455, 95.0909, 0)
 126.053 124.104 109.842
---- (238.992, 55.1261, 0)
 0 1 2 (238.909, 442.818, 0)
 (59.2381, 128.429, 0)
 (5.45455, 95.0909, 0)
 67.8024 12.4745 279.723
---- (238.909, 442.818, 0)
 0 1 2 (59.8765, 367.531, 0)
 (428.186, 139.804, 0)
 (238.992, 55.1261, 0)
 99.183 31.9787 228.838
---- (428.186, 139.804, 0)
 1 2 3 (428.458, 356.042, 0)
 (428.458, 356.042, 0)
 (428.458, 356.042, 0)
 0 0 360
---- (428.458, 356.042, 0)
 1 2 3 (238.992, 55.1261, 0)
 (238.909, 442.818, 0)
 (59.8765, 367.531, 0)
 82.4026 22.8131 254.784
3400 (5.45455, 95.0909, 0)
 0 2 3 (59.2381, 128.429, 0)
 (5.81395, 400, 0)
 (5.81395, 400, 0)
 58.1398 8.53774e-07 301.86
---- (5.81395, 400, 0)
 0 2 3 (5.45455, 95.0909, 0)
 (427.929, 139.899, 0)
 (59.2381, 128.429, 0)
 58.4268 47.23 254.343
---- (59.2381, 128.429, 0)
 0 1 3 (238.992, 55.1261, 0)
 (59.8765, 367.531, 0)
 (427.929, 139.899, 0)
 112.032 88.065 159.903
---- (59.8765, 367.531, 0)
 0 1 3 (5.81395, 400, 0)
 (238.909, 442.818, 0)
 (5.45455, 95.0909, 0)
 126.204 124.104 109.692
---- (238.992, 55.1261, 0)
 0 1 2 (238.909, 442.818, 0)
 (59.2381, 128.429, 0)
 (5.45455, 95.0909, 0)
 67.8024 12.4745 279.723
---- (238.909, 442.818, 0)
 0 1 2 (59.8765, 367.531, 0)
 (427.929, 139.899, 0)
 (238.992, 55.1261, 0)
 99.1561 31.9518 228.892
---- (427.929, 139.899, 0)
 1 2 3 (428.248, 355.855, 0)
 (428.248, 355.855, 0)
 (428.248, 355.855, 0)
 0 0 360
---- (428.248, 355.855, 0)
 1 2 3 (238.992, 55.1261, 0)
 (238.909, 442.818, 0)
 (59.8765, 367.531, 0)
 82.4861 22.8539 254.66
3500 (5.45455, 95.0909, 0)
 0 2 3 (59.1827, 128.365, 0)
 (5.81395, 400, 0)
 (5.81395, 400, 0)
 58.162 8.53774e-07 301.838
---- (5.81395, 400, 0)
 0 2 3 (5.45455, 95.0909, 0)
 (427.371, 140.155, 0)
 (59.1827, 128.365, 0)
 58.4181 47.2351 254.347
---- (59.1827, 128.365, 0)
 0 1 3 (239, 55.125, 0)
 (60.3049, 367.378, 0)
 (427.371, 140.155, 0)
 111.892 87.897 160.211
---- (60.3049, 367.378, 0)
 0 1 3 (5.81395, 400, 0)
 (238.919, 442.838, 0)
 (5.45455, 95.0909, 0)
 126.19 124.292 109.518
---- (239, 55.125, 0)
 0 1 2 (238.919, 442.838, 0)
 (59.1827, 128.365, 0)
 (5.45455, 95.0909, 0)
 67.8267 12.4505 279.723
---- (238.919, 442.838, 0)
 0 1 2 (60.3049, 367.378, 0)
 (427.371, 140.155, 0)
 (239, 55.125, 0)
 99.0038 31.8946 229.102
---- (427.371, 140.155, 0)
 1 2 3 (428.093, 355.932, 0)
 (428.093, 355.932, 0)
 (428.093, 355.932, 0)
 8.53774e-07 8.53774e-07 360
---- (428.093, 355.932, 0)
 1 2 3 (239, 55.125, 0)
 (238.919, 442.838, 0)
 (60.3049, 367.378, 0)
 82.5195 22.8913 254.589
3600 (5.4955, 95.3153, 0)
 0 2 3 (59.1589, 128.738, 0)
 (5.86207, 399.77, 0)
 (5.86207, 399.77, 0)
 58.0153 0 301.985
---- (5.86207, 399.77, 0)
 0 2 3 (5.4955, 95.3153, 0)
 (427.371, 140.155, 0)
 (59.1589, 128.738, 0)
 58.4393 47.2454 254.315
---- (59.1589, 128.738, 0)
 0 1 3 (238.719, 55.2066, 0)
 (60.3049, 367.378, 0)
 (427.371, 140.155, 0)
 111.994 87.949 160.057
---- (60.3049, 367.378, 0)
 0 1 3 (5.86207, 399.77, 0)
 (238.902, 444.878, 0)
 (5.4955, 95.3153, 0)
 125.791 124.848 109.361
---- (238.719, 55.2066, 0)
 0 1 2 (238.902, 444.878, 0)
 (59.1589, 128.738, 0)
 (5.4955, 95.3153, 0)
 67.7574 12.5116 279.731
---- (238.902, 444.878, 0)
 0 1 2 (60.3049, 367.378, 0)
 (427.371, 140.155, 0)
 (238.719, 55.2066, 0)
 98.2786 31.7634 229.958
---- (427.371, 140.155, 0)
 1 2 3 (427.783, 355.565, 0)
 (427.783, 355.565, 0)
 (427.783, 355.565, 0)
 0 0 360
---- (427.783, 355.565, 0)
 1 2 3 (238.719, 55.2066, 0)
 (238.902, 444.878, 0)
 (60.3049, 367.378, 0)
 83.1186 23.4662 253.415
3700 (5.4955, 95.3153, 0)
 0 2 3 (59.1589, 128.738, 0)
 (5.86207, 399.77, 0)
 (5.86207, 399.77, 0)
 58.0153 0 301.985
---- (5.86207, 399.77, 0)
 0 2 3 (5.4955, 95.3153, 0)
 (427.371, 140.155, 0)
 (59.1589, 128.738, 0)
 58.4393 47.2454 254.315
---- (59.1589, 128.738, 0)
 0 1 3 (238.77, 54.7951, 0)
 (60.2353, 367.059, 0)
 (427.371, 140.155, 0)
 112.117 87.9653 159.917
---- (60.2353, 367.059, 0)
 0 1 3 (5.86207, 399.77, 0)
 (238.77, 445.205, 0)
 (5.4955, 95.3153, 0)
 125.329 125.029 109.642
---- (238.77, 54.7951, 0)
 0 1 2 (238.77, 445.205, 0)
 (59.1589, 128.738, 0)
 (5.4955, 95.3153, 0)
 67.6238 12.5221 279.854
---- (238.77, 445.205, 0)
 0 1 2 (60.2353, 367.059, 0)
 (427.371, 140.155, 0)
 (238.77, 54.7951, 0)
 98.0875 31.7269 230.186
---- (427.371, 140.155, 0)
 1 2 3 (427.588, 355.746, 0)
 (427.588, 355.746, 0)
 (427.588, 355.746, 0)
 8.53774e-07 8.53774e-07 360
---- (427.588, 355.746, 0)
 1 2 3 (238.77, 54.7951, 0)
 (238.77, 445.205, 0)
 (60.2353, 367.059, 0)
 83.2467 23.5871 253.166
3800 (5.44643, 95.4911, 0)
 0 2 3 (59.734, 130.798, 0)
 (5.86207, 399.77, 0)
 (5.86207, 399.77, 0)
 56.8831 0 303.117
---- (5.86207, 399.77, 0)
 0 2 3 (5.44643, 95.4911, 0)
 (427.371, 140.155, 0)
 (59.734, 130.798, 0)
 58.4486 47.0445 254.507
---- (59.734, 130.798, 0)
 0 1 3 (238.678, 54.7107, 0)
 (60.2353, 367.059, 0)
 (427.371, 140.155, 0)
 112.914 88.4205 158.666
---- (60.2353, 367.059, 0)
 0 1 3 (5.86207, 399.77, 0)
 (238.678, 445.289, 0)
 (5.44643, 95.4911, 0)
 125.296 125.079 109.625
---- (238.678, 54.7107, 0)
 0 1 2 (238.678, 445.289, 0)
 (59.734, 130.798, 0)
 (5.44643, 95.4911, 0)
 66.9647 13.1174 279.918
---- (238.678, 445.289, 0)
 0 1 2 (60.2353, 367.059, 0)
 (427.371, 140.155, 0)
 (238.678, 54.7107, 0)
 98.0594 31.7324 230.208
---- (427.371, 140.155, 0)
 1 2 3 (427.588, 355.746, 0)
 (427.588, 355.746, 0)
 (427.588, 355.746, 0)
 8.53774e-07 8.53774e-07 360
---- (427.588, 355.746, 0)
 1 2 3 (238.678, 54.7107, 0)
 (238.678, 445.289, 0)
 (60.2353, 367.059, 0)
 83.2513 23.5971 253.152
3900 (5.44643, 95.4911, 0)
 0 2 3 (59.4681, 131.011, 0)
 (5.79545, 399.602, 0)
 (5.79545, 399.602, 0)
 56.6091 8.53774e-07 303.391
---- (5.79545, 399.602, 0)
 0 2 3 (5.44643, 95.4911, 0)
 (427.296, 140.153, 0)
 (59.4681, 131.011, 0)
 58.4519 47.0856 254.462
---- (59.4681, 131.011, 0)
 0 1 3 (238.678, 54.7107, 0)
 (60.3614, 367.108, 0)
 (427.296, 140.153, 0)
 112.845 88.3594 158.795
---- (60.3614, 367.108, 0)
 0 1 3 (5.79545, 399.602, 0)
 (238.678, 445.289, 0)
 (5.44643, 95.4911, 0)
 125.552 125.104 109.344
---- (238.678, 54.7107, 0)
 0 1 2 (238.678, 445.289, 0)
 (59.4681, 131.011, 0)
 (5.44643, 95.4911, 0)
 66.9377 13.1444 279.918
---- (238.678, 445.289, 0)
 0 1 2 (60.3614, 367.108, 0)
 (427.296, 140.153, 0)
 (238.678, 54.7107, 0)
 98.0475 31.7221 230.23
---- (427.296, 140.153, 0)
 1 2 3 (427.522, 355.783, 0)
 (427.522, 355.783, 0)
 (427.522, 355.783, 0)
 8.53774e-07 8.53774e-07 360
---- (427.522, 355.783, 0)
 1 2 3 (238.678, 54.7107, 0)
 (238.678, 445.289, 0)
 (60.3614, 367.108, 0)
 83.2621 23.5928 253.145
4000 (5.44643, 95.4911, 0)
 0 2 3 (59.4681, 131.011, 0)
 (5.79545, 399.602, 0)
 (5.79545, 399.602, 0)
 56.6091 8.53774e-07 303.391
---- (5.79545, 399.602, 0)
 0 2 3 (5.44643, 95.4911, 0)
 (427.296, 140.153, 0)
 (59.4681, 131.011, 0)
 58.4519 47.0856 254.462
---- (59.4681, 131.011, 0)
 0 1 3 (238.571, 54.4538, 0)
 (60.0602, 366.867, 0)
 (427.296, 140.153, 0)
 113 88.4323 158.567
---- (60.0602, 366.867, 0)
 0 1 3 (5.79545, 399.602, 0)
 (238.87, 446.348, 0)
 (5.44643, 95.4911, 0)
 124.935 125.344 109.722
---- (238.571, 54.4538, 0)
 0 1 2 (238.87, 446.348, 0)
 (59.4681, 131.011, 0)
 (5.44643, 95.4911, 0)
 66.8995 13.1605 279.94
---- (238.87, 446.348, 0)
 0 1 2 (60.0602, 366.867, 0)
 (427.296, 140.153, 0)
 (238.571, 54.4538, 0)
 97.6423 31.6509 230.707
---- (427.296, 140.153, 0)
 1 2 3 (427.325, 356.009, 0)
 (427.325, 356.009, 0)
 (427.325, 356.009, 0)
 0 0 360
---- (427.325, 356.009, 0)
 1 2 3 (238.571, 54.4538, 0)
 (238.87, 446.348, 0)
 (60.0602, 366.867, 0)
 83.5677 23.918 252.514
4100 (5.44643, 95.4911, 0)
 0 2 3 (59.4086, 131.022, 0)
 (6.01124, 399.27, 0)
 (6.01124, 399.27, 0)
 56.5313 8.53774e-07 303.469
---- (6.01124, 399.27, 0)
 0 2 3 (5.44643, 95.4911, 0)
 (427.323, 140.202, 0)
 (59.4086, 131.022, 0)
 58.5189 47.1542 254.327
---- (59.4086, 131.022, 0)
 0 1 3 (238.87, 53.6522, 0)
 (60.0602, 366.867, 0)
 (427.323, 140.202, 0)
 113.164 88.4123 158.424
---- (60.0602, 366.867, 0)
 0 1 3 (6.01124, 399.27, 0)
 (238.87, 446.348, 0)
 (5.44643, 95.4911, 0)
 125.092 125.344 109.564
---- (238.87, 53.6522, 0)
 0 1 2 (238.87, 446.348, 0)
 (59.4086, 131.022, 0)
 (5.44643, 95.4911, 0)
 66.6781 13.1601 280.162
---- (238.87, 446.348, 0)
 0 1 2 (60.0602, 366.867, 0)
 (427.323, 140.202, 0)
 (238.87, 53.6522, 0)
 97.6501 31.6151 230.735
---- (427.323, 140.202, 0)
 1 2 3 (427.325, 356.009, 0)
 (427.325, 356.009, 0)
 (427.325, 356.009, 0)
 8.53774e-07 8.53774e-07 360
---- (427.325, 356.009, 0)
 1 2 3 (238.87, 53.6522, 0)
 (238.87, 446.348, 0)
 (60.0602, 366.867, 0)
 83.6768 23.918 252.405
4200 (5.17544, 95.7018, 0)
 0 2 3 (59.4086, 131.022, 0)
 (6.19318, 399.261, 0)
 (6.19318, 399.261, 0)
 56.7334 0 303.267
---- (6.19318, 399.261, 0)
 0 2 3 (5.17544, 95.7018, 0)
 (427.577, 140.619, 0)
 (59.4086, 131.022, 0)
 58.6508 47.2376 254.112
---- (59.4086, 131.022, 0)
 0 1 3 (238.87, 53.6522, 0)
 (60.0602, 366.867, 0)
 (427.577, 140.619, 0)
 113.164 88.3485 158.488
---- (60.0602, 366.867, 0)
 0 1 3 (6.19318, 399.261, 0)
 (238.87, 446.348, 0)
 (5.17544, 95.7018, 0)
 125.014 125.407 109.579
---- (238.87, 53.6522, 0)
 0 1 2 (238.87, 446.348, 0)
 (59.4086, 131.022, 0)
 (5.17544, 95.7018, 0)
 66.6781 13.1215 280.2
---- (238.87, 446.348, 0)
 0 1 2 (60.0602, 366.867, 0)
 (427.577, 140.619, 0)
 (238.87, 53.6522, 0)
 97.7194 31.6845 230.596
---- (427.577, 140.619, 0)
 1 2 3 (427.566, 355.575, 0)
 (427.566, 355.575, 0)
 (427.566, 355.575, 0)
 0 0 360
---- (427.566, 355.575, 0)
 1 2 3 (238.87, 53.6522, 0)
 (238.87, 446.348, 0)
 (60.0602, 366.867, 0)
 83.6852 23.9299 252.385
4300 (5.17544, 95.7018, 0)
 0 2 3 (59.4271, 131.615, 0)
 (5.65934, 399.121, 0)
 (5.65934, 399.121, 0)
 56.4054 0 303.595
---- (5.65934, 399.121, 0)
 0 2 3 (5.17544, 95.7018, 0)
 (427.021, 140.798, 0)
 (59.4271, 131.615, 0)
 58.5803 47.1241 254.296
---- (59.4271, 131.615, 0)
 0 1 3 (238.87, 53.6522, 0)
 (60, 366.829, 0)
 (427.021, 140.798, 0)
 113.344 88.4294 158.227
---- (60, 366.829, 0)
 0 1 3 (5.65934, 399.121, 0)
 (238.974, 446.41, 0)
 (5.17544, 95.7018, 0)
 125.307 125.404 109.289
---- (238.87, 53.6522, 0)
 0 1 2 (238.974, 446.41, 0)
 (59.4271, 131.615, 0)
 (5.17544, 95.7018, 0)
 66.5318 13.2832 280.185
---- (238.974, 446.41, 0)
 0 1 2 (60, 366.829, 0)
 (427.021, 140.798, 0)
 (238.87, 53.6522, 0)
 97.6321 31.6198 230.748
---- (427.021, 140.798, 0)
 1 2 3 (427.091, 355.318, 0)
 (427.091, 355.318, 0)
 (427.091, 355.318, 0)
 0 0 360
---- (427.091, 355.318, 0)
 1 2 3 (238.87, 53.6522, 0)
 (238.974, 446.41, 0)
 (60, 366.829, 0)
 83.8761 24.0417 252.082
4400 (5.26316, 95.9211, 0)
 0 2 3 (59.4271, 131.615, 0)
 (5.65934, 399.121, 0)
 (5.65934, 399.121, 0)
 56.5406 nan nan
---- (5.65934, 399.121, 0)
 0 2 3 (5.26316, 95.9211, 0)
 (427.021, 140.798, 0)
 (59.4271, 131.615, 0)
 58.5638 47.1241 254.312
---- (59.4271, 131.615, 0)
 0 1 3 (239.683, 51.0714, 0)
 (60, 366.235, 0)
 (427.021, 140.798, 0)
 113.937 88.429 157.634
---- (60, 366.235, 0)
 0 1 3 (5.65934, 399.121, 0)
 (239.292, 446.458, 0)
 (5.26316, 95.9211, 0)
 124.713 125.553 109.734
---- (239.683, 51.0714, 0)
 0 1 2 (239.292, 446.458, 0)
 (59.4271, 131.615, 0)
 (5.26316, 95.9211, 0)
 65.8669 13.2454 280.888
---- (239.292, 446.458, 0)
 0 1 2 (60, 366.235, 0)
 (427.021, 140.798, 0)
 (239.683, 51.0714, 0)
 97.4514 31.5006 231.048
---- (427.021, 140.798, 0)
 1 2 3 (427.091, 355.318, 0)
 (427.091, 355.318, 0)
 (427.091, 355.318, 0)
 0 0 360
---- (427.091, 355.318, 0)
 1 2 3 (239.683, 51.0714, 0)
 (239.292, 446.458, 0)
 (60, 366.235, 0)
 84.2556 24.1841 251.56
4500 (5.26316, 95.9211, 0)
 0 2 3 (59.2268, 131.701, 0)
 (5.76923, 398.846, 0)
 (5.76923, 398.846, 0)
 56.3584 8.53774e-07 303.642
---- (5.76923, 398.846, 0)
 0 2 3 (5.26316, 95.9211, 0)
 (427.021, 140.798, 0)
 (59.2268, 131.701, 0)
 58.6051 47.1936 254.201
---- (59.2268, 131.701, 0)
 0 1 3 (239.531, 51.1719, 0)
 (60, 366.235, 0)
 (427.021, 140.798, 0)
 113.878 88.3943 157.728
---- (60, 366.235, 0)
 0 1 3 (5.76923, 398.846, 0)
 (239.174, 446.405, 0)
 (5.26316, 95.9211, 0)
 124.874 125.553 109.573
---- (239.531, 51.1719, 0)
 0 1 2 (239.174, 446.405, 0)
 (59.2268, 131.701, 0)
 (5.26316, 95.9211, 0)
 65.8812 13.2527 280.866
---- (239.174, 446.405, 0)
 0 1 2 (60, 366.235, 0)
 (427.021, 140.798, 0)
 (239.531, 51.1719, 0)
 97.4721 31.526 231.002
---- (427.021, 140.798, 0)
 1 2 3 (427.091, 355.318, 0)
 (427.091, 355.318, 0)
 (427.091, 355.318, 0)
 0 0 360
---- (427.091, 355.318, 0)
 1 2 3 (239.531, 51.1719, 0)
 (239.174, 446.405, 0)
 (60, 366.235, 0)
 84.1991 24.1568 251.644
4600 (5.26316, 95.9211, 0)
 0 2 3 (59.2268, 131.701, 0)
 (5.76923, 398.846, 0)
 (5.76923, 398.846, 0)
 56.3584 8.53774e-07 303.642
---- (5.76923, 398.846, 0)
 0 2 3 (5.26316, 95.9211, 0)
 (427.02, 143.131, 0)
 (59.2268, 131.701, 0)
 58.8364 47.4249 253.739
---- (59.2268, 131.701, 0)
 0 1 3 (239.531, 51.1719, 0)
 (59.7674, 366.163, 0)
 (427.02, 143.131, 0)
 113.935 88.0878 157.977
---- (59.7674, 366.163, 0)
 0 1 3 (5.76923, 398.846, 0)
 (239.174, 446.405, 0)
 (5.26316, 95.9211, 0)
 124.718 125.5 109.782
---- (239.531, 51.1719, 0)
 0 1 2 (239.174, 446.405, 0)
 (59.2268, 131.701, 0)
 (5.26316, 95.9211, 0)
 65.8812 13.2527 280.866
---- (239.174, 446.405, 0)
 0 1 2 (59.7674, 366.163, 0)
 (427.02, 143.131, 0)
 (239.531, 51.1719, 0)
 97.6766 31.7221 230.601
---- (427.02, 143.131, 0)
 1 2 3 (427.018, 355.229, 0)
 (427.018, 355.229, 0)
 (427.018, 355.229, 0)
 0 0 360
---- (427.018, 355.229, 0)
 1 2 3 (239.531, 51.1719, 0)
 (239.174, 446.405, 0)
 (59.7674, 366.163, 0)
 84.2322 24.1856 251.582
4700 (5.26087, 96.1304, 0)
 0 2 3 (59.5455, 131.97, 0)
 (5.76923, 398.846, 0)
 (5.76923, 398.846, 0)
 56.4706 8.53774e-07 303.529
---- (5.76923, 398.846, 0)
 0 2 3 (5.26087, 96.1304, 0)
 (427.02, 143.131, 0)
 (59.5455, 131.97, 0)
 58.8369 47.348 253.815
---- (59.5455, 131.97, 0)
 0 1 3 (239.531, 51.1719, 0)
 (59.7674, 366.163, 0)
 (427.02, 143.131, 0)
 114.122 88.2059 157.672
---- (59.7674, 366.163, 0)
 0 1 3 (5.76923, 398.846, 0)
 (239.174, 446.405, 0)
 (5.26087, 96.1304, 0)
 124.718 125.509 109.773
---- (239.531, 51.1719, 0)
 0 1 2 (239.174, 446.405, 0)
 (59.5455, 131.97, 0)
 (5.26087, 96.1304, 0)
 65.7723 13.3124 280.915
---- (239.174, 446.405, 0)
 0 1 2 (59.7674, 366.163, 0)
 (427.02, 143.131, 0)
 (239.531, 51.1719, 0)
 97.6766 31.7221 230.601
---- (427.02, 143.131, 0)
 1 2 3 (427.056, 354.86, 0)
 (427.056, 354.86, 0)
 (427.056, 354.86, 0)
 0 0 360
---- (427.056, 354.86, 0)
 1 2 3 (239.531, 51.1719, 0)
 (239.174, 446.405, 0)
 (59.7674, 366.163, 0)
 84.2825 24.2148 251.503
4800 (5.26087, 96.1304, 0)
 0 2 3 (59.5455, 131.97, 0)
 (5.76087, 398.641, 0)
 (5.76087, 398.641, 0)
 56.4721 nan nan
---- (5.76087, 398.641, 0)
 0 2 3 (5.26087, 96.1304, 0)
 (427.02, 143.131, 0)
 (59.5455, 131.97, 0)
 58.8563 47.3587 253.785
---- (59.5455, 131.97, 0)
 0 1 3 (239.531, 51.1719, 0)
 (60.1136, 365.909, 0)
 (427.02, 143.131, 0)
 114.037 88.1211 157.842
---- (60.1136, 365.909, 0)
 0 1 3 (5.76087, 398.641, 0)
 (238.992, 446.597, 0)
 (5.26087, 96.1304, 0)
 124.664 125.772 109.564
---- (239.531, 51.1719, 0)
 0 1 2 (238.992, 446.597, 0)
 (59.5455, 131.97, 0)
 (5.26087, 96.1304, 0)
 65.7459 13.3124 280.942
---- (238.992, 446.597, 0)
 0 1 2 (60.1136, 365.909, 0)
 (427.02, 143.131, 0)
 (239.531, 51.1719, 0)
 97.5036 31.7044 230.792
---- (427.02, 143.131, 0)
 1 2 3 (427.056, 354.86, 0)
 (427.056, 354.86, 0)
 (427.056, 354.86, 0)
 0 0 360
---- (427.056, 354.86, 0)
 1 2 3 (239.531, 51.1719, 0)
 (238.992, 446.597, 0)
 (60.1136, 365.909, 0)
 84.3079 24.2781 251.414
4900 (5.26087, 96.1304, 0)
 0 2 3 (59.7059, 132.5, 0)
 (5.76087, 398.641, 0)
 (5.76087, 398.641, 0)
 56.1622 nan nan
---- (5.76087, 398.641, 0)
 0 2 3 (5.26087, 96.1304, 0)
 (426.856, 143.402, 0)
 (59.7059, 132.5, 0)
 58.8733 47.3204 253.806
---- (59.7059, 132.5, 0)
 0 1 3 (239.365, 50.9524, 0)
 (60.1136, 365.909, 0)
 (426.856, 143.402, 0)
 114.313 88.1991 157.488
---- (60.1136, 365.909, 0)
 0 1 3 (5.76087, 398.641, 0)
 (238.992, 446.597, 0)
 (5.26087, 96.1304, 0)
 124.664 125.772 109.564
---- (239.365, 50.9524, 0)
 0 1 2 (238.992, 446.597, 0)
 (59.7059, 132.5, 0)
 (5.26087, 96.1304, 0)
 65.5325 13.4906 280.977
---- (238.992, 446.597, 0)
 0 1 2 (60.1136, 365.909, 0)
 (426.856, 143.402, 0)
 (239.365, 50.9524, 0)
 97.504 31.7289 230.767
---- (426.856, 143.402, 0)
 1 2 3 (426.905, 354.571, 0)
 (426.905, 354.571, 0)
 (426.905, 354.571, 0)
 nan nan nan
---- (426.905, 354.571, 0)
 1 2 3 (239.365, 50.9524, 0)
 (238.992, 446.597, 0)
 (60.1136, 365.909, 0)
 84.3892 24.3215 251.289
5000 (5.17094, 96.453, 0)
 0 2 3 (59.4175, 132.524, 0)
 (5.85366, 395.915, 0)
 (5.85366, 395.915, 0)
 56.2474 8.53774e-07 303.753
---- (5.85366, 395.915, 0)
 0 2 3 (5.17094, 96.453, 0)
 (426.856, 143.402, 0)
 (59.4175, 132.524, 0)
 59.1757 47.55 253.274
---- (59.4175, 132.524, 0)
 0 1 3 (239.365, 50.9524, 0)
 (60.1136, 365.909, 0)
 (426.856, 143.402, 0)
 114.214 88.1334 157.652
---- (60.1136, 365.909, 0)
 0 1 3 (5.85366, 395.915, 0)
 (238.421, 446.93, 0)
 (5.17094, 96.453, 0)
 126.621 125.961 107.418
---- (239.365, 50.9524, 0)
 0 1 2 (238.421, 446.93, 0)
 (59.4175, 132.524, 0)
 (5.17094, 96.453, 0)
 65.4782 13.3904 281.131
---- (238.421, 446.93, 0)
 0 1 2 (60.1136, 365.909, 0)
 (426.856, 143.402, 0)
 (239.365, 50.9524, 0)
 97.3962 31.696 230.908
---- (426.856, 143.402, 0)
 1 2 3 (426.905, 354.571, 0)
 (426.905, 354.571, 0)
 (426.905, 354.571, 0)
 nan nan nan
---- (426.905, 354.571, 0)
 1 2 3 (239.365, 50.9524, 0)
 (238.421, 446.93, 0)
 (60.1136, 365.909, 0)
 84.4024 24.3347 251.263
5100 (5.16807, 96.6807, 0)
 0 2 3 (59.2925, 133.019, 0)
 (5.85366, 395.915, 0)
 (5.85366, 395.915, 0)
 55.992 0 304.008
---- (5.85366, 395.915, 0)
 0 2 3 (5.16807, 96.6807, 0)
 (426.856, 143.402, 0)
 (59.2925, 133.019, 0)
 59.1764 47.5551 253.268
---- (59.2925, 133.019, 0)
 0 1 3 (238.843, 50.5372, 0)
 (59.9457, 365.38, 0)
 (426.856, 143.402, 0)
 114.512 88.2208 157.267
---- (59.9457, 365.38, 0)
 0 1 3 (5.85366, 395.915, 0)
 (238.909, 447.818, 0)
 (5.16807, 96.6807, 0)
 125.823 126.255 107.922
---- (238.843, 50.5372, 0)
 0 1 2 (238.909, 447.818, 0)
 (59.2925, 133.019, 0)
 (5.16807, 96.6807, 0)
 65.3365 13.5026 281.161
---- (238.909, 447.818, 0)
 0 1 2 (59.9457, 365.38, 0)
 (426.856, 143.402, 0)
 (238.843, 50.5372, 0)
 96.9585 31.7007 231.341
---- (426.856, 143.402, 0)
 1 2 3 (426.905, 354.571, 0)
 (426.905, 354.571, 0)
 (426.905, 354.571, 0)
 nan nan nan
---- (426.905, 354.571, 0)
 1 2 3 (238.843, 50.5372, 0)
 (238.909, 447.818, 0)
 (59.9457, 365.38, 0)
 84.6426 24.6944 250.663
5200 (5.25424, 96.6525, 0)
 0 2 3 (59.2925, 133.019, 0)
 (5.83333, 395.774, 0)
 (5.83333, 395.774, 0)
 55.9495 nan nan
---- (5.83333, 395.774, 0)
 0 2 3 (5.25424, 96.6525, 0)
 (427.121, 143.535, 0)
 (59.2925, 133.019, 0)
 59.2006 47.5895 253.21
---- (59.2925, 133.019, 0)
 0 1 3 (238.992, 50.1261, 0)
 (60.4167, 362.917, 0)
 (427.121, 143.535, 0)
 114.483 88.0821 157.435
---- (60.4167, 362.917, 0)
 0 1 3 (5.83333, 395.774, 0)
 (238.909, 447.818, 0)
 (5.25424, 96.6525, 0)
 123.515 127.143 109.342
---- (238.992, 50.1261, 0)
 0 1 2 (238.909, 447.818, 0)
 (59.2925, 133.019, 0)
 (5.25424, 96.6525, 0)
 65.2249 13.5054 281.27
---- (238.909, 447.818, 0)
 0 1 2 (60.4167, 362.917, 0)
 (427.121, 143.535, 0)
 (238.992, 50.1261, 0)
 96.3001 31.7267 231.973
---- (427.121, 143.535, 0)
 1 2 3 (426.905, 354.571, 0)
 (426.905, 354.571, 0)
 (426.905, 354.571, 0)
 8.53774e-07 8.53774e-07 360
---- (426.905, 354.571, 0)
 1 2 3 (238.992, 50.1261, 0)
 (238.909, 447.818, 0)
 (60.4167, 362.917, 0)
 84.6975 25.0772 250.225
5300 (5, 97.1074, 0)
 0 2 3 (59.0952, 133.095, 0)
 (5.5814, 395.349, 0)
 (5.5814, 395.349, 0)
 56.2538 nan nan
---- (5.5814, 395.349, 0)
 0 2 3 (5, 97.1074, 0)
 (427.121, 143.535, 0)
 (59.0952, 133.095, 0)
 59.259 47.6143 253.127
---- (59.0952, 133.095, 0)
 0 1 3 (238.992, 50.1261, 0)
 (60.4167, 362.917, 0)
 (427.121, 143.535, 0)
 114.43 88.0456 157.524
---- (60.4167, 362.917, 0)
 0 1 3 (5.5814, 395.349, 0)
 (238.909, 447.818, 0)
 (5, 97.1074, 0)
 123.959 127.215 108.826
---- (238.992, 50.1261, 0)
 0 1 2 (238.909, 447.818, 0)
 (59.0952, 133.095, 0)
 (5, 97.1074, 0)
 65.2287 13.4064 281.365
---- (238.909, 447.818, 0)
 0 1 2 (60.4167, 362.917, 0)
 (427.121, 143.535, 0)
 (238.992, 50.1261, 0)
 96.3001 31.7267 231.973
---- (427.121, 143.535, 0)
 1 2 3 (427.15, 354.486, 0)
 (427.15, 354.486, 0)
 (427.15, 354.486, 0)
 8.53774e-07 8.53774e-07 360
---- (427.15, 354.486, 0)
 1 2 3 (238.992, 50.1261, 0)
 (238.909, 447.818, 0)
 (60.4167, 362.917, 0)
 84.6481 25.0559 250.296
5400 (5.3211, 99.8165, 0)
 0 2 3 (59.0952, 133.095, 0)
 (5.64706, 395.294, 0)
 (5.64706, 395.294, 0)
 58.185 0 301.815
---- (5.64706, 395.294, 0)
 0 2 3 (5.3211, 99.8165, 0)
 (427.121, 143.535, 0)
 (59.0952, 133.095, 0)
 59.2121 47.6272 253.161
---- (59.0952, 133.095, 0)
 0 1 3 (238.992, 50.1261, 0)
 (60.4167, 362.917, 0)
 (427.121, 143.535, 0)
 114.43 88.0456 157.524
---- (60.4167, 362.917, 0)
 0 1 3 (5.64706, 395.294, 0)
 (238.919, 447.838, 0)
 (5.3211, 99.8165, 0)
 123.968 127.27 108.762
---- (238.992, 50.1261, 0)
 0 1 2 (238.919, 447.838, 0)
 (59.0952, 133.095, 0)
 (5.3211, 99.8165, 0)
 65.2301 12.7542 282.016
---- (238.919, 447.838, 0)
 0 1 2 (60.4167, 362.917, 0)
 (427.121, 143.535, 0)
 (238.992, 50.1261, 0)
 96.2932 31.7251 231.982
---- (427.121, 143.535, 0)
 1 2 3 (427.15, 354.486, 0)
 (427.15, 354.486, 0)
 (427.15, 354.486, 0)
 8.53774e-07 8.53774e-07 360
---- (427.15, 354.486, 0)
 1 2 3 (238.992, 50.1261, 0)
 (238.919, 447.838, 0)
 (60.4167, 362.917, 0)
 84.6541 25.0619 250.284
5500 (5.45455, 100.091, 0)
 0 2 3 (59.0777, 133.058, 0)
 (5.64706, 395.294, 0)
 (5.64706, 395.294, 0)
 58.3796 0 301.62
---- (5.64706, 395.294, 0)
 0 2 3 (5.45455, 100.091, 0)
 (427, 143.5, 0)
 (59.0777, 133.058, 0)
 59.1755 47.6217 253.203
---- (59.0777, 133.058, 0)
 0 1 3 (239, 50.125, 0)
 (60.1807, 362.771, 0)
 (427, 143.5, 0)
 114.472 88.0992 157.429
---- (60.1807, 362.771, 0)
 0 1 3 (5.64706, 395.294, 0)
 (238.919, 447.838, 0)
 (5.45455, 100.091, 0)
 123.738 127.22 109.043
---- (239, 50.125, 0)
 0 1 2 (238.919, 447.838, 0)
 (59.0777, 133.058, 0)
 (5.45455, 100.091, 0)
 65.2415 12.6707 282.088
---- (238.919, 447.838, 0)
 0 1 2 (60.1807, 362.771, 0)
 (427, 143.5, 0)
 (239, 50.125, 0)
 96.265 31.7044 232.031
---- (427, 143.5, 0)
 1 2 3 (427.037, 354.537, 0)
 (427.037, 354.537, 0)
 (427.037, 354.537, 0)
 8.53774e-07 8.53774e-07 360
---- (427.037, 354.537, 0)
 1 2 3 (239, 50.125, 0)
 (238.919, 447.838, 0)
 (60.1807, 362.771, 0)
 84.6761 25.0942 250.23
5600 (5.45455, 100.091, 0)
 0 2 3 (58.835, 133.204, 0)
 (5.81395, 395, 0)
 (5.81395, 395, 0)
 58.118 0 301.882
---- (5.81395, 395, 0)
 0 2 3 (5.45455, 100.091, 0)
 (427, 143.5, 0)
 (58.835, 133.204, 0)
 59.2274 47.7085 253.064
---- (58.835, 133.204, 0)
 0 1 3 (238.95, 50.084, 0)
 (60.1807, 362.771, 0)
 (427, 143.5, 0)
 114.437 88.0622 157.501
---- (60.1807, 362.771, 0)
 0 1 3 (5.81395, 395, 0)
 (239.057, 449.959, 0)
 (5.45455, 100.091, 0)
 123.355 127.754 108.891
---- (238.95, 50.084, 0)
 0 1 2 (239.057, 449.959, 0)
 (58.835, 133.204, 0)
 (5.45455, 100.091, 0)
 65.2429 12.6843 282.073
---- (239.057, 449.959, 0)
 0 1 2 (60.1807, 362.771, 0)
 (427, 143.5, 0)
 (238.95, 50.084, 0)
 95.5341 31.5351 232.931
---- (427, 143.5, 0)
 1 2 3 (427.037, 354.537, 0)
 (427.037, 354.537, 0)
 (427.037, 354.537, 0)
 8.53774e-07 8.53774e-07 360
---- (427.037, 354.537, 0)
 1 2 3 (238.95, 50.084, 0)
 (239.057, 449.959, 0)
 (60.1807, 362.771, 0)
 85.2059 25.6274 249.167
5700 (5.45455, 100.091, 0)
 0 2 3 (58.835, 133.204, 0)
 (5.81395, 395, 0)
 (5.81395, 395, 0)
 58.118 0 301.882
---- (5.81395, 395, 0)
 0 2 3 (5.45455, 100.091, 0)
 (426.98, 143.515, 0)
 (58.835, 133.204, 0)
 59.2277 47.7088 253.064
---- (58.835, 133.204, 0)
 0 1 3 (239.315, 49.9597, 0)
 (60, 362.622, 0)
 (426.98, 143.515, 0)
 114.47 88.1047 157.425
---- (60, 362.622, 0)
 0 1 3 (5.81395, 395, 0)
 (238.77, 450.205, 0)
 (5.45455, 100.091, 0)
 123.039 127.838 109.123
---- (239.315, 49.9597, 0)
 0 1 2 (238.77, 450.205, 0)
 (58.835, 133.204, 0)
 (5.45455, 100.091, 0)
 65.1611 12.6619 282.177
---- (238.77, 450.205, 0)
 0 1 2 (60, 362.622, 0)
 (426.98, 143.515, 0)
 (239.315, 49.9597, 0)
 95.4355 31.4588 233.106
---- (426.98, 143.515, 0)
 1 2 3 (427.018, 354.541, 0)
 (427.018, 354.541, 0)
 (427.018, 354.541, 0)
 0 0 360
---- (427.018, 354.541, 0)
 1 2 3 (239.315, 49.9597, 0)
 (238.77, 450.205, 0)
 (60, 362.622, 0)
 85.2945 25.6774 249.028
5800 (5.45455, 100.091, 0)
 0 2 3 (58.835, 133.204, 0)
 (5.81395, 395, 0)
 (5.81395, 395, 0)
 58.118 0 301.882
---- (5.81395, 395, 0)
 0 2 3 (5.45455, 100.091, 0)
 (426.98, 143.515, 0)
 (58.835, 133.204, 0)
 59.2277 47.7088 253.064
---- (58.835, 133.204, 0)
 0 1 3 (238.77, 49.7951, 0)
 (59.8765, 362.531, 0)
 (426.98, 143.515, 0)
 114.61 88.1355 157.255
---- (59.8765, 362.531, 0)
 0 1 3 (5.81395, 395, 0)
 (238.77, 450.205, 0)
 (5.45455, 100.091, 0)
 122.903 127.824 109.273
---- (238.77, 49.7951, 0)
 0 1 2 (238.77, 450.205, 0)
 (58.835, 133.204, 0)
 (5.45455, 100.091, 0)
 65.13 12.7049 282.165
---- (238.77, 450.205, 0)
 0 1 2 (59.8765, 362.531, 0)
 (426.98, 143.515, 0)
 (238.77, 49.7951, 0)
 95.4276 31.5366 233.036
---- (426.98, 143.515, 0)
 1 2 3 (427.018, 354.541, 0)
 (427.018, 354.541, 0)
 (427.018, 354.541, 0)
 0 0 360
---- (427.018, 354.541, 0)
 1 2 3 (238.77, 49.7951, 0)
 (238.77, 450.205, 0)
 (59.8765, 362.531, 0)
 85.2343 25.6921 249.074
5900 (5.4955, 100.315, 0)
 0 2 3 (58.835, 133.204, 0)
 (5.81395, 395, 0)
 (5.81395, 395, 0)
 58.2805 1.20742e-06 301.719
---- (5.81395, 395, 0)
 0 2 3 (5.4955, 100.315, 0)
 (426.98, 143.515, 0)
 (58.835, 133.204, 0)
 59.2198 47.7088 253.071
---- (58.835, 133.204, 0)
 0 1 3 (238.678, 49.7107, 0)
 (59.8765, 362.531, 0)
 (426.98, 143.515, 0)
 114.643 88.1355 157.221
---- (59.8765, 362.531, 0)
 0 1 3 (5.81395, 395, 0)
 (238.678, 450.289, 0)
 (5.4955, 100.315, 0)
 122.869 127.859 109.272
---- (238.678, 49.7107, 0)
 0 1 2 (238.678, 450.289, 0)
 (58.835, 133.204, 0)
 (5.4955, 100.315, 0)
 65.0966 12.6591 282.244
---- (238.678, 450.289, 0)
 0 1 2 (59.8765, 362.531, 0)
 (426.98, 143.515, 0)
 (238.678, 49.7107, 0)
 95.3997 31.5422 233.058
---- (426.98, 143.515, 0)
 1 2 3 (427.018, 354.541, 0)
 (427.018, 354.541, 0)
 (427.018, 354.541, 0)
 0 0 360
---- (427.018, 354.541, 0)
 1 2 3 (238.678, 49.7107, 0)
 (238.678, 450.289, 0)
 (59.8765, 362.531, 0)
 85.2377 25.7011 249.061
6000 (5.4955, 100.315, 0)
 0 2 3 (58.835, 133.204, 0)
 (5.86207, 394.77, 0)
 (5.86207, 394.77, 0)
 58.2711 0 301.729
---- (5.86207, 394.77, 0)
 0 2 3 (5.4955, 100.315, 0)
 (427.136, 143.641, 0)
 (58.835, 133.204, 0)
 59.2714 47.7512 252.977
---- (58.835, 133.204, 0)
 0 1 3 (238.678, 49.7107, 0)
 (59.8765, 362.531, 0)
 (427.136, 143.641, 0)
 114.643 88.1166 157.24
---- (59.8765, 362.531, 0)
 0 1 3 (5.86207, 394.77, 0)
 (238.678, 450.289, 0)
 (5.4955, 100.315, 0)
 123.026 127.859 109.115
---- (238.678, 49.7107, 0)
 0 1 2 (238.678, 450.289, 0)
 (58.835, 133.204, 0)
 (5.4955, 100.315, 0)
 65.0966 12.6591 282.244
---- (238.678, 450.289, 0)
 0 1 2 (59.8765, 362.531, 0)
 (427.136, 143.641, 0)
 (238.678, 49.7107, 0)
 95.4313 31.5738 232.995
---- (427.136, 143.641, 0)
 1 2 3 (427.018, 354.541, 0)
 (427.018, 354.541, 0)
 (427.018, 354.541, 0)
 0 0 360
---- (427.018, 354.541, 0)
 1 2 3 (238.678, 49.7107, 0)
 (238.678, 450.289, 0)
 (59.8765, 362.531, 0)
 85.2377 25.7011 249.061
6100 (5.4955, 100.315, 0)
 0 2 3 (58.835, 133.204, 0)
 (5.86207, 394.77, 0)
 (5.86207, 394.77, 0)
 58.2711 0 301.729
---- (5.86207, 394.77, 0)
 0 2 3 (5.4955, 100.315, 0)
 (427.136, 143.641, 0)
 (58.835, 133.204, 0)
 59.2714 47.7512 252.977
---- (58.835, 133.204, 0)
 0 1 3 (238.678, 49.7107, 0)
 (59.8765, 362.531, 0)
 (427.136, 143.641, 0)
 114.643 88.1166 157.24
---- (59.8765, 362.531, 0)
 0 1 3 (5.86207, 394.77, 0)
 (238.678, 450.289, 0)
 (5.4955, 100.315, 0)
 123.026 127.859 109.115
---- (238.678, 49.7107, 0)
 0 1 2 (238.678, 450.289, 0)
 (58.835, 133.204, 0)
 (5.4955, 100.315, 0)
 65.0966 12.6591 282.244
---- (238.678, 450.289, 0)
 0 1 2 (59.8765, 362.531, 0)
 (427.136, 143.641, 0)
 (238.678, 49.7107, 0)
 95.4313 31.5738 232.995
---- (427.136, 143.641, 0)
 1 2 3 (427.479, 352.009, 0)
 (427.479, 352.009, 0)
 (427.479, 352.009, 0)
 nan nan nan
---- (427.479, 352.009, 0)
 1 2 3 (238.678, 49.7107, 0)
 (238.678, 450.289, 0)
 (59.8765, 362.531, 0)
 85.5124 25.8597 248.628
6200 (5.4955, 100.315, 0)
 0 2 3 (58.835, 133.204, 0)
 (5.86207, 394.77, 0)
 (5.86207, 394.77, 0)
 58.2711 0 301.729
---- (5.86207, 394.77, 0)
 0 2 3 (5.4955, 100.315, 0)
 (427.136, 143.641, 0)
 (58.835, 133.204, 0)
 59.2714 47.7512 252.977
---- (58.835, 133.204, 0)
 0 1 3 (238.678, 49.7107, 0)
 (59.8765, 362.531, 0)
 (427.136, 143.641, 0)
 114.643 88.1166 157.24
---- (59.8765, 362.531, 0)
 0 1 3 (5.86207, 394.77, 0)
 (238.678, 450.289, 0)
 (5.4955, 100.315, 0)
 123.026 127.859 109.115
---- (238.678, 49.7107, 0)
 0 1 2 (238.678, 450.289, 0)
 (58.835, 133.204, 0)
 (5.4955, 100.315, 0)
 65.0966 12.6591 282.244
---- (238.678, 450.289, 0)
 0 1 2 (59.8765, 362.531, 0)
 (427.136, 143.641, 0)
 (238.678, 49.7107, 0)
 95.4313 31.5738 232.995
---- (427.136, 143.641, 0)
 1 2 3 (427.479, 352.009, 0)
 (427.479, 352.009, 0)
 (427.479, 352.009, 0)
 nan nan nan
---- (427.479, 352.009, 0)
 1 2 3 (238.678, 49.7107, 0)
 (238.678, 450.289, 0)
 (59.8765, 362.531, 0)
 85.5124 25.8597 248.628
6300 (5.44643, 100.491, 0)
 0 2 3 (58.6058, 133.269, 0)
 (5.86207, 394.77, 0)
 (5.86207, 394.77, 0)
 58.261 0 301.739
---- (5.86207, 394.77, 0)
 0 2 3 (5.44643, 100.491, 0)
 (427.136, 143.641, 0)
 (58.6058, 133.269, 0)
 59.281 47.7967 252.922
---- (58.6058, 133.269, 0)
 0 1 3 (238.678, 49.7107, 0)
 (59.8765, 362.531, 0)
 (427.136, 143.641, 0)
 114.575 88.0704 157.355
---- (59.8765, 362.531, 0)
 0 1 3 (5.86207, 394.77, 0)
 (238.571, 450.546, 0)
 (5.44643, 100.491, 0)
 122.946 127.957 109.097
---- (238.678, 49.7107, 0)
 0 1 2 (238.571, 450.546, 0)
 (58.6058, 133.269, 0)
 (5.44643, 100.491, 0)
 65.0922 12.6096 282.298
---- (238.571, 450.546, 0)
 0 1 2 (59.8765, 362.531, 0)
 (427.136, 143.641, 0)
 (238.678, 49.7107, 0)
 95.3445 31.5516 233.104
---- (427.136, 143.641, 0)
 1 2 3 (427.479, 352.009, 0)
 (427.479, 352.009, 0)
 (427.479, 352.009, 0)
 nan nan nan
---- (427.479, 352.009, 0)
 1 2 3 (238.678, 49.7107, 0)
 (238.571, 450.546, 0)
 (59.8765, 362.531, 0)
 85.5605 25.9078 248.532
6400 (5.04348, 100.739, 0)
 0 2 3 (58.6058, 133.269, 0)
 (5.79545, 394.602, 0)
 (5.79545, 394.602, 0)
 58.5817 1.20742e-06 301.418
---- (5.79545, 394.602, 0)
 0 2 3 (5.04348, 100.739, 0)
 (427.136, 143.641, 0)
 (58.6058, 133.269, 0)
 59.3675 47.7964 252.836
---- (58.6058, 133.269, 0)
 0 1 3 (238.571, 49.4538, 0)
 (59.5732, 362.5, 0)
 (427.136, 143.641, 0)
 114.731 88.1462 157.123
---- (59.5732, 362.5, 0)
 0 1 3 (5.79545, 394.602, 0)
 (238.571, 450.546, 0)
 (5.04348, 100.739, 0)
 122.973 127.959 109.067
---- (238.571, 49.4538, 0)
 0 1 2 (238.571, 450.546, 0)
 (58.6058, 133.269, 0)
 (5.04348, 100.739, 0)
 65.0272 12.5867 282.386
---- (238.571, 450.546, 0)
 0 1 2 (59.5732, 362.5, 0)
 (427.136, 143.641, 0)
 (238.571, 49.4538, 0)
 95.375 31.5668 233.058
---- (427.136, 143.641, 0)
 1 2 3 (427.479, 352.009, 0)
 (427.479, 352.009, 0)
 (427.479, 352.009, 0)
 nan nan nan
---- (427.479, 352.009, 0)
 1 2 3 (238.571, 49.4538, 0)
 (238.571, 450.546, 0)
 (59.5732, 362.5, 0)
 85.5679 25.914 248.518
6500 (5.04348, 100.739, 0)
 0 2 3 (58.6058, 133.269, 0)
 (5.27473, 394.451, 0)
 (5.27473, 394.451, 0)
 58.6832 nan nan
---- (5.27473, 394.451, 0)
 0 2 3 (5.04348, 100.739, 0)
 (427.136, 143.641, 0)
 (58.6058, 133.269, 0)
 59.3123 47.7265 252.961
---- (58.6058, 133.269, 0)
 0 1 3 (238.571, 49.4538, 0)
 (59.5732, 362.5, 0)
 (427.136, 143.641, 0)
 114.731 88.1462 157.123
---- (59.5732, 362.5, 0)
 0 1 3 (5.27473, 394.451, 0)
 (238.632, 450.897, 0)
 (5.04348, 100.739, 0)
 123.252 128.042 108.706
---- (238.571, 49.4538, 0)
 0 1 2 (238.632, 450.897, 0)
 (58.6058, 133.269, 0)
 (5.04348, 100.739, 0)
 65.0359 12.5867 282.377
---- (238.632, 450.897, 0)
 0 1 2 (59.5732, 362.5, 0)
 (427.136, 143.641, 0)
 (238.571, 49.4538, 0)
 95.2548 31.538 233.207
---- (427.136, 143.641, 0)
 1 2 3 (427.479, 352.009, 0)
 (427.479, 352.009, 0)
 (427.479, 352.009, 0)
 nan nan nan
---- (427.479, 352.009, 0)
 1 2 3 (238.571, 49.4538, 0)
 (238.632, 450.897, 0)
 (59.5732, 362.5, 0)
 85.6591 26.0053 248.336
6600 (5.04348, 100.739, 0)
 0 2 3 (59.213, 133.796, 0)
 (5.27473, 394.451, 0)
 (5.27473, 394.451, 0)
 58.5611 nan nan
---- (5.27473, 394.451, 0)
 0 2 3 (5.04348, 100.739, 0)
 (427.476, 143.762, 0)
 (59.213, 133.796, 0)
 59.3447 47.6082 253.047
---- (59.213, 133.796, 0)
 0 1 3 (238.632, 49.1026, 0)
 (59.5732, 362.5, 0)
 (427.476, 143.762, 0)
 115.179 88.3597 156.461
---- (59.5732, 362.5, 0)
 0 1 3 (5.27473, 394.451, 0)
 (238.632, 450.897, 0)
 (5.04348, 100.739, 0)
 123.252 128.042 108.706
---- (238.632, 49.1026, 0)
 0 1 2 (238.632, 450.897, 0)
 (59.213, 133.796, 0)
 (5.04348, 100.739, 0)
 64.7307 12.8041 282.465
---- (238.632, 450.897, 0)
 0 1 2 (59.5732, 362.5, 0)
 (427.476, 143.762, 0)
 (238.632, 49.1026, 0)
 95.311 31.5855 233.104
---- (427.476, 143.762, 0)
 1 2 3 (427.479, 352.009, 0)
 (427.479, 352.009, 0)
 (427.479, 352.009, 0)
 0 0 360
---- (427.479, 352.009, 0)
 1 2 3 (238.632, 49.1026, 0)
 (238.632, 450.897, 0)
 (59.5732, 362.5, 0)
 85.6973 26.0053 248.297
6700 (5.04348, 100.739, 0)
 0 2 3 (59.7895, 135.842, 0)
 (5.27473, 394.451, 0)
 (5.27473, 394.451, 0)
 57.287 nan nan
---- (5.27473, 394.451, 0)
 0 2 3 (5.04348, 100.739, 0)
 (427.476, 143.762, 0)
 (59.7895, 135.842, 0)
 59.3447 47.3959 253.259
---- (59.7895, 135.842, 0)
 0 1 3 (238.632, 49.1026, 0)
 (59.5732, 362.5, 0)
 (427.476, 143.762, 0)
 115.928 88.8207 155.251
---- (59.5732, 362.5, 0)
 0 1 3 (5.27473, 394.451, 0)
 (238.87, 451.348, 0)
 (5.04348, 100.739, 0)
 123.166 128.128 108.706
---- (238.632, 49.1026, 0)
 0 1 2 (238.87, 451.348, 0)
 (59.7895, 135.842, 0)
 (5.04348, 100.739, 0)
 64.1602 13.4084 282.431
---- (238.87, 451.348, 0)
 0 1 2 (59.5732, 362.5, 0)
 (427.476, 143.762, 0)
 (238.632, 49.1026, 0)
 95.1559 31.5497 233.294
---- (427.476, 143.762, 0)
 1 2 3 (427.773, 351.975, 0)
 (427.773, 351.975, 0)
 (427.773, 351.975, 0)
 0 0 360
---- (427.773, 351.975, 0)
 1 2 3 (238.632, 49.1026, 0)
 (238.87, 451.348, 0)
 (59.5732, 362.5, 0)
 85.7623 26.1093 248.128
6800 (5.04348, 100.739, 0)
 0 2 3 (59.7895, 135.842, 0)
 (5.27473, 394.451, 0)
 (5.27473, 394.451, 0)
 57.287 nan nan
---- (5.27473, 394.451, 0)
 0 2 3 (5.04348, 100.739, 0)
 (427.476, 143.762, 0)
 (59.7895, 135.842, 0)
 59.3447 47.3959 253.259
---- (59.7895, 135.842, 0)
 0 1 3 (238.87, 48.6522, 0)
 (59.5732, 362.5, 0)
 (427.476, 143.762, 0)
 116.015 88.8207 155.164
---- (59.5732, 362.5, 0)
 0 1 3 (5.27473, 394.451, 0)
 (238.87, 451.348, 0)
 (5.04348, 100.739, 0)
 123.166 128.128 108.706
---- (238.87, 48.6522, 0)
 0 1 2 (238.87, 451.348, 0)
 (59.7895, 135.842, 0)
 (5.04348, 100.739, 0)
 64.0396 13.4022 282.558
---- (238.87, 451.348, 0)
 0 1 2 (59.5732, 362.5, 0)
 (427.476, 143.762, 0)
 (238.87, 48.6522, 0)
 95.1559 31.5159 233.328
---- (427.476, 143.762, 0)
 1 2 3 (427.773, 351.975, 0)
 (427.773, 351.975, 0)
 (427.773, 351.975, 0)
 0 0 360
---- (427.773, 351.975, 0)
 1 2 3 (238.87, 48.6522, 0)
 (238.87, 451.348, 0)
 (59.5732, 362.5, 0)
 85.8328 26.1093 248.058
6900 (5.04348, 100.739, 0)
 0 2 3 (59.734, 135.798, 0)
 (5.27473, 394.451, 0)
 (5.27473, 394.451, 0)
 57.2935 nan nan
---- (5.27473, 394.451, 0)
 0 2 3 (5.04348, 100.739, 0)
 (427.45, 144.5, 0)
 (59.734, 135.798, 0)
 59.4173 47.4822 253.1
---- (59.734, 135.798, 0)
 0 1 3 (238.87, 48.6522, 0)
 (60.2907, 362.035, 0)
 (427.45, 144.5, 0)
 115.801 88.5034 155.696
---- (60.2907, 362.035, 0)
 0 1 3 (5.27473, 394.451, 0)
 (238.974, 451.41, 0)
 (5.04348, 100.739, 0)
 122.92 128.512 108.568
---- (238.87, 48.6522, 0)
 0 1 2 (238.974, 451.41, 0)
 (59.734, 135.798, 0)
 (5.04348, 100.739, 0)
 64.073 13.3838 282.543
---- (238.974, 451.41, 0)
 0 1 2 (60.2907, 362.035, 0)
 (427.45, 144.5, 0)
 (238.87, 48.6522, 0)
 94.9807 31.5693 233.45
---- (427.45, 144.5, 0)
 1 2 3 (427.773, 351.975, 0)
 (427.773, 351.975, 0)
 (427.773, 351.975, 0)
 1.20742e-06 1.20742e-06 360
---- (427.773, 351.975, 0)
 1 2 3 (238.87, 48.6522, 0)
 (238.974, 451.41, 0)
 (60.2907, 362.035, 0)
 85.8608 26.2065 247.933
7000 (5.17544, 100.702, 0)
 0 2 3 (59.734, 135.798, 0)
 (5.48913, 394.13, 0)
 (5.48913, 394.13, 0)
 57.1866 nan nan
---- (5.48913, 394.13, 0)
 0 2 3 (5.17544, 100.702, 0)
 (427.45, 144.5, 0)
 (59.734, 135.798, 0)
 59.4529 47.5329 253.014
---- (59.734, 135.798, 0)
 0 1 3 (239.355, 46.0887, 0)
 (60.3614, 362.108, 0)
 (427.45, 144.5, 0)
 116.38 88.4855 155.134
---- (60.3614, 362.108, 0)
 0 1 3 (5.48913, 394.13, 0)
 (238.974, 451.41, 0)
 (5.17544, 100.702, 0)
 123.169 128.485 108.346
---- (239.355, 46.0887, 0)
 0 1 2 (238.974, 451.41, 0)
 (59.734, 135.798, 0)
 (5.17544, 100.702, 0)
 63.407 13.4119 283.181
---- (238.974, 451.41, 0)
 0 1 2 (60.3614, 362.108, 0)
 (427.45, 144.5, 0)
 (239.355, 46.0887, 0)
 94.9905 31.5006 233.509
---- (427.45, 144.5, 0)
 1 2 3 (427.457, 351.638, 0)
 (427.457, 351.638, 0)
 (427.457, 351.638, 0)
 0 0 360
---- (427.457, 351.638, 0)
 1 2 3 (239.355, 46.0887, 0)
 (238.974, 451.41, 0)
 (60.3614, 362.108, 0)
 86.277 26.2605 247.462
7100 (5.17544, 100.702, 0)
 0 2 3 (59.734, 135.798, 0)
 (5.65934, 394.121, 0)
 (5.65934, 394.121, 0)
 57.1534 0 302.847
---- (5.65934, 394.121, 0)
 0 2 3 (5.17544, 100.702, 0)
 (427.45, 144.5, 0)
 (59.734, 135.798, 0)
 59.4769 47.5594 252.964
---- (59.734, 135.798, 0)
 0 1 3 (239.683, 46.0714, 0)
 (60.3614, 362.108, 0)
 (427.45, 144.5, 0)
 116.343 88.4855 155.171
---- (60.3614, 362.108, 0)
 0 1 3 (5.65934, 394.121, 0)
 (239.328, 451.471, 0)
 (5.17544, 100.702, 0)
 123.129 128.455 108.416
---- (239.683, 46.0714, 0)
 0 1 2 (239.328, 451.471, 0)
 (59.734, 135.798, 0)
 (5.17544, 100.702, 0)
 63.448 13.3883 283.164
---- (239.328, 451.471, 0)
 0 1 2 (60.3614, 362.108, 0)
 (427.45, 144.5, 0)
 (239.683, 46.0714, 0)
 94.9674 31.4513 233.581
---- (427.45, 144.5, 0)
 1 2 3 (427.457, 351.638, 0)
 (427.457, 351.638, 0)
 (427.457, 351.638, 0)
 0 0 360
---- (427.457, 351.638, 0)
 1 2 3 (239.683, 46.0714, 0)
 (239.328, 451.471, 0)
 (60.3614, 362.108, 0)
 86.3819 26.3193 247.299
7200 (5.17544, 100.702, 0)
 0 2 3 (59.6316, 135.947, 0)
 (5.65934, 394.121, 0)
 (5.65934, 394.121, 0)
 56.9934 0 303.007
---- (5.65934, 394.121, 0)
 0 2 3 (5.17544, 100.702, 0)
 (427.602, 144.898, 0)
 (59.6316, 135.947, 0)
 59.526 47.6237 252.85
---- (59.6316, 135.947, 0)
 0 1 3 (239.683, 46.0714, 0)
 (60.3614, 362.108, 0)
 (427.602, 144.898, 0)
 116.342 88.4217 155.236
---- (60.3614, 362.108, 0)
 0 1 3 (5.65934, 394.121, 0)
 (239.292, 451.458, 0)
 (5.17544, 100.702, 0)
 123.128 128.456 108.416
---- (239.683, 46.0714, 0)
 0 1 2 (239.292, 451.458, 0)
 (59.6316, 135.947, 0)
 (5.17544, 100.702, 0)
 63.4178 13.4133 283.169
---- (239.292, 451.458, 0)
 0 1 2 (60.3614, 362.108, 0)
 (427.602, 144.898, 0)
 (239.683, 46.0714, 0)
 95.0256 31.5059 233.469
---- (427.602, 144.898, 0)
 1 2 3 (427.457, 351.638, 0)
 (427.457, 351.638, 0)
 (427.457, 351.638, 0)
 nan nan nan
---- (427.457, 351.638, 0)
 1 2 3 (239.683, 46.0714, 0)
 (239.292, 451.458, 0)
 (60.3614, 362.108, 0)
 86.3744 26.3119 247.314
7300 (5.17699, 100.664, 0)
 0 2 3 (59.6316, 135.947, 0)
 (5.65934, 394.121, 0)
 (5.65934, 394.121, 0)
 56.9648 nan nan
---- (5.65934, 394.121, 0)
 0 2 3 (5.17699, 100.664, 0)
 (427.552, 145.208, 0)
 (59.6316, 135.947, 0)
 59.554 47.652 252.794
---- (59.6316, 135.947, 0)
 0 1 3 (239.646, 46.1024, 0)
 (60.3614, 362.108, 0)
 (427.552, 145.208, 0)
 116.339 88.3732 155.288
---- (60.3614, 362.108, 0)
 0 1 3 (5.65934, 394.121, 0)
 (239.292, 451.458, 0)
 (5.17699, 100.664, 0)
 123.128 128.454 108.418
---- (239.646, 46.1024, 0)
 0 1 2 (239.292, 451.458, 0)
 (59.6316, 135.947, 0)
 (5.17699, 100.664, 0)
 63.4262 13.4241 283.15
---- (239.292, 451.458, 0)
 0 1 2 (60.3614, 362.108, 0)
 (427.552, 145.208, 0)
 (239.646, 46.1024, 0)
 95.0447 31.5302 233.425
---- (427.552, 145.208, 0)
 1 2 3 (427.588, 351.228, 0)
 (427.588, 351.228, 0)
 (427.588, 351.228, 0)
 0 0 360
---- (427.588, 351.228, 0)
 1 2 3 (239.646, 46.1024, 0)
 (239.292, 451.458, 0)
 (60.3614, 362.108, 0)
 86.3955 26.3293 247.275
7400 (5.26316, 100.921, 0)
 0 2 3 (59.6316, 135.947, 0)
 (5.66667, 394.111, 0)
 (5.66667, 394.111, 0)
 57.1299 nan nan
---- (5.66667, 394.111, 0)
 0 2 3 (5.26316, 100.921, 0)
 (427.552, 145.208, 0)
 (59.6316, 135.947, 0)
 59.5392 47.6536 252.807
---- (59.6316, 135.947, 0)
 0 1 3 (239.646, 46.1024, 0)
 (60.2381, 361.964, 0)
 (427.552, 145.208, 0)
 116.37 88.4044 155.226
---- (60.2381, 361.964, 0)
 0 1 3 (5.66667, 394.111, 0)
 (239.292, 451.458, 0)
 (5.26316, 100.921, 0)
 122.942 128.449 108.609
---- (239.646, 46.1024, 0)
 0 1 2 (239.292, 451.458, 0)
 (59.6316, 135.947, 0)
 (5.26316, 100.921, 0)
 63.4262 13.3598 283.214
---- (239.292, 451.458, 0)
 0 1 2 (60.2381, 361.964, 0)
 (427.552, 145.208, 0)
 (239.646, 46.1024, 0)
 95.0235 31.5302 233.446
---- (427.552, 145.208, 0)
 1 2 3 (427.545, 350.893, 0)
 (427.545, 350.893, 0)
 (427.545, 350.893, 0)
 0 0 360
---- (427.545, 350.893, 0)
 1 2 3 (239.646, 46.1024, 0)
 (239.292, 451.458, 0)
 (60.2381, 361.964, 0)
 86.4581 26.3848 247.157
7500 (5.26316, 100.921, 0)
 0 2 3 (59.6316, 135.947, 0)
 (5.76923, 393.846, 0)
 (5.76923, 393.846, 0)
 57.1098 1.20742e-06 302.89
---- (5.76923, 393.846, 0)
 0 2 3 (5.26316, 100.921, 0)
 (427.552, 145.208, 0)
 (59.6316, 135.947, 0)
 59.58 47.6843 252.736
---- (59.6316, 135.947, 0)
 0 1 3 (239.646, 46.1024, 0)
 (60.2381, 361.964, 0)
 (427.552, 145.208, 0)
 116.37 88.4044 155.226
---- (60.2381, 361.964, 0)
 0 1 3 (5.76923, 393.846, 0)
 (239.174, 451.405, 0)
 (5.26316, 100.921, 0)
 123.1 128.451 108.449
---- (239.646, 46.1024, 0)
 0 1 2 (239.174, 451.405, 0)
 (59.6316, 135.947, 0)
 (5.26316, 100.921, 0)
 63.4095 13.3598 283.231
---- (239.174, 451.405, 0)
 0 1 2 (60.2381, 361.964, 0)
 (427.552, 145.208, 0)
 (239.646, 46.1024, 0)
 95.0426 31.534 233.423
---- (427.552, 145.208, 0)
 1 2 3 (427.545, 350.893, 0)
 (427.545, 350.893, 0)
 (427.545, 350.893, 0)
 0 0 360
---- (427.545, 350.893, 0)
 1 2 3 (239.646, 46.1024, 0)
 (239.174, 451.405, 0)
 (60.2381, 361.964, 0)
 86.4305 26.3572 247.212
7600 (5.26316, 100.921, 0)
 0 2 3 (59.6316, 135.947, 0)
 (5.76923, 393.846, 0)
 (5.76923, 393.846, 0)
 57.1098 1.20742e-06 302.89
---- (5.76923, 393.846, 0)
 0 2 3 (5.26316, 100.921, 0)
 (427.552, 145.208, 0)
 (59.6316, 135.947, 0)
 59.58 47.6843 252.736
---- (59.6316, 135.947, 0)
 0 1 3 (239.531, 46.1719, 0)
 (60.2381, 361.964, 0)
 (427.552, 145.208, 0)
 116.367 88.4044 155.229
---- (60.2381, 361.964, 0)
 0 1 3 (5.76923, 393.846, 0)
 (239.174, 451.405, 0)
 (5.26316, 100.921, 0)
 123.1 128.451 108.449
---- (239.531, 46.1719, 0)
 0 1 2 (239.174, 451.405, 0)
 (59.6316, 135.947, 0)
 (5.26316, 100.921, 0)
 63.4288 13.3665 283.205
---- (239.174, 451.405, 0)
 0 1 2 (60.2381, 361.964, 0)
 (427.552, 145.208, 0)
 (239.531, 46.1719, 0)
 95.0426 31.5501 233.407
---- (427.552, 145.208, 0)
 1 2 3 (427.545, 350.893, 0)
 (427.545, 350.893, 0)
 (427.545, 350.893, 0)
 0 0 360
---- (427.545, 350.893, 0)
 1 2 3 (239.531, 46.1719, 0)
 (239.174, 451.405, 0)
 (60.2381, 361.964, 0)
 86.4091 26.3572 247.234
7700 (5.26316, 100.921, 0)
 0 2 3 (59.6316, 135.947, 0)
 (5.76923, 393.846, 0)
 (5.76923, 393.846, 0)
 57.1098 1.20742e-06 302.89
---- (5.76923, 393.846, 0)
 0 2 3 (5.26316, 100.921, 0)
 (427.552, 145.208, 0)
 (59.6316, 135.947, 0)
 59.58 47.6843 252.736
---- (59.6316, 135.947, 0)
 0 1 3 (239.531, 46.1719, 0)
 (60.2381, 361.964, 0)
 (427.552, 145.208, 0)
 116.367 88.4044 155.229
---- (60.2381, 361.964, 0)
 0 1 3 (5.76923, 393.846, 0)
 (239.174, 451.405, 0)
 (5.26316, 100.921, 0)
 123.1 128.451 108.449
---- (239.531, 46.1719, 0)
 0 1 2 (239.174, 451.405, 0)
 (59.6316, 135.947, 0)
 (5.26316, 100.921, 0)
 63.4288 13.3665 283.205
---- (239.174, 451.405, 0)
 0 1 2 (60.2381, 361.964, 0)
 (427.552, 145.208, 0)
 (239.531, 46.1719, 0)
 95.0426 31.5501 233.407
---- (427.552, 145.208, 0)
 1 2 3 (427.545, 350.893, 0)
 (427.545, 350.893, 0)
 (427.545, 350.893, 0)
 0 0 360
---- (427.545, 350.893, 0)
 1 2 3 (239.531, 46.1719, 0)
 (239.174, 451.405, 0)
 (60.2381, 361.964, 0)
 86.4091 26.3572 247.234
7800 (5.26316, 100.921, 0)
 0 2 3 (59.6316, 135.947, 0)
 (5.76923, 393.846, 0)
 (5.76923, 393.846, 0)
 57.1098 1.20742e-06 302.89
---- (5.76923, 393.846, 0)
 0 2 3 (5.26316, 100.921, 0)
 (427.552, 145.208, 0)
 (59.6316, 135.947, 0)
 59.58 47.6843 252.736
---- (59.6316, 135.947, 0)
 0 1 3 (239.531, 46.1719, 0)
 (60.2381, 361.964, 0)
 (427.552, 145.208, 0)
 116.367 88.4044 155.229
---- (60.2381, 361.964, 0)
 0 1 3 (5.76923, 393.846, 0)
 (239.174, 451.405, 0)
 (5.26316, 100.921, 0)
 123.1 128.451 108.449
---- (239.531, 46.1719, 0)
 0 1 2 (239.174, 451.405, 0)
 (59.6316, 135.947, 0)
 (5.26316, 100.921, 0)
 63.4288 13.3665 283.205
---- (239.174, 451.405, 0)
 0 1 2 (60.2381, 361.964, 0)
 (427.552, 145.208, 0)
 (239.531, 46.1719, 0)
 95.0426 31.5501 233.407
---- (427.552, 145.208, 0)
 1 2 3 (427.545, 350.893, 0)
 (427.545, 350.893, 0)
 (427.545, 350.893, 0)
 0 0 360
---- (427.545, 350.893, 0)
 1 2 3 (239.531, 46.1719, 0)
 (239.174, 451.405, 0)
 (60.2381, 361.964, 0)
 86.4091 26.3572 247.234
7900 (5.26087, 101.13, 0)
 0 2 3 (59.6316, 135.947, 0)
 (5.76923, 393.846, 0)
 (5.76923, 393.846, 0)
 57.2665 0 302.733
---- (5.76923, 393.846, 0)
 0 2 3 (5.26087, 101.13, 0)
 (427.552, 145.208, 0)
 (59.6316, 135.947, 0)
 59.5805 47.6843 252.735
---- (59.6316, 135.947, 0)
 0 1 3 (239.531, 46.1719, 0)
 (60.2381, 361.964, 0)
 (427.552, 145.208, 0)
 116.367 88.4044 155.229
---- (60.2381, 361.964, 0)
 0 1 3 (5.76923, 393.846, 0)
 (239.174, 451.405, 0)
 (5.26087, 101.13, 0)
 123.1 128.46 108.439
---- (239.531, 46.1719, 0)
 0 1 2 (239.174, 451.405, 0)
 (59.6316, 135.947, 0)
 (5.26087, 101.13, 0)
 63.4288 13.3181 283.253
---- (239.174, 451.405, 0)
 0 1 2 (60.2381, 361.964, 0)
 (427.552, 145.208, 0)
 (239.531, 46.1719, 0)
 95.0426 31.5501 233.407
---- (427.552, 145.208, 0)
 1 2 3 (427.545, 350.893, 0)
 (427.545, 350.893, 0)
 (427.545, 350.893, 0)
 0 0 360
---- (427.545, 350.893, 0)
 1 2 3 (239.531, 46.1719, 0)
 (239.174, 451.405, 0)
 (60.2381, 361.964, 0)
 86.4091 26.3572 247.234
8000 (5.26087, 101.13, 0)
 0 2 3 (59.4271, 136.042, 0)
 (5.76087, 393.641, 0)
 (5.76087, 393.641, 0)
 57.0995 0 302.901
---- (5.76087, 393.641, 0)
 0 2 3 (5.26087, 101.13, 0)
 (427.552, 145.208, 0)
 (59.4271, 136.042, 0)
 59.6001 47.7339 252.666
---- (59.4271, 136.042, 0)
 0 1 3 (239.531, 46.1719, 0)
 (60.2381, 361.964, 0)
 (427.552, 145.208, 0)
 116.313 88.3679 155.319
---- (60.2381, 361.964, 0)
 0 1 3 (5.76087, 393.641, 0)
 (239.174, 451.405, 0)
 (5.26087, 101.13, 0)
 123.265 128.46 108.275
---- (239.531, 46.1719, 0)
 0 1 2 (239.174, 451.405, 0)
 (59.4271, 136.042, 0)
 (5.26087, 101.13, 0)
 63.4308 13.3161 283.253
---- (239.174, 451.405, 0)
 0 1 2 (60.2381, 361.964, 0)
 (427.552, 145.208, 0)
 (239.531, 46.1719, 0)
 95.0426 31.5501 233.407
---- (427.552, 145.208, 0)
 1 2 3 (427.545, 350.893, 0)
 (427.545, 350.893, 0)
 (427.545, 350.893, 0)
 0 0 360
---- (427.545, 350.893, 0)
 1 2 3 (239.531, 46.1719, 0)
 (239.174, 451.405, 0)
 (60.2381, 361.964, 0)
 86.4091 26.3572 247.234
8100 (5.26087, 101.13, 0)
 0 2 3 (59.4271, 136.042, 0)
 (5.76087, 393.641, 0)
 (5.76087, 393.641, 0)
 57.0995 0 302.901
---- (5.76087, 393.641, 0)
 0 2 3 (5.26087, 101.13, 0)
 (427.552, 145.208, 0)
 (59.4271, 136.042, 0)
 59.6001 47.7339 252.666
---- (59.4271, 136.042, 0)
 0 1 3 (239.531, 46.1719, 0)
 (60.2381, 361.964, 0)
 (427.552, 145.208, 0)
 116.313 88.3679 155.319
---- (60.2381, 361.964, 0)
 0 1 3 (5.76087, 393.641, 0)
 (238.992, 451.597, 0)
 (5.26087, 101.13, 0)
 123.193 128.533 108.275
---- (239.531, 46.1719, 0)
 0 1 2 (238.992, 451.597, 0)
 (59.4271, 136.042, 0)
 (5.26087, 101.13, 0)
 63.4051 13.3161 283.279
---- (238.992, 451.597, 0)
 0 1 2 (60.2381, 361.964, 0)
 (427.552, 145.208, 0)
 (239.531, 46.1719, 0)
 94.9788 31.5331 233.488
---- (427.552, 145.208, 0)
 1 2 3 (427.545, 350.893, 0)
 (427.545, 350.893, 0)
 (427.545, 350.893, 0)
 0 0 360
---- (427.545, 350.893, 0)
 1 2 3 (239.531, 46.1719, 0)
 (238.992, 451.597, 0)
 (60.2381, 361.964, 0)
 86.4314 26.3796 247.189
8200 (5.26087, 101.13, 0)
 0 2 3 (59.4271, 136.042, 0)
 (5.76087, 393.641, 0)
 (5.76087, 393.641, 0)
 57.0995 0 302.901
---- (5.76087, 393.641, 0)
 0 2 3 (5.26087, 101.13, 0)
 (427.552, 145.208, 0)
 (59.4271, 136.042, 0)
 59.6001 47.7339 252.666
---- (59.4271, 136.042, 0)
 0 1 3 (239.365, 45.9524, 0)
 (60, 361.882, 0)
 (427.552, 145.208, 0)
 116.45 88.4282 155.121
---- (60, 361.882, 0)
 0 1 3 (5.76087, 393.641, 0)
 (238.992, 451.597, 0)
 (5.26087, 101.13, 0)
 123.029 128.477 108.495
---- (239.365, 45.9524, 0)
 0 1 2 (238.992, 451.597, 0)
 (59.4271, 136.042, 0)
 (5.26087, 101.13, 0)
 63.3516 13.3332 283.315
---- (238.992, 451.597, 0)
 0 1 2 (60, 361.882, 0)
 (427.552, 145.208, 0)
 (239.365, 45.9524, 0)
 94.9884 31.5566 233.455
---- (427.552, 145.208, 0)
 1 2 3 (427.545, 350.893, 0)
 (427.545, 350.893, 0)
 (427.545, 350.893, 0)
 0 0 360
---- (427.545, 350.893, 0)
 1 2 3 (239.365, 45.9524, 0)
 (238.992, 451.597, 0)
 (60, 361.882, 0)
 86.4273 26.3935 247.179
8300 (5.26087, 101.13, 0)
 0 2 3 (59.4444, 136.616, 0)
 (5.76087, 393.641, 0)
 (5.76087, 393.641, 0)
 56.6806 0 303.319
---- (5.76087, 393.641, 0)
 0 2 3 (5.26087, 101.13, 0)
 (427.552, 145.208, 0)
 (59.4444, 136.616, 0)
 59.6001 47.7046 252.695
---- (59.4444, 136.616, 0)
 0 1 3 (239.365, 45.9524, 0)
 (60, 361.882, 0)
 (427.552, 145.208, 0)
 116.603 88.5216 154.876
---- (60, 361.882, 0)
 0 1 3 (5.76087, 393.641, 0)
 (238.992, 451.597, 0)
 (5.26087, 101.13, 0)
 123.029 128.477 108.495
---- (239.365, 45.9524, 0)
 0 1 2 (238.992, 451.597, 0)
 (59.4444, 136.616, 0)
 (5.26087, 101.13, 0)
 63.2033 13.4815 283.315
---- (238.992, 451.597, 0)
 0 1 2 (60, 361.882, 0)
 (427.552, 145.208, 0)
 (239.365, 45.9524, 0)
 94.9884 31.5566 233.455
---- (427.552, 145.208, 0)
 1 2 3 (427.545, 350.893, 0)
 (427.545, 350.893, 0)
 (427.545, 350.893, 0)
 0 0 360
---- (427.545, 350.893, 0)
 1 2 3 (239.365, 45.9524, 0)
 (238.992, 451.597, 0)
 (60, 361.882, 0)
 86.4273 26.3935 247.179
8400 (5.26087, 101.13, 0)
 0 2 3 (59.4444, 136.616, 0)
 (5.76087, 393.641, 0)
 (5.76087, 393.641, 0)
 56.6806 0 303.319
---- (5.76087, 393.641, 0)
 0 2 3 (5.26087, 101.13, 0)
 (427.552, 145.208, 0)
 (59.4444, 136.616, 0)
 59.6001 47.7046 252.695
---- (59.4444, 136.616, 0)
 0 1 3 (239.365, 45.9524, 0)
 (60, 361.882, 0)
 (427.552, 145.208, 0)
 116.603 88.5216 154.876
---- (60, 361.882, 0)
 0 1 3 (5.76087, 393.641, 0)
 (238.992, 451.597, 0)
 (5.26087, 101.13, 0)
 123.029 128.477 108.495
---- (239.365, 45.9524, 0)
 0 1 2 (238.992, 451.597, 0)
 (59.4444, 136.616, 0)
 (5.26087, 101.13, 0)
 63.2033 13.4815 283.315
---- (238.992, 451.597, 0)
 0 1 2 (60, 361.882, 0)
 (427.552, 145.208, 0)
 (239.365, 45.9524, 0)
 94.9884 31.5566 233.455
---- (427.552, 145.208, 0)
 1 2 3 (427.545, 350.893, 0)
 (427.545, 350.893, 0)
 (427.545, 350.893, 0)
 0 0 360
---- (427.545, 350.893, 0)
 1 2 3 (239.365, 45.9524, 0)
 (238.992, 451.597, 0)
 (60, 361.882, 0)
 86.4273 26.3935 247.179
8500 (5.26087, 101.13, 0)
 0 2 3 (59.3878, 136.633, 0)
 (5.76087, 393.641, 0)
 (5.76087, 393.641, 0)
 56.6409 0 303.359
---- (5.76087, 393.641, 0)
 0 2 3 (5.26087, 101.13, 0)
 (427.552, 145.208, 0)
 (59.3878, 136.633, 0)
 59.6001 47.716 252.684
---- (59.3878, 136.633, 0)
 0 1 3 (239.365, 45.9524, 0)
 (60, 361.307, 0)
 (427.552, 145.208, 0)
 116.585 88.5095 154.906
---- (60, 361.307, 0)
 0 1 3 (5.76087, 393.641, 0)
 (238.448, 451.638, 0)
 (5.26087, 101.13, 0)
 122.35 128.73 108.92
---- (239.365, 45.9524, 0)
 0 1 2 (238.448, 451.638, 0)
 (59.3878, 136.633, 0)
 (5.26087, 101.13, 0)
 63.1296 13.4784 283.392
---- (238.448, 451.638, 0)
 0 1 2 (60, 361.307, 0)
 (427.552, 145.208, 0)
 (239.365, 45.9524, 0)
 94.8309 31.5501 233.619
---- (427.552, 145.208, 0)
 1 2 3 (427.545, 350.893, 0)
 (427.545, 350.893, 0)
 (427.545, 350.893, 0)
 0 0 360
---- (427.545, 350.893, 0)
 1 2 3 (239.365, 45.9524, 0)
 (238.448, 451.638, 0)
 (60, 361.307, 0)
 86.3686 26.4244 247.207
8600 (5.17094, 101.453, 0)
 0 2 3 (59.3878, 136.633, 0)
 (5.76087, 393.641, 0)
 (5.76087, 393.641, 0)
 56.906 nan nan
---- (5.76087, 393.641, 0)
 0 2 3 (5.17094, 101.453, 0)
 (427.552, 145.208, 0)
 (59.3878, 136.633, 0)
 59.6178 47.716 252.666
---- (59.3878, 136.633, 0)
 0 1 3 (239.365, 45.9524, 0)
 (60, 361.307, 0)
 (427.552, 145.208, 0)
 116.585 88.5095 154.906
---- (60, 361.307, 0)
 0 1 3 (5.76087, 393.641, 0)
 (238.421, 451.93, 0)
 (5.17094, 101.453, 0)
 122.272 128.841 108.887
---- (239.365, 45.9524, 0)
 0 1 2 (238.421, 451.93, 0)
 (59.3878, 136.633, 0)
 (5.17094, 101.453, 0)
 63.1258 13.4086 283.466
---- (238.421, 451.93, 0)
 0 1 2 (60, 361.307, 0)
 (427.552, 145.208, 0)
 (239.365, 45.9524, 0)
 94.7321 31.5256 233.742
---- (427.552, 145.208, 0)
 1 2 3 (427.545, 350.893, 0)
 (427.545, 350.893, 0)
 (427.545, 350.893, 0)
 0 0 360
---- (427.545, 350.893, 0)
 1 2 3 (239.365, 45.9524, 0)
 (238.421, 451.93, 0)
 (60, 361.307, 0)
 86.434 26.4898 247.076
8700 (5.17094, 101.453, 0)
 0 2 3 (59.3878, 136.633, 0)
 (5.76087, 393.641, 0)
 (5.76087, 393.641, 0)
 56.906 nan nan
---- (5.76087, 393.641, 0)
 0 2 3 (5.17094, 101.453, 0)
 (427.552, 145.208, 0)
 (59.3878, 136.633, 0)
 59.6178 47.716 252.666
---- (59.3878, 136.633, 0)
 0 1 3 (238.862, 45.8537, 0)
 (60, 361.307, 0)
 (427.552, 145.208, 0)
 116.674 88.5095 154.816
---- (60, 361.307, 0)
 0 1 3 (5.76087, 393.641, 0)
 (238.421, 451.93, 0)
 (5.17094, 101.453, 0)
 122.272 128.841 108.887
---- (238.862, 45.8537, 0)
 0 1 2 (238.421, 451.93, 0)
 (59.3878, 136.633, 0)
 (5.17094, 101.453, 0)
 63.1073 13.4476 283.445
---- (238.421, 451.93, 0)
 0 1 2 (60, 361.307, 0)
 (427.552, 145.208, 0)
 (238.862, 45.8537, 0)
 94.7321 31.5967 233.671
---- (427.552, 145.208, 0)
 1 2 3 (427.545, 350.893, 0)
 (427.545, 350.893, 0)
 (427.545, 350.893, 0)
 0 0 360
---- (427.545, 350.893, 0)
 1 2 3 (238.862, 45.8537, 0)
 (238.421, 451.93, 0)
 (60, 361.307, 0)
 86.3738 26.4898 247.136
8800 (5.17094, 101.453, 0)
 0 2 3 (58.9286, 136.735, 0)
 (5.85366, 390.915, 0)
 (5.85366, 390.915, 0)
 56.5875 0 303.412
---- (5.85366, 390.915, 0)
 0 2 3 (5.17094, 101.453, 0)
 (427.552, 145.208, 0)
 (58.9286, 136.735, 0)
 59.9075 47.978 252.114
---- (58.9286, 136.735, 0)
 0 1 3 (238.843, 45.5372, 0)
 (60, 361.307, 0)
 (427.552, 145.208, 0)
 116.607 88.4098 154.983
---- (60, 361.307, 0)
 0 1 3 (5.85366, 390.915, 0)
 (238.421, 451.93, 0)
 (5.17094, 101.453, 0)
 124.403 128.841 106.756
---- (238.843, 45.5372, 0)
 0 1 2 (238.421, 451.93, 0)
 (58.9286, 136.735, 0)
 (5.17094, 101.453, 0)
 63.0603 13.4228 283.517
---- (238.421, 451.93, 0)
 0 1 2 (60, 361.307, 0)
 (427.552, 145.208, 0)
 (238.843, 45.5372, 0)
 94.7321 31.5994 233.669
---- (427.552, 145.208, 0)
 1 2 3 (427.545, 350.893, 0)
 (427.545, 350.893, 0)
 (427.545, 350.893, 0)
 0 0 360
---- (427.545, 350.893, 0)
 1 2 3 (238.843, 45.5372, 0)
 (238.421, 451.93, 0)
 (60, 361.307, 0)
 86.3979 26.4898 247.112
8900 (4.91667, 101.917, 0)
 0 2 3 (58.9286, 136.735, 0)
 (5.85366, 390.915, 0)
 (5.85366, 390.915, 0)
 57.0069 0 302.993
---- (5.85366, 390.915, 0)
 0 2 3 (4.91667, 101.917, 0)
 (427.552, 145.208, 0)
 (58.9286, 136.735, 0)
 59.9582 47.978 252.064
---- (58.9286, 136.735, 0)
 0 1 3 (238.843, 45.5372, 0)
 (59.9425, 361.264, 0)
 (427.552, 145.208, 0)
 116.621 88.4244 154.954
---- (59.9425, 361.264, 0)
 0 1 3 (5.85366, 390.915, 0)
 (238.421, 451.93, 0)
 (4.91667, 101.917, 0)
 124.339 128.909 106.752
---- (238.843, 45.5372, 0)
 0 1 2 (238.421, 451.93, 0)
 (58.9286, 136.735, 0)
 (4.91667, 101.917, 0)
 63.0603 13.3295 283.61
---- (238.421, 451.93, 0)
 0 1 2 (59.9425, 361.264, 0)
 (427.552, 145.208, 0)
 (238.843, 45.5372, 0)
 94.7287 31.5994 233.672
---- (427.552, 145.208, 0)
 1 2 3 (427.545, 350.893, 0)
 (427.545, 350.893, 0)
 (427.545, 350.893, 0)
 0 0 360
---- (427.545, 350.893, 0)
 1 2 3 (238.843, 45.5372, 0)
 (238.421, 451.93, 0)
 (59.9425, 361.264, 0)
 86.3979 26.4967 247.105
9000 (4.91667, 101.917, 0)
 0 2 3 (58.9286, 136.735, 0)
 (5.85366, 390.915, 0)
 (5.85366, 390.915, 0)
 57.0069 0 302.993
---- (5.85366, 390.915, 0)
 0 2 3 (4.91667, 101.917, 0)
 (427.552, 145.208, 0)
 (58.9286, 136.735, 0)
 59.9582 47.978 252.064
---- (58.9286, 136.735, 0)
 0 1 3 (238.843, 45.5372, 0)
 (59.6023, 361.25, 0)
 (427.552, 145.208, 0)
 116.708 88.5112 154.781
---- (59.6023, 361.25, 0)
 0 1 3 (5.85366, 390.915, 0)
 (238.421, 451.93, 0)
 (4.91667, 101.917, 0)
 124.215 128.797 106.987
---- (238.843, 45.5372, 0)
 0 1 2 (238.421, 451.93, 0)
 (58.9286, 136.735, 0)
 (4.91667, 101.917, 0)
 63.0603 13.3295 283.61
---- (238.421, 451.93, 0)
 0 1 2 (59.6023, 361.25, 0)
 (427.552, 145.208, 0)
 (238.843, 45.5372, 0)
 94.7691 31.5994 233.632
---- (427.552, 145.208, 0)
 1 2 3 (427.545, 350.893, 0)
 (427.545, 350.893, 0)
 (427.545, 350.893, 0)
 0 0 360
---- (427.545, 350.893, 0)
 1 2 3 (238.843, 45.5372, 0)
 (238.421, 451.93, 0)
 (59.6023, 361.25, 0)
 86.3979 26.5004 247.102
9100 (5, 101.891, 0)
 0 2 3 (58.9286, 136.735, 0)
 (5.47059, 390.529, 0)
 (5.47059, 390.529, 0)
 57.0396 0 302.96
---- (5.47059, 390.529, 0)
 0 2 3 (5, 101.891, 0)
 (427.552, 145.208, 0)
 (58.9286, 136.735, 0)
 59.9275 47.9395 252.133
---- (58.9286, 136.735, 0)
 0 1 3 (238.843, 45.5372, 0)
 (59.6023, 361.25, 0)
 (427.552, 145.208, 0)
 116.708 88.5112 154.781
---- (59.6023, 361.25, 0)
 0 1 3 (5.47059, 390.529, 0)
 (238.571, 452.321, 0)
 (5, 101.891, 0)
 124.621 128.859 106.52
---- (238.843, 45.5372, 0)
 0 1 2 (238.571, 452.321, 0)
 (58.9286, 136.735, 0)
 (5, 101.891, 0)
 63.0816 13.3309 283.588
---- (238.571, 452.321, 0)
 0 1 2 (59.6023, 361.25, 0)
 (427.552, 145.208, 0)
 (238.843, 45.5372, 0)
 94.6359 31.5676 233.797
---- (427.552, 145.208, 0)
 1 2 3 (427.545, 350.893, 0)
 (427.545, 350.893, 0)
 (427.545, 350.893, 0)
 0 0 360
---- (427.545, 350.893, 0)
 1 2 3 (238.843, 45.5372, 0)
 (238.571, 452.321, 0)
 (59.6023, 361.25, 0)
 86.5091 26.6116 246.879
9200 (5.3271, 104.626, 0)
 0 2 3 (58.9286, 136.735, 0)
 (5.59524, 390.476, 0)
 (5.59524, 390.476, 0)
 59.0237 nan nan
---- (5.59524, 390.476, 0)
 0 2 3 (5.3271, 104.626, 0)
 (427.552, 145.208, 0)
 (58.9286, 136.735, 0)
 59.8859 47.9621 252.152
---- (58.9286, 136.735, 0)
 0 1 3 (238.843, 45.5372, 0)
 (59.6023, 361.25, 0)
 (427.552, 145.208, 0)
 116.708 88.5112 154.781
---- (59.6023, 361.25, 0)
 0 1 3 (5.59524, 390.476, 0)
 (238.571, 452.321, 0)
 (5.3271, 104.626, 0)
 124.61 128.912 106.478
---- (238.843, 45.5372, 0)
 0 1 2 (238.571, 452.321, 0)
 (58.9286, 136.735, 0)
 (5.3271, 104.626, 0)
 63.0816 12.6801 284.238
---- (238.571, 452.321, 0)
 0 1 2 (59.6023, 361.25, 0)
 (427.552, 145.208, 0)
 (238.843, 45.5372, 0)
 94.6359 31.5676 233.797
---- (427.552, 145.208, 0)
 1 2 3 (427.545, 350.893, 0)
 (427.545, 350.893, 0)
 (427.545, 350.893, 0)
 0 0 360
---- (427.545, 350.893, 0)
 1 2 3 (238.843, 45.5372, 0)
 (238.571, 452.321, 0)
 (59.6023, 361.25, 0)
 86.5091 26.6116 246.879
9300 (5.3271, 104.626, 0)
 0 2 3 (58.9286, 136.735, 0)
 (5.59524, 390.476, 0)
 (5.59524, 390.476, 0)
 59.0237 nan nan
---- (5.59524, 390.476, 0)
 0 2 3 (5.3271, 104.626, 0)
 (427.552, 145.208, 0)
 (58.9286, 136.735, 0)
 59.8859 47.9621 252.152
---- (58.9286, 136.735, 0)
 0 1 3 (238.992, 45.1261, 0)
 (59.4253, 361.149, 0)
 (427.552, 145.208, 0)
 116.838 88.5563 154.605
---- (59.4253, 361.149, 0)
 0 1 3 (5.59524, 390.476, 0)
 (238.571, 452.321, 0)
 (5.3271, 104.626, 0)
 124.446 128.881 106.673
---- (238.992, 45.1261, 0)
 0 1 2 (238.571, 452.321, 0)
 (58.9286, 136.735, 0)
 (5.3271, 104.626, 0)
 62.9758 12.679 284.345
---- (238.571, 452.321, 0)
 0 1 2 (59.4253, 361.149, 0)
 (427.552, 145.208, 0)
 (238.992, 45.1261, 0)
 94.6332 31.5468 233.82
---- (427.552, 145.208, 0)
 1 2 3 (427.545, 350.893, 0)
 (427.545, 350.893, 0)
 (427.545, 350.893, 0)
 0 0 360
---- (427.545, 350.893, 0)
 1 2 3 (238.992, 45.1261, 0)
 (238.571, 452.321, 0)
 (59.4253, 361.149, 0)
 86.5637 26.6281 246.808
9400 (5.3211, 104.817, 0)
 0 2 3 (58.9286, 136.735, 0)
 (5.66265, 390.422, 0)
 (5.66265, 390.422, 0)
 59.1617 nan nan
---- (5.66265, 390.422, 0)
 0 2 3 (5.3211, 104.817, 0)
 (427.552, 145.208, 0)
 (58.9286, 136.735, 0)
 59.9022 47.9757 252.122
---- (58.9286, 136.735, 0)
 0 1 3 (238.992, 45.1261, 0)
 (59.4253, 361.149, 0)
 (427.552, 145.208, 0)
 116.838 88.5563 154.605
---- (59.4253, 361.149, 0)
 0 1 3 (5.66265, 390.422, 0)
 (238.571, 452.321, 0)
 (5.3211, 104.817, 0)
 124.46 128.891 106.649
---- (238.992, 45.1261, 0)
 0 1 2 (238.571, 452.321, 0)
 (58.9286, 136.735, 0)
 (5.3211, 104.817, 0)
 62.9758 12.6355 284.389
---- (238.571, 452.321, 0)
 0 1 2 (59.4253, 361.149, 0)
 (427.552, 145.208, 0)
 (238.992, 45.1261, 0)
 94.6332 31.5468 233.82
---- (427.552, 145.208, 0)
 1 2 3 (427.545, 350.893, 0)
 (427.545, 350.893, 0)
 (427.545, 350.893, 0)
 0 0 360
---- (427.545, 350.893, 0)
 1 2 3 (238.992, 45.1261, 0)
 (238.571, 452.321, 0)
 (59.4253, 361.149, 0)
 86.5637 26.6281 246.808
9500 (5.45455, 105.091, 0)
 0 2 3 (58.9286, 136.735, 0)
 (5.64706, 390.294, 0)
 (5.64706, 390.294, 0)
 59.346 0 300.654
---- (5.64706, 390.294, 0)
 0 2 3 (5.45455, 105.091, 0)
 (427.5, 147.212, 0)
 (58.9286, 136.735, 0)
 60.087 48.1812 251.732
---- (58.9286, 136.735, 0)
 0 1 3 (238.992, 45.1261, 0)
 (59.4253, 361.149, 0)
 (427.5, 147.212, 0)
 116.838 88.245 154.917
---- (59.4253, 361.149, 0)
 0 1 3 (5.64706, 390.294, 0)
 (238.909, 452.818, 0)
 (5.45455, 105.091, 0)
 124.49 128.957 106.553
---- (238.992, 45.1261, 0)
 0 1 2 (238.909, 452.818, 0)
 (58.9286, 136.735, 0)
 (5.45455, 105.091, 0)
 63.0233 12.5645 284.412
---- (238.909, 452.818, 0)
 0 1 2 (59.4253, 361.149, 0)
 (427.5, 147.212, 0)
 (238.992, 45.1261, 0)
 94.6239 31.6673 233.709
---- (427.5, 147.212, 0)
 1 2 3 (427.545, 350.893, 0)
 (427.545, 350.893, 0)
 (427.545, 350.893, 0)
 0 0 360
---- (427.545, 350.893, 0)
 1 2 3 (238.992, 45.1261, 0)
 (238.909, 452.818, 0)
 (59.4253, 361.149, 0)
 86.7233 26.7877 246.489
9600 (5.45455, 105.091, 0)
 0 2 3 (58.9286, 136.735, 0)
 (5.64706, 390.294, 0)
 (5.64706, 390.294, 0)
 59.346 0 300.654
---- (5.64706, 390.294, 0)
 0 2 3 (5.45455, 105.091, 0)
 (426.98, 147.426, 0)
 (58.9286, 136.735, 0)
 60.0783 48.1725 251.749
---- (58.9286, 136.735, 0)
 0 1 3 (238.992, 45.1261, 0)
 (59.4253, 361.149, 0)
 (426.98, 147.426, 0)
 116.838 88.2093 154.952
---- (59.4253, 361.149, 0)
 0 1 3 (5.64706, 390.294, 0)
 (238.919, 452.838, 0)
 (5.45455, 105.091, 0)
 124.486 128.961 106.553
---- (238.992, 45.1261, 0)
 0 1 2 (238.919, 452.838, 0)
 (58.9286, 136.735, 0)
 (5.45455, 105.091, 0)
 63.0247 12.5645 284.411
---- (238.919, 452.838, 0)
 0 1 2 (59.4253, 361.149, 0)
 (426.98, 147.426, 0)
 (238.992, 45.1261, 0)
 94.5645 31.613 233.823
---- (426.98, 147.426, 0)
 1 2 3 (427.477, 350.811, 0)
 (427.477, 350.811, 0)
 (427.477, 350.811, 0)
 1.20742e-06 1.20742e-06 360
---- (427.477, 350.811, 0)
 1 2 3 (238.992, 45.1261, 0)
 (238.919, 452.838, 0)
 (59.4253, 361.149, 0)
 86.7593 26.8083 246.432
9700 (5.45455, 105.091, 0)
 0 2 3 (58.9286, 136.735, 0)
 (5.81395, 390, 0)
 (5.81395, 390, 0)
 59.3124 nan nan
---- (5.81395, 390, 0)
 0 2 3 (5.45455, 105.091, 0)
 (426.98, 147.426, 0)
 (58.9286, 136.735, 0)
 60.1321 48.2155 251.652
---- (58.9286, 136.735, 0)
 0 1 3 (238.992, 45.1261, 0)
 (59.4253, 361.149, 0)
 (426.98, 147.426, 0)
 116.838 88.2093 154.952
---- (59.4253, 361.149, 0)
 0 1 3 (5.81395, 390, 0)
 (238.919, 452.838, 0)
 (5.45455, 105.091, 0)
 124.655 128.961 106.384
---- (238.992, 45.1261, 0)
 0 1 2 (238.919, 452.838, 0)
 (58.9286, 136.735, 0)
 (5.45455, 105.091, 0)
 63.0247 12.5645 284.411
---- (238.919, 452.838, 0)
 0 1 2 (59.4253, 361.149, 0)
 (426.98, 147.426, 0)
 (238.992, 45.1261, 0)
 94.5645 31.613 233.823
---- (426.98, 147.426, 0)
 1 2 3 (427.5, 350.804, 0)
 (427.5, 350.804, 0)
 (427.5, 350.804, 0)
 0 0 360
---- (427.5, 350.804, 0)
 1 2 3 (238.992, 45.1261, 0)
 (238.919, 452.838, 0)
 (59.4253, 361.149, 0)
 86.7544 26.8061 246.439
9800 (5.45455, 105.091, 0)
 0 2 3 (58.9286, 136.735, 0)
 (5.81395, 390, 0)
 (5.81395, 390, 0)
 59.3124 nan nan
---- (5.81395, 390, 0)
 0 2 3 (5.45455, 105.091, 0)
 (426.98, 147.426, 0)
 (58.9286, 136.735, 0)
 60.1321 48.2155 251.652
---- (58.9286, 136.735, 0)
 0 1 3 (239, 45.125, 0)
 (59.4253, 361.149, 0)
 (426.98, 147.426, 0)
 116.837 88.2093 154.953
---- (59.4253, 361.149, 0)
 0 1 3 (5.81395, 390, 0)
 (238.95, 454.916, 0)
 (5.45455, 105.091, 0)
 124.135 129.481 106.384
---- (239, 45.125, 0)
 0 1 2 (238.95, 454.916, 0)
 (58.9286, 136.735, 0)
 (5.45455, 105.091, 0)
 63.0286 12.5639 284.407
---- (238.95, 454.916, 0)
 0 1 2 (59.4253, 361.149, 0)
 (426.98, 147.426, 0)
 (239, 45.125, 0)
 93.8675 31.4388 234.694
---- (426.98, 147.426, 0)
 1 2 3 (427.5, 350.804, 0)
 (427.5, 350.804, 0)
 (427.5, 350.804, 0)
 0 0 360
---- (427.5, 350.804, 0)
 1 2 3 (239, 45.125, 0)
 (238.95, 454.916, 0)
 (59.4253, 361.149, 0)
 87.2458 27.2962 245.458
9900 (5.45455, 105.091, 0)
 0 2 3 (58.9286, 136.735, 0)
 (5.81395, 390, 0)
 (5.81395, 390, 0)
 59.3124 nan nan
---- (5.81395, 390, 0)
 0 2 3 (5.45455, 105.091, 0)
 (426.98, 147.426, 0)
 (58.9286, 136.735, 0)
 60.1321 48.2155 251.652
---- (58.9286, 136.735, 0)
 0 1 3 (238.95, 45.084, 0)
 (59.4253, 361.149, 0)
 (426.98, 147.426, 0)
 116.854 88.2093 154.936
---- (59.4253, 361.149, 0)
 0 1 3 (5.81395, 390, 0)
 (238.95, 454.916, 0)
 (5.45455, 105.091, 0)
 124.135 129.481 106.384
---- (238.95, 45.084, 0)
 0 1 2 (238.95, 454.916, 0)
 (58.9286, 136.735, 0)
 (5.45455, 105.091, 0)
 63.0189 12.5684 284.413
---- (238.95, 454.916, 0)
 0 1 2 (59.4253, 361.149, 0)
 (426.98, 147.426, 0)
 (238.95, 45.084, 0)
 93.8675 31.4458 234.687
---- (426.98, 147.426, 0)
 1 2 3 (427.018, 350.55, 0)
 (427.018, 350.55, 0)
 (427.018, 350.55, 0)
 1.20742e-06 1.20742e-06 360
---- (427.018, 350.55, 0)
 1 2 3 (238.95, 45.084, 0)
 (238.95, 454.916, 0)
 (59.4253, 361.149, 0)
 87.4077 27.3758 245.217
10000 (5.45455, 105.091, 0)
 0 2 3 (58.8119, 137.277, 0)
 (5.81395, 390, 0)
 (5.81395, 390, 0)
 58.8284 nan nan
---- (5.81395, 390, 0)
 0 2 3 (5.45455, 105.091, 0)
 (426.98, 147.426, 0)
 (58.8119, 137.277, 0)
 60.1321 48.2161 251.652
---- (58.8119, 137.277, 0)
 0 1 3 (238.95, 45.084, 0)
 (59.4253, 361.149, 0)
 (426.98, 147.426, 0)
 116.946 88.2641 154.79
---- (59.4253, 361.149, 0)
 0 1 3 (5.81395, 390, 0)
 (238.95, 454.916, 0)
 (5.45455, 105.091, 0)
 124.135 129.481 106.384
---- (238.95, 45.084, 0)
 0 1 2 (238.95, 454.916, 0)
 (58.8119, 137.277, 0)
 (5.45455, 105.091, 0)
 62.897 12.6903 284.413
---- (238.95, 454.916, 0)
 0 1 2 (59.4253, 361.149, 0)
 (426.98, 147.426, 0)
 (238.95, 45.084, 0)
 93.8675 31.4458 234.687
---- (426.98, 147.426, 0)
 1 2 3 (427.018, 350.55, 0)
 (427.018, 350.55, 0)
 (427.018, 350.55, 0)
 1.20742e-06 1.20742e-06 360
---- (427.018, 350.55, 0)
 1 2 3 (238.95, 45.084, 0)
 (238.95, 454.916, 0)
 (59.4253, 361.149, 0)
 87.4077 27.3758 245.217
