0 61775 64150 62025 62050
100 61775 64125 62050 62050
200 61725 64175 62025 62075
300 61725 64175 62025 62075
400 61700 64200 62025 62075
500 61750 64175 62025 62050
600 61800 64125 62025 62050
700 61775 64125 62025 62075
800 61750 64125 62025 62100
900 61750 64150 62025 62075
1000 61725 64175 62000 62100
1100 61750 64150 62025 62075
1200 61750 64175 62025 62050
1300 61700 64250 62025 62025
1400 61675 64275 62025 62025
1500 61700 64225 62025 62050
1600 61725 64225 62025 62025
1700 61675 64225 62025 62075
1800 61675 64200 62025 62100
1900 61725 64125 62025 62125
2000 61700 64150 62025 62125
2100 61725 64125 62025 62125
2200 61750 64100 62025 62125
2300 61750 64125 62000 62125
2400 61750 64125 62000 62125
2500 61700 64200 62000 62100
2600 61700 64175 62050 62075
2700 61700 64150 62050 62100
2800 61725 64100 62075 62100
2900 61675 64150 62075 62100
3000 61675 64150 62075 62100
3100 61675 64150 62075 62100
3200 61700 64150 62075 62075
3300 61700 64150 62075 62075
3400 61725 64175 62025 62075
3500 61700 64175 62000 62125
3600 61700 64200 61975 62125
3700 61700 64250 61925 62125
3800 61650 64275 61975 62100
3900 61650 64275 61975 62100
4000 61625 64275 61975 62125
4100 61600 64275 62025 62100
4200 61600 64300 62000 62100
4300 61650 64250 62000 62100
4400 61650 64275 61975 62100
4500 61650 64275 61975 62100
4600 61650 64275 62000 62075
4700 61650 64300 61975 62075
4800 61650 64325 61975 62050
4900 61625 64275 61975 62125
5000 61600 64300 61950 62150
5100 61550 64275 62000 62175
5200 61575 64275 62025 62125
5300 61575 64325 62025 62075
5400 61575 64300 62050 62075
5500 61550 64325 62050 62075
5600 61600 64275 62050 62075
5700 61575 64275 62025 62125
5800 61600 64275 61975 62150
5900 61600 64300 61950 62150
6000 61600 64300 61950 62150
6100 61600 64300 61950 62150
6200 61600 64350 61950 62100
6300 61600 64400 61950 62050
6400 61600 64425 61950 62025
6500 61600 64400 61950 62050
6600 61550 64425 61975 62050
6700 61550 64425 61975 62050
6800 61550 64425 62000 62025
6900 61550 64425 62000 62025
7000 61575 64400 61975 62050
7100 61550 64425 61975 62050
7200 61500 64450 62000 62050
7300 61525 64425 62000 62050
7400 61525 64400 62000 62075
7500 61550 64400 62000 62050
7600 61600 64350 62000 62050
7700 61600 64350 61975 62075
7800 61625 64325 61950 62100
7900 61575 64325 61950 62150
8000 61575 64325 61950 62150
8100 61550 64325 61975 62150
8200 61550 64325 61975 62150
8300 61600 64325 61925 62150
8400 61600 64325 61925 62150
8500 61600 64350 61925 62125
8600 61600 64350 61925 62125
8700 61600 64350 61950 62100
8800 61600 64350 61950 62100
8900 61600 64325 61975 62100
9000 61575 64325 62000 62100
9100 61525 64350 62000 62125
9200 61525 64350 62000 62125
9300 61525 64350 62000 62125
9400 61525 64375 62025 62075
9500 61525 64375 62025 62075
9600 61550 64375 62000 62075
9700 61550 64375 62050 62025
9800 61575 64375 62025 62025
9900 61575 64375 62025 62025
10000 61575 64375 62025 62025
10100 61575 64400 62000 62025
10200 61600 64400 62000 62000
10300 61575 64375 62025 62025
10400 61575 64375 62025 62025
10500 61575 64400 62000 62025
10600 61575 64375 62000 62050
10700 61575 64375 62000 62050
10800 61575 64400 61975 62050
10900 61550 64425 61950 62075
11000 61525 64500 61925 62050
11100 61550 64475 61925 62050
11200 61550 64475 61925 62050
11300 61550 64475 61925 62050
11400 61550 64425 61975 62050
11500 61550 64400 62000 62050
11600 61550 64375 62000 62075
11700 61550 64375 62025 62050
11800 61575 64350 62025 62050
11900 61550 64375 62025 62050
12000 61550 64375 62000 62075
12100 61550 64350 62000 62100
12200 61550 64350 62000 62100
12300 61575 64375 61950 62100
12400 61575 64400 61925 62100
12500 61575 64400 61900 62125
12600 61575 64375 61925 62125
12700 61575 64375 61925 62125
12800 61550 64375 61950 62125
12900 61550 64375 61950 62125
13000 61525 64400 61975 62100
13100 61550 64425 61975 62050
13200 61550 64425 61975 62050
13300 61550 64425 61950 62075
13400 61550 64400 61975 62075
13500 61550 64425 61950 62075
13600 61550 64425 61950 62075
13700 61575 64425 61925 62075
13800 61550 64450 61925 62075
13900 61550 64450 61925 62075
14000 61550 64450 61950 62050
14100 61550 64450 61950 62050
14200 61550 64450 61950 62050
14300 61550 64475 61950 62025
14400 61550 64475 61950 62025
14500 61550 64500 61925 62025
14600 61525 64475 61975 62025
14700 61500 64475 62000 62025
14800 61500 64475 62000 62025
14900 61500 64475 62000 62025
15000 61500 64425 62000 62075
15100 61475 64475 62000 62050
15200 61500 64475 62000 62025
15300 61500 64475 62000 62025
15400 61500 64475 62000 62025
15500 61500 64475 62000 62025
15600 61525 64475 62000 62000
15700 61525 64475 62000 62000
15800 61500 64500 62000 62000
15900 61500 64500 61975 62025
16000 61475 64525 61975 62025
16100 61475 64500 62000 62025
16200 61475 64500 62000 62025
16300 61475 64525 62000 62000
16400 61450 64525 62025 62000
16500 61475 64500 62025 62000
16600 61500 64450 62025 62025
16700 61525 64425 62000 62050
16800 61525 64425 62000 62050
16900 61525 64400 62000 62075
17000 61525 64425 61975 62075
17100 61525 64425 62000 62050
17200 61525 64400 62025 62050
17300 61500 64425 62025 62050
17400 61500 64425 62025 62050
17500 61500 64425 62025 62050
17600 61475 64425 62050 62050
17700 61475 64450 62025 62050
17800 61475 64450 62025 62050
17900 61500 64450 62025 62025
18000 61500 64450 62025 62025
18100 61500 64475 62050 61975
18200 61525 64475 62000 62000
18300 61525 64475 62000 62000
18400 61525 64450 62025 62000
18500 61500 64475 62025 62000
18600 61500 64475 62025 62000
18700 61500 64475 62000 62025
18800 61500 64425 62025 62050
18900 61475 64425 62050 62050
19000 61500 64425 62025 62050
19100 61500 64425 62025 62050
19200 61500 64425 62050 62025
19300 61475 64450 62050 62025
19400 61475 64450 62050 62025
19500 61425 64450 62100 62025
19600 61425 64425 62125 62025
19700 61450 64450 62100 62000
19800 61500 64450 62100 61950
19900 61500 64475 62075 61950
20000 61500 64475 62050 61975
20100 61475 64475 62075 61975
20200 61500 64475 62100 61925
20300 61475 64475 62075 61975
20400 61475 64475 62075 61975
20500 61475 64475 62075 61975
20600 61450 64500 62075 61975
20700 61450 64475 62075 62000
20800 61450 64475 62075 62000
20900 61450 64500 62075 61975
21000 61425 64525 62075 61975
21100 61425 64500 62100 61975
21200 61450 64500 62100 61950
21300 61475 64500 62075 61950
21400 61450 64500 62075 61975
21500 61450 64525 62050 61975
21600 61450 64525 62100 61925
21700 61450 64550 62075 61925
21800 61450 64550 62075 61925
21900 61450 64525 62100 61925
22000 61450 64550 62100 61900
22100 61450 64550 62100 61900
22200 61425 64575 62100 61900
22300 61425 64575 62100 61900
22400 61400 64575 62125 61900
22500 61400 64550 62150 61900
22600 61400 64550 62150 61900
22700 61375 64550 62175 61900
22800 61375 64575 62150 61900
22900 61375 64575 62150 61900
23000 61350 64575 62175 61900
23100 61375 64550 62175 61900
23200 61350 64550 62200 61900
23300 61350 64550 62200 61900
23400 61375 64550 62200 61875
23500 61350 64550 62225 61875
23600 61325 64550 62250 61875
23700 61300 64575 62250 61875
23800 61250 64550 62300 61900
23900 61200 64550 62350 61900
24000 61200 64550 62350 61900
24100 61200 64550 62375 61875
24200 61200 64550 62375 61875
24300 61200 64600 62325 61875
24400 61225 64600 62300 61875
24500 61225 64600 62300 61875
24600 61225 64600 62300 61875
24700 61225 64625 62275 61875
24800 61225 64650 62250 61875
24900 61225 64650 62250 61875
25000 61225 64650 62250 61875
25100 61225 64625 62250 61900
25200 61225 64625 62275 61875
25300 61200 64675 62250 61875
25400 61200 64675 62250 61875
25500 61200 64675 62275 61850
25600 61200 64675 62275 61850
25700 61200 64675 62275 61850
25800 61200 64700 62250 61850
25900 61225 64675 62250 61850
26000 61250 64675 62225 61850
26100 61250 64675 62225 61850
26200 61250 64625 62225 61900
26300 61250 64650 62200 61900
26400 61250 64650 62200 61900
26500 61225 64625 62225 61925
26600 61225 64625 62225 61925
26700 61225 64600 62250 61925
26800 61225 64575 62275 61925
26900 61225 64575 62275 61925
27000 61225 64600 62275 61900
27100 61200 64600 62275 61925
27200 61200 64600 62275 61925
27300 61200 64600 62275 61925
27400 61200 64650 62225 61925
27500 61225 64650 62200 61925
27600 61225 64625 62200 61950
27700 61225 64600 62225 61950
27800 61250 64600 62200 61950
27900 61250 64600 62175 61975
28000 61250 64600 62200 61950
28100 61250 64600 62200 61950
28200 61250 64600 62200 61950
28300 61250 64600 62200 61950
28400 61275 64575 62200 61950
28500 61275 64600 62200 61925
28600 61275 64600 62200 61925
28700 61275 64600 62175 61950
28800 61275 64575 62175 61975
28900 61300 64575 62150 61975
29000 61300 64550 62150 62000
29100 61275 64550 62150 62025
29200 61275 64525 62150 62050
29300 61275 64450 62150 62125
29400 61275 64450 62150 62125
29500 61250 64450 62150 62150
29600 61250 64450 62150 62150
29700 61250 64425 62175 62150
29800 61250 64475 62125 62150
29900 61250 64475 62125 62150
30000 61250 64475 62125 62150
30100 61250 64450 62175 62125
30200 61275 64475 62150 62100
30300 61275 64475 62150 62100
30400 61275 64475 62150 62100
30500 61275 64475 62150 62100
30600 61250 64500 62125 62125
30700 61250 64500 62125 62125
30800 61250 64500 62125 62125
30900 61250 64500 62100 62150
31000 61250 64525 62100 62125
31100 61250 64525 62100 62125
31200 61250 64525 62100 62125
31300 61225 64550 62100 62125
31400 61225 64550 62125 62100
31500 61275 64550 62100 62075
31600 61275 64550 62100 62075
31700 61250 64550 62100 62100
31800 61250 64550 62100 62100
31900 61250 64575 62100 62075
32000 61250 64575 62100 62075
32100 61250 64575 62100 62075
32200 61250 64575 62100 62075
32300 61250 64550 62100 62100
32400 61250 64550 62100 62100
32500 61225 64550 62125 62100
32600 61250 64575 62100 62075
32700 61275 64575 62075 62075
32800 61275 64600 62075 62050
32900 61275 64600 62075 62050
33000 61275 64575 62075 62075
33100 61275 64575 62075 62075
33200 61300 64625 62075 62000
33300 61325 64600 62075 62000
33400 61325 64600 62075 62000
33500 61325 64600 62075 62000
33600 61350 64650 62050 61950
33700 61325 64700 62025 61950
33800 61350 64725 62025 61900
33900 61375 64775 62000 61850
34000 61375 64775 62000 61850
34100 61375 64775 62025 61825
34200 61375 64775 62025 61825
34300 61375 64775 62025 61825
34400 61375 64775 62025 61825
34500 61400 64775 62000 61825
34600 61400 64750 62000 61850
34700 61400 64750 62000 61850
34800 61425 64750 61975 61850
34900 61400 64725 62000 61875
35000 61375 64750 62000 61875
35100 61375 64750 62000 61875
35200 61400 64800 61950 61850
35300 61425 64775 61950 61850
35400 61425 64775 61950 61850
35500 61450 64775 61925 61850
35600 61450 64775 61925 61850
35700 61450 64800 61900 61850
35800 61450 64800 61900 61850
35900 61450 64800 61900 61850
36000 61475 64800 61875 61850
36100 61450 64800 61900 61850
36200 61475 64800 61875 61850
36300 61475 64800 61875 61850
36400 61500 64825 61825 61850
36500 61525 64825 61800 61850
36600 61575 64800 61750 61875
36700 61600 64800 61725 61875
36800 61575 64800 61725 61900
36900 61600 64825 61675 61900
37000 61600 64850 61650 61900
37100 61600 64850 61650 61900
37200 61600 64850 61650 61900
37300 61575 64850 61675 61900
37400 61575 64825 61700 61900
37500 61600 64825 61700 61875
37600 61600 64825 61700 61875
37700 61600 64825 61700 61875
37800 61625 64775 61725 61875
37900 61625 64775 61725 61875
38000 61625 64750 61750 61875
38100 61625 64750 61750 61875
38200 61625 64750 61750 61875
38300 61625 64750 61750 61875
38400 61625 64725 61775 61875
38500 61600 64725 61775 61900
38600 61600 64725 61775 61900
38700 61575 64750 61775 61900
38800 61575 64750 61775 61900
38900 61575 64750 61775 61900
39000 61575 64775 61750 61900
39100 61575 64775 61750 61900
39200 61575 64775 61750 61900
39300 61575 64775 61750 61900
39400 61575 64775 61750 61900
39500 61600 64800 61725 61875
39600 61575 64800 61750 61875
39700 61575 64800 61750 61875
39800 61575 64800 61750 61875
39900 61600 64800 61725 61875
40000 61600 64800 61725 61875
40100 61600 64800 61750 61850
40200 61600 64800 61750 61850
40300 61600 64800 61750 61850
40400 61575 64825 61750 61850
40500 61575 64825 61750 61850
40600 61575 64800 61775 61850
40700 61575 64800 61775 61850
40800 61575 64800 61775 61850
40900 61575 64800 61800 61825
41000 61575 64825 61775 61825
41100 61550 64825 61775 61850
41200 61550 64825 61775 61850
41300 61550 64800 61800 61850
41400 61575 64800 61800 61825
41500 61575 64775 61800 61850
41600 61575 64775 61800 61850
41700 61575 64775 61775 61875
41800 61550 64775 61800 61875
41900 61550 64775 61800 61875
42000 61550 64775 61800 61875
42100 61550 64775 61800 61875
42200 61550 64800 61800 61850
42300 61550 64800 61800 61850
42400 61550 64800 61800 61850
42500 61550 64775 61800 61875
42600 61550 64775 61800 61875
42700 61575 64800 61750 61875
42800 61575 64775 61750 61900
42900 61575 64775 61725 61925
43000 61575 64775 61725 61925
43100 61575 64775 61725 61925
43200 61550 64800 61725 61925
43300 61550 64800 61725 61925
43400 61550 64800 61725 61925
43500 61550 64800 61725 61925
43600 61550 64800 61725 61925
43700 61550 64775 61725 61950
43800 61575 64750 61725 61950
43900 61550 64725 61750 61975
44000 61550 64750 61725 61975
44100 61550 64750 61725 61975
44200 61550 64750 61725 61975
44300 61550 64750 61725 61975
44400 61525 64750 61725 62000
44500 61525 64750 61725 62000
44600 61525 64750 61725 62000
44700 61550 64750 61725 61975
44800 61550 64775 61700 61975
44900 61550 64750 61700 62000
45000 61550 64775 61700 61975
45100 61550 64775 61700 61975
45200 61550 64775 61700 61975
45300 61550 64775 61700 61975
45400 61575 64775 61675 61975
45500 61575 64775 61675 61975
45600 61575 64725 61700 62000
45700 61550 64725 61700 62025
45800 61525 64750 61700 62025
45900 61500 64750 61725 62025
46000 61500 64750 61750 62000
46100 61475 64775 61750 62000
46200 61475 64750 61750 62025
46300 61475 64725 61750 62050
46400 61475 64725 61750 62050
46500 61475 64750 61725 62050
46600 61475 64775 61700 62050
46700 61500 64725 61675 62100
46800 61500 64725 61675 62100
46900 61500 64725 61675 62100
47000 61500 64675 61675 62150
47100 61500 64675 61675 62150
47200 61500 64600 61675 62225
47300 61525 64600 61675 62200
47400 61525 64600 61675 62200
47500 61525 64625 61675 62175
47600 61525 64625 61675 62175
47700 61525 64625 61675 62175
47800 61525 64650 61675 62150
47900 61550 64650 61650 62150
48000 61550 64650 61650 62150
48100 61550 64650 61650 62150
48200 61550 64650 61650 62150
48300 61575 64650 61650 62125
48400 61575 64675 61650 62100
48500 61575 64675 61650 62100
48600 61600 64675 61650 62075
48700 61600 64650 61675 62075
48800 61600 64650 61675 62075
48900 61575 64650 61700 62075
49000 61575 64650 61700 62075
49100 61600 64650 61725 62025
49200 61625 64650 61725 62000
49300 61625 64650 61725 62000
49400 61625 64650 61725 62000
49500 61625 64650 61725 62000
49600 61625 64650 61725 62000
49700 61600 64625 61775 62000
49800 61600 64650 61775 61975
49900 61600 64650 61775 61975
50000 61600 64650 61775 61975
50100 61600 64650 61775 61975
50200 61600 64650 61750 62000
50300 61600 64650 61750 62000
50400 61625 64650 61725 62000
50500 61625 64650 61725 62000
50600 61625 64650 61725 62000
50700 61625 64600 61775 62000
50800 61625 64575 61800 62000
50900 61625 64600 61775 62000
51000 61625 64600 61775 62000
51100 61600 64625 61775 62000
51200 61600 64625 61775 62000
51300 61600 64625 61775 62000
51400 61575 64600 61825 62000
51500 61550 64600 61850 62000
51600 61550 64600 61850 62000
51700 61525 64575 61875 62025
51800 61525 64575 61875 62025
51900 61525 64550 61900 62025
52000 61525 64575 61900 62000
52100 61525 64575 61900 62000
52200 61525 64575 61925 61975
52300 61525 64575 61925 61975
52400 61525 64575 61925 61975
52500 61525 64575 61925 61975
52600 61525 64550 61925 62000
52700 61525 64525 61925 62025
52800 61550 64525 61900 62025
52900 61550 64525 61900 62025
53000 61550 64525 61900 62025
53100 61525 64525 61925 62025
53200 61525 64525 61925 62025
53300 61525 64525 61925 62025
53400 61525 64525 61900 62050
53500 61500 64525 61925 62050
53600 61500 64525 61925 62050
53700 61500 64525 61925 62050
53800 61500 64525 61925 62050
53900 61500 64525 61925 62050
54000 61500 64575 61900 62025
54100 61500 64575 61900 62025
54200 61500 64575 61900 62025
54300 61500 64575 61900 62025
54400 61500 64575 61900 62025
54500 61525 64550 61900 62025
54600 61500 64550 61925 62025
54700 61500 64575 61925 62000
54800 61500 64575 61925 62000
54900 61500 64575 61925 62000
55000 61500 64575 61925 62000
55100 61525 64575 61900 62000
55200 61500 64600 61900 62000
55300 61500 64575 61900 62025
55400 61475 64600 61900 62025
55500 61475 64600 61900 62025
55600 61475 64600 61900 62025
55700 61475 64600 61900 62025
55800 61475 64625 61900 62000
55900 61450 64625 61925 62000
56000 61450 64625 61925 62000
56100 61450 64625 61925 62000
56200 61450 64625 61950 61975
56300 61450 64650 61925 61975
56400 61450 64650 61950 61950
56500 61450 64675 61925 61950
56600 61425 64675 61950 61950
56700 61425 64675 61950 61950
56800 61425 64675 61950 61950
56900 61425 64675 61950 61950
57000 61400 64675 61975 61950
57100 61400 64675 61975 61950
57200 61375 64675 61975 61975
57300 61375 64675 61975 61975
57400 61400 64675 61950 61975
57500 61400 64675 61975 61950
57600 61400 64725 61925 61950
57700 61400 64700 61925 61975
57800 61375 64725 61925 61975
57900 61350 64725 61925 62000
58000 61350 64725 61925 62000
58100 61350 64725 61925 62000
58200 61350 64725 61925 62000
58300 61350 64725 61925 62000
58400 61350 64725 61925 62000
58500 61350 64750 61900 62000
58600 61350 64775 61850 62025
58700 61300 64775 61900 62025
58800 61300 64775 61900 62025
58900 61300 64800 61900 62000
59000 61300 64800 61900 62000
59100 61300 64800 61900 62000
59200 61300 64800 61900 62000
59300 61275 64800 61925 62000
59400 61225 64825 61950 62000
59500 61250 64800 61975 61975
59600 61250 64800 61975 61975
59700 61275 64800 61950 61975
59800 61225 64775 62000 62000
59900 61225 64750 62000 62025
60000 61225 64750 62000 62025
60100 61200 64800 62000 62000
60200 61150 64825 62050 61975
60300 61150 64825 62050 61975
60400 61075 64825 62125 61975
60500 61075 64825 62125 61975
60600 61075 64825 62150 61950
60700 61075 64825 62150 61950
60800 61075 64825 62150 61950
60900 61075 64850 62125 61950
61000 61075 64850 62125 61950
61100 61100 64875 62125 61900
61200 61100 64875 62125 61900
61300 61075 64875 62125 61925
61400 61075 64875 62125 61925
61500 61075 64875 62125 61925
61600 61050 64900 62125 61925
61700 61050 64900 62125 61925
61800 61075 64900 62100 61925
61900 61075 64900 62100 61925
62000 61075 64900 62100 61925
62100 61075 64875 62125 61925
62200 61075 64900 62125 61900
62300 61075 64900 62125 61900
62400 61075 64900 62125 61900
62500 61075 64900 62125 61900
62600 61075 64925 62125 61875
62700 61075 64950 62125 61850
62800 61075 64950 62125 61850
62900 61075 64950 62125 61850
63000 61075 64950 62125 61850
63100 61075 64975 62125 61825
63200 61075 65000 62125 61800
63300 61075 65000 62125 61800
63400 61075 65025 62125 61775
63500 61075 65050 62125 61750
63600 61075 65075 62125 61725
63700 61125 65100 62100 61675
63800 61150 65075 62075 61700
63900 61125 65075 62075 61725
64000 61125 65075 62075 61725
64100 61125 65075 62075 61725
64200 61100 65075 62100 61725
64300 61100 65075 62100 61725
64400 61100 65075 62100 61725
64500 61100 65075 62100 61725
64600 61100 65075 62100 61725
64700 61100 65075 62100 61725
64800 61100 65075 62100 61725
64900 61100 65075 62100 61725
65000 61100 65100 62125 61675
65100 61100 65100 62125 61675
65200 61100 65100 62125 61675
65300 61100 65125 62100 61675
65400 61100 65075 62150 61675
65500 61075 65050 62150 61725
65600 61050 65075 62150 61725
65700 61075 65075 62125 61725
65800 61050 65050 62125 61775
65900 61050 65050 62125 61775
66000 61025 65075 62125 61775
66100 61025 65075 62125 61775
66200 61025 65075 62125 61775
66300 61025 65075 62125 61775
66400 61025 65075 62125 61775
66500 61025 65075 62125 61775
66600 61025 65075 62125 61775
66700 61025 65075 62125 61775
66800 61025 65075 62100 61800
66900 61025 65075 62100 61800
67000 61025 65075 62100 61800
67100 61025 65025 62125 61825
67200 61025 65025 62125 61825
67300 61025 65025 62125 61825
67400 61050 65025 62100 61825
67500 61050 65050 62075 61825
67600 61050 65050 62075 61825
67700 61050 65050 62075 61825
67800 61050 65025 62100 61825
67900 61050 65025 62100 61825
68000 61050 65025 62100 61825
68100 61050 65025 62100 61825
68200 61050 65025 62100 61825
68300 61050 65025 62100 61825
68400 61025 65025 62100 61850
68500 61025 65025 62100 61850
68600 61025 65025 62100 61850
68700 61025 65050 62075 61850
68800 61000 65050 62100 61850
68900 61025 65050 62075 61850
69000 61025 65050 62075 61850
69100 61025 65050 62075 61850
69200 61025 65050 62075 61850
69300 61025 65025 62125 61825
69400 61025 65025 62125 61825
69500 61025 65000 62125 61850
69600 61025 65000 62125 61850
69700 61025 65000 62125 61850
69800 61025 65000 62125 61850
69900 61025 65000 62125 61850
70000 61025 64950 62175 61850
70100 61025 64950 62175 61850
70200 61050 64950 62150 61850
70300 61100 64950 62125 61825
70400 61100 64950 62125 61825
70500 61100 64925 62125 61850
70600 61100 64925 62125 61850
70700 61100 64925 62125 61850
70800 61100 64925 62125 61850
70900 61100 64925 62125 61850
71000 61100 64925 62125 61850
71100 61100 64925 62125 61850
71200 61100 64925 62125 61850
71300 61125 64900 62100 61875
71400 61125 64900 62100 61875
71500 61125 64900 62100 61875
71600 61125 64900 62100 61875
71700 61125 64900 62100 61875
71800 61100 64925 62100 61875
71900 61100 64900 62100 61900
72000 61100 64900 62100 61900
72100 61100 64900 62100 61900
72200 61125 64900 62050 61925
72300 61150 64875 62025 61950
72400 61150 64850 62025 61975
72500 61175 64850 62025 61950
72600 61175 64850 62025 61950
72700 61150 64850 62000 62000
72800 61150 64850 62000 62000
72900 61150 64800 62000 62050
73000 61175 64800 61975 62050
73100 61200 64800 61950 62050
73200 61200 64800 61950 62050
73300 61200 64800 61950 62050
73400 61200 64800 61950 62050
73500 61225 64850 61900 62025
73600 61200 64850 61950 62000
73700 61250 64850 61900 62000
73800 61250 64850 61900 62000
73900 61250 64850 61900 62000
74000 61250 64850 61900 62000
74100 61250 64850 61900 62000
74200 61300 64850 61850 62000
74300 61300 64850 61850 62000
74400 61300 64850 61850 62000
74500 61350 64850 61800 62000
74600 61350 64850 61800 62000
74700 61375 64850 61775 62000
74800 61400 64850 61750 62000
74900 61400 64850 61750 62000
75000 61400 64850 61750 62000
75100 61425 64875 61725 61975
75200 61425 64875 61725 61975
75300 61425 64875 61725 61975
75400 61425 64875 61725 61975
75500 61425 64875 61725 61975
75600 61425 64875 61725 61975
75700 61450 64875 61725 61950
75800 61450 64875 61725 61950
75900 61450 64850 61725 61975
76000 61450 64850 61725 61975
76100 61450 64850 61725 61975
76200 61450 64850 61725 61975
76300 61450 64850 61725 61975
76400 61450 64875 61725 61950
76500 61450 64875 61725 61950
76600 61475 64875 61725 61925
76700 61475 64875 61725 61925
76800 61475 64875 61725 61925
76900 61475 64875 61725 61925
77000 61500 64875 61725 61900
77100 61500 64900 61700 61900
77200 61500 64900 61700 61900
77300 61500 64900 61700 61900
77400 61525 64900 61700 61875
77500 61525 64900 61700 61875
77600 61550 64900 61700 61850
77700 61550 64900 61700 61850
77800 61550 64900 61700 61850
77900 61550 64900 61700 61850
78000 61550 64900 61700 61850
78100 61525 64925 61700 61850
78200 61525 64925 61675 61875
78300 61525 64925 61675 61875
78400 61525 64925 61675 61875
78500 61525 64925 61675 61875
78600 61500 64925 61675 61900
78700 61500 64925 61675 61900
78800 61500 64925 61675 61900
78900 61500 64925 61675 61900
79000 61500 64925 61675 61900
79100 61500 64925 61675 61900
79200 61500 64925 61675 61900
79300 61500 64925 61675 61900
79400 61500 64925 61675 61900
79500 61500 64925 61675 61900
79600 61475 64950 61700 61875
79700 61475 64950 61700 61875
79800 61475 64950 61700 61875
79900 61450 64950 61700 61900
80000 61450 64925 61700 61925
80100 61450 64925 61700 61925
80200 61450 64925 61700 61925
80300 61450 64925 61700 61925
80400 61450 64925 61700 61925
80500 61450 64925 61700 61925
80600 61450 64925 61700 61925
80700 61450 64925 61700 61925
80800 61450 64950 61675 61925
80900 61450 64950 61675 61925
81000 61450 64950 61675 61925
81100 61450 64950 61675 61925
81200 61450 64950 61675 61925
81300 61475 64950 61650 61925
81400 61475 64925 61650 61950
81500 61475 64925 61650 61950
81600 61475 64925 61650 61950
81700 61475 64925 61650 61950
81800 61475 64925 61650 61950
81900 61475 64925 61650 61950
82000 61475 64925 61650 61950
82100 61475 64925 61650 61950
82200 61475 64925 61650 61950
82300 61450 64925 61650 61975
82400 61450 64925 61650 61975
82500 61450 64925 61650 61975
82600 61450 64950 61650 61950
82700 61450 64950 61650 61950
82800 61425 64950 61675 61950
82900 61450 64950 61675 61925
83000 61450 64950 61675 61925
83100 61450 64950 61675 61925
83200 61450 64950 61675 61925
83300 61450 64950 61675 61925
83400 61450 64950 61675 61925
83500 61475 64925 61675 61925
83600 61475 64925 61675 61925
83700 61475 64900 61675 61950
83800 61475 64900 61675 61950
83900 61475 64900 61675 61950
84000 61475 64900 61675 61950
84100 61475 64900 61675 61950
84200 61475 64900 61675 61950
84300 61475 64900 61675 61950
84400 61475 64900 61675 61950
84500 61475 64900 61675 61950
84600 61475 64900 61675 61950
84700 61475 64900 61675 61950
84800 61475 64925 61650 61950
84900 61450 64925 61650 61975
85000 61450 64925 61650 61975
85100 61450 64925 61650 61975
85200 61450 64925 61650 61975
85300 61450 64925 61650 61975
85400 61450 64925 61650 61975
85500 61450 64950 61650 61950
85600 61450 64950 61650 61950
85700 61475 64950 61625 61950
85800 61475 64950 61625 61950
85900 61450 64950 61650 61950
86000 61450 64950 61650 61950
86100 61450 64925 61675 61950
86200 61475 64900 61675 61950
86300 61475 64900 61675 61950
86400 61475 64900 61675 61950
86500 61500 64875 61675 61950
86600 61500 64875 61675 61950
86700 61475 64875 61675 61975
86800 61475 64875 61675 61975
86900 61475 64875 61675 61975
87000 61475 64850 61675 62000
87100 61475 64850 61675 62000
87200 61475 64825 61700 62000
87300 61475 64825 61700 62000
87400 61475 64825 61700 62000
87500 61475 64825 61700 62000
87600 61475 64850 61675 62000
87700 61450 64850 61675 62025
87800 61450 64850 61675 62025
87900 61425 64850 61675 62050
88000 61425 64850 61675 62050
88100 61425 64850 61675 62050
88200 61425 64850 61675 62050
88300 61425 64875 61675 62025
88400 61425 64875 61675 62025
88500 61425 64875 61675 62025
88600 61425 64875 61675 62025
88700 61425 64875 61675 62025
88800 61425 64900 61650 62025
88900 61400 64900 61675 62025
89000 61400 64900 61675 62025
89100 61400 64900 61675 62025
89200 61400 64900 61675 62025
89300 61400 64875 61700 62025
89400 61400 64900 61675 62025
89500 61425 64900 61650 62025
89600 61425 64900 61650 62025
89700 61425 64900 61650 62025
89800 61425 64900 61650 62025
89900 61425 64900 61650 62025
90000 61425 64925 61625 62025
90100 61425 64950 61600 62025
90200 61425 64900 61600 62075
90300 61425 64925 61575 62075
90400 61425 64925 61575 62075
90500 61425 64950 61550 62075
90600 61450 64925 61550 62075
90700 61450 64925 61550 62075
90800 61450 64925 61550 62075
90900 61450 64925 61550 62075
91000 61450 64950 61550 62050
91100 61450 64950 61575 62025
91200 61450 64950 61575 62025
91300 61450 64950 61575 62025
91400 61450 64925 61600 62025
91500 61450 64925 61600 62025
91600 61450 64925 61600 62025
91700 61450 64925 61600 62025
91800 61425 64900 61650 62025
91900 61425 64900 61650 62025
92000 61425 64900 61650 62025
92100 61450 64900 61650 62000
92200 61450 64900 61650 62000
92300 61450 64900 61650 62000
92400 61450 64900 61650 62000
92500 61450 64900 61650 62000
92600 61450 64875 61675 62000
92700 61450 64850 61700 62000
92800 61450 64850 61700 62000
92900 61450 64850 61700 62000
93000 61475 64825 61700 62000
93100 61475 64825 61700 62000
93200 61475 64800 61700 62025
93300 61475 64800 61700 62025
93400 61475 64800 61700 62025
93500 61475 64800 61700 62025
93600 61475 64800 61700 62025
93700 61475 64825 61700 62000
93800 61475 64825 61700 62000
93900 61475 64825 61700 62000
94000 61475 64825 61700 62000
94100 61475 64825 61700 62000
94200 61475 64825 61700 62000
94300 61475 64825 61700 62000
94400 61475 64825 61725 61975
94500 61475 64825 61725 61975
94600 61450 64825 61750 61975
94700 61450 64825 61750 61975
94800 61450 64825 61750 61975
94900 61450 64825 61750 61975
95000 61425 64825 61750 62000
95100 61425 64825 61750 62000
95200 61425 64825 61750 62000
95300 61425 64800 61750 62025
95400 61425 64800 61750 62025
95500 61425 64800 61750 62025
95600 61425 64800 61750 62025
95700 61425 64800 61750 62025
95800 61425 64800 61750 62025
95900 61425 64800 61750 62025
96000 61425 64775 61750 62050
96100 61425 64775 61750 62050
96200 61425 64800 61750 62025
96300 61450 64800 61725 62025
96400 61450 64800 61725 62025
96500 61450 64800 61725 62025
96600 61450 64800 61725 62025
96700 61450 64800 61725 62025
96800 61450 64800 61725 62025
96900 61450 64800 61725 62025
97000 61450 64800 61725 62025
97100 61450 64800 61725 62025
97200 61450 64800 61725 62025
97300 61425 64800 61750 62025
97400 61425 64800 61750 62025
97500 61425 64800 61750 62025
97600 61425 64800 61750 62025
97700 61425 64800 61775 62000
97800 61425 64800 61775 62000
97900 61425 64800 61775 62000
98000 61425 64800 61775 62000
98100 61425 64800 61775 62000
98200 61425 64800 61775 62000
98300 61425 64800 61775 62000
98400 61425 64800 61775 62000
98500 61425 64800 61775 62000
98600 61425 64850 61750 61975
98700 61425 64825 61750 62000
98800 61450 64800 61750 62000
98900 61450 64800 61750 62000
99000 61450 64800 61750 62000
99100 61450 64800 61750 62000
99200 61450 64800 61750 62000
99300 61450 64800 61750 62000
99400 61450 64800 61750 62000
99500 61475 64800 61725 62000
99600 61475 64800 61725 62000
99700 61475 64800 61725 62000
99800 61450 64800 61750 62000
99900 61450 64800 61750 62000
100000 61450 64800 61750 62000
