0 62775 64925 62850 59450
100 62775 64950 62825 59450
200 62775 64975 62825 59425
300 62750 64975 62800 59475
400 62825 64975 62775 59425
500 62825 64975 62775 59425
600 62850 64950 62800 59400
700 62825 64975 62875 59325
800 62875 64950 62800 59375
900 62875 64975 62750 59400
1000 62800 64950 62775 59475
1100 62725 64975 62825 59475
1200 62750 65000 62800 59450
1300 62775 64975 62800 59450
1400 62750 65075 62825 59350
1500 62800 65075 62725 59400
1600 62850 65025 62725 59400
1700 62825 65025 62800 59350
1800 62850 65025 62825 59300
1900 62850 65000 62850 59300
2000 62825 65000 62900 59275
2100 62775 65025 62825 59375
2200 62800 65025 62725 59450
2300 62775 65025 62775 59425
2400 62775 65000 62775 59450
2500 62775 65000 62725 59500
2600 62800 64975 62750 59475
2700 62800 64950 62750 59500
2800 62800 64925 62825 59450
2900 62775 64950 62750 59525
3000 62775 64950 62750 59525
3100 62775 64925 62725 59575
3200 62800 64950 62775 59475
3300 62800 64950 62775 59475
3400 62825 64950 62750 59475
3500 62800 64975 62725 59500
3600 62825 64950 62750 59475
3700 62850 64925 62700 59525
3800 62825 64900 62725 59550
3900 62775 64900 62725 59600
4000 62800 64925 62700 59575
4100 62800 64925 62625 59650
4200 62775 64900 62650 59675
4300 62750 64900 62750 59600
4400 62775 64900 62725 59600
4500 62775 64925 62750 59550
4600 62800 64925 62725 59550
4700 62850 64925 62700 59525
4800 62875 64900 62725 59500
4900 62925 64975 62650 59450
5000 62925 64975 62700 59400
5100 62900 65025 62650 59425
5200 62875 65050 62550 59525
5300 62875 65025 62550 59550
5400 62850 65050 62600 59500
5500 62875 65050 62575 59500
5600 62850 65075 62575 59500
5700 62850 65050 62625 59475
5800 62850 65050 62650 59450
5900 62850 65050 62625 59475
6000 62825 65050 62625 59500
6100 62850 65025 62600 59525
6200 62850 65025 62575 59550
6300 62825 65025 62600 59550
6400 62800 65025 62625 59550
6500 62800 65025 62625 59550
6600 62825 65025 62500 59650
6700 62825 65025 62500 59650
6800 62800 65075 62525 59600
6900 62850 65025 62450 59675
7000 62825 65075 62450 59650
7100 62825 65050 62450 59675
7200 62825 65050 62475 59650
7300 62825 65050 62500 59625
7400 62800 65050 62475 59675
7500 62775 65050 62500 59675
7600 62775 65050 62550 59625
7700 62800 65025 62500 59675
7800 62825 65000 62475 59700
7900 62775 65000 62500 59725
8000 62800 65000 62525 59675
8100 62825 64975 62475 59725
8200 62825 64975 62450 59750
8300 62800 64975 62450 59775
8400 62800 64975 62475 59750
8500 62775 64975 62500 59750
8600 62800 64950 62525 59725
8700 62800 64925 62525 59750
8800 62800 64950 62550 59700
8900 62825 64925 62575 59675
9000 62825 64950 62550 59675
9100 62850 64950 62550 59650
9200 62850 64975 62525 59650
9300 62850 64875 62625 59650
9400 62850 64875 62625 59650
9500 62850 64875 62625 59650
9600 62850 64925 62575 59650
9700 62850 64925 62525 59700
9800 62875 64950 62450 59725
9900 62850 64950 62475 59725
10000 62850 64925 62500 59725
10100 62850 64950 62500 59700
10200 62825 64950 62550 59675
10300 62825 64950 62525 59700
10400 62825 65000 62525 59650
10500 62825 65050 62525 59600
10600 62825 65050 62550 59575
10700 62825 65050 62525 59600
10800 62850 65050 62525 59575
10900 62875 65025 62550 59550
11000 62900 65025 62525 59550
11100 62900 65000 62525 59575
11200 62925 65025 62450 59600
11300 62925 65025 62425 59625
11400 62950 65050 62375 59625
11500 62925 65000 62400 59675
11600 62925 65000 62350 59725
11700 62925 65000 62350 59725
11800 62925 65000 62350 59725
11900 62925 65025 62350 59700
12000 62925 65000 62350 59725
12100 62875 65025 62350 59750
12200 62875 65050 62375 59700
12300 62875 65025 62375 59725
12400 62875 65025 62375 59725
12500 62875 65025 62375 59725
12600 62850 65025 62400 59725
12700 62850 65025 62400 59725
12800 62850 65025 62400 59725
12900 62825 65050 62450 59675
13000 62800 65075 62425 59700
13100 62800 65075 62475 59650
13200 62775 65100 62475 59650
13300 62750 65100 62450 59700
13400 62750 65100 62450 59700
13500 62750 65100 62450 59700
13600 62775 65025 62400 59800
13700 62800 65025 62400 59775
13800 62775 65050 62375 59800
13900 62775 65050 62300 59875
14000 62775 65075 62300 59850
14100 62775 65050 62325 59850
14200 62725 65075 62350 59850
14300 62700 65075 62425 59800
14400 62725 65025 62450 59800
14500 62725 65000 62450 59825
14600 62775 65000 62400 59825
14700 62775 64975 62450 59800
14800 62775 64925 62475 59825
14900 62750 64925 62475 59850
15000 62750 64925 62475 59850
15100 62800 64925 62475 59800
15200 62800 64875 62500 59825
15300 62825 64875 62500 59800
15400 62825 64875 62550 59750
15500 62800 64875 62575 59750
15600 62800 64900 62550 59750
15700 62775 64925 62575 59725
15800 62775 64925 62525 59775
15900 62825 64900 62500 59775
16000 62825 64825 62525 59825
16100 62825 64825 62500 59850
16200 62800 64825 62475 59900
16300 62825 64825 62425 59925
16400 62825 64825 62400 59950
16500 62800 64850 62425 59925
16600 62825 64850 62400 59925
16700 62850 64850 62400 59900
16800 62900 64850 62325 59925
16900 62925 64850 62325 59900
17000 62925 64850 62325 59900
17100 62925 64850 62325 59900
17200 62975 64825 62350 59850
17300 62950 64875 62325 59850
17400 62975 64875 62300 59850
17500 62975 64875 62300 59850
17600 62950 64900 62300 59850
17700 62950 64900 62325 59825
17800 62950 64900 62350 59800
17900 62975 64925 62300 59800
18000 62950 64925 62350 59775
18100 62950 64925 62400 59725
18200 62975 64925 62400 59700
18300 63000 64925 62375 59700
18400 63025 64925 62350 59700
18500 63025 64950 62350 59675
18600 62975 65000 62350 59675
18700 62975 65000 62375 59650
18800 63000 65025 62325 59650
18900 63000 65050 62250 59700
19000 62975 65025 62225 59775
19100 63000 65000 62200 59800
19200 62975 65000 62200 59825
19300 62975 65000 62200 59825
19400 62975 65000 62225 59800
19500 62975 65000 62225 59800
19600 62950 65000 62250 59800
19700 62925 65000 62250 59825
19800 62900 65050 62225 59825
19900 62875 65075 62250 59800
20000 62875 65075 62275 59775
20100 62900 65075 62275 59750
20200 62925 65050 62250 59775
20300 62925 65050 62250 59775
20400 62925 65025 62300 59750
20500 62900 65025 62300 59775
20600 62900 65050 62275 59775
20700 62900 65050 62275 59775
20800 62900 65050 62275 59775
20900 62900 65050 62300 59750
21000 62900 65050 62300 59750
21100 62850 65050 62325 59775
21200 62825 65075 62325 59775
21300 62825 65075 62325 59775
21400 62800 65100 62275 59825
21500 62800 65100 62275 59825
21600 62750 65100 62300 59850
21700 62775 65075 62275 59875
21800 62775 65075 62275 59875
21900 62750 65075 62250 59925
22000 62700 65125 62250 59925
22100 62700 65125 62225 59950
22200 62700 65125 62175 60000
22300 62725 65100 62200 59975
22400 62725 65075 62225 59975
22500 62750 65100 62175 59975
22600 62750 65075 62200 59975
22700 62750 65075 62200 59975
22800 62750 65075 62200 59975
22900 62750 65075 62225 59950
23000 62725 65100 62225 59950
23100 62750 65100 62200 59950
23200 62725 65125 62225 59925
23300 62725 65125 62225 59925
23400 62725 65100 62275 59900
23500 62725 65075 62300 59900
23600 62725 65075 62300 59900
23700 62750 65050 62300 59900
23800 62725 65050 62350 59875
23900 62725 65050 62350 59875
24000 62700 65050 62375 59875
24100 62725 65025 62375 59875
24200 62725 65025 62375 59875
24300 62775 64950 62400 59875
24400 62800 64950 62375 59875
24500 62825 64975 62300 59900
24600 62825 64975 62300 59900
24700 62825 64975 62300 59900
24800 62825 64975 62300 59900
24900 62850 64975 62300 59875
25000 62850 64975 62300 59875
25100 62875 64950 62275 59900
25200 62875 64950 62250 59925
25300 62875 64950 62250 59925
25400 62875 64950 62250 59925
25500 62900 64950 62175 59975
25600 62925 64950 62175 59950
25700 62925 64950 62125 60000
25800 62900 64950 62125 60025
25900 62900 64950 62075 60075
26000 62900 64950 62075 60075
26100 62875 64950 62075 60100
26200 62875 64925 62100 60100
26300 62850 64950 62125 60075
26400 62850 64925 62150 60075
26500 62850 64925 62150 60075
26600 62850 64950 62150 60050
26700 62825 64975 62150 60050
26800 62850 64950 62150 60050
26900 62875 64925 62200 60000
27000 62875 64925 62200 60000
27100 62875 64925 62200 60000
27200 62875 64925 62200 60000
27300 62875 64925 62200 60000
27400 62900 64900 62225 59975
27500 62900 64925 62225 59950
27600 62875 64925 62250 59950
27700 62875 64925 62250 59950
27800 62900 64875 62275 59950
27900 62900 64875 62300 59925
28000 62950 64850 62275 59925
28100 62950 64850 62300 59900
28200 62950 64850 62300 59900
28300 62925 64875 62300 59900
28400 62900 64850 62300 59950
28500 62875 64850 62300 59975
28600 62875 64850 62300 59975
28700 62900 64825 62300 59975
28800 62900 64825 62300 59975
28900 62875 64875 62325 59925
29000 62875 64875 62325 59925
29100 62875 64875 62325 59925
29200 62875 64875 62300 59950
29300 62850 64900 62275 59975
29400 62850 64925 62250 59975
29500 62850 64950 62225 59975
29600 62850 64975 62200 59975
29700 62850 65000 62200 59950
29800 62850 65000 62150 60000
29900 62875 64975 62125 60025
30000 62875 64975 62100 60050
30100 62850 64975 62100 60075
30200 62850 64975 62075 60100
30300 62850 64975 62050 60125
30400 62850 64975 62075 60100
30500 62850 65000 62075 60075
30600 62825 65000 62100 60075
30700 62800 65025 62100 60075
30800 62825 65000 62100 60075
30900 62825 65000 62100 60075
31000 62800 65025 62125 60050
31100 62775 65050 62125 60050
31200 62775 65050 62125 60050
31300 62775 65050 62125 60050
31400 62775 65050 62150 60025
31500 62800 65075 62125 60000
31600 62800 65075 62150 59975
31700 62800 65100 62150 59950
31800 62800 65125 62150 59925
31900 62750 65125 62200 59925
32000 62750 65150 62200 59900
32100 62750 65175 62225 59850
32200 62750 65225 62225 59800
32300 62725 65250 62200 59825
32400 62750 65225 62250 59775
32500 62750 65200 62250 59800
32600 62750 65200 62250 59800
32700 62725 65200 62275 59800
32800 62725 65200 62300 59775
32900 62750 65200 62275 59775
33000 62750 65200 62275 59775
33100 62725 65225 62275 59775
33200 62725 65200 62275 59800
33300 62700 65225 62250 59825
33400 62700 65225 62275 59800
33500 62700 65200 62300 59800
33600 62700 65200 62300 59800
33700 62700 65200 62300 59800
33800 62725 65200 62275 59800
33900 62750 65175 62275 59800
34000 62750 65125 62300 59825
34100 62750 65125 62300 59825
34200 62750 65125 62300 59825
34300 62750 65125 62300 59825
34400 62725 65125 62325 59825
34500 62725 65125 62325 59825
34600 62725 65100 62350 59825
34700 62725 65100 62325 59850
34800 62725 65075 62325 59875
34900 62750 65050 62325 59875
35000 62750 65050 62325 59875
35100 62750 65025 62350 59875
35200 62775 65000 62350 59875
35300 62775 65000 62325 59900
35400 62775 65000 62300 59925
35500 62775 65000 62250 59975
35600 62775 65000 62250 59975
35700 62775 64975 62250 60000
35800 62775 64975 62175 60075
35900 62775 64975 62175 60075
36000 62775 64975 62175 60075
36100 62800 64975 62150 60075
36200 62800 64950 62200 60050
36300 62825 64925 62200 60050
36400 62875 64925 62175 60025
36500 62850 64975 62150 60025
36600 62900 64975 62100 60025
36700 62975 64975 62075 59975
36800 62975 64975 62100 59950
36900 62975 64975 62100 59950
37000 62975 64975 62100 59950
37100 62975 64975 62125 59925
37200 62950 64975 62125 59950
37300 62950 64975 62125 59950
37400 62950 65000 62100 59950
37500 62950 65000 62100 59950
37600 62975 64975 62100 59950
37700 62975 64975 62100 59950
37800 62950 65000 62100 59950
37900 63000 64975 62100 59925
38000 62975 65000 62100 59925
38100 62975 65000 62100 59925
38200 62975 65000 62100 59925
38300 63000 65000 62050 59950
38400 63000 65000 62050 59950
38500 63025 64975 62050 59950
38600 63025 64975 62050 59950
38700 63025 65000 62025 59950
38800 63050 64975 62050 59925
38900 63050 64975 62050 59925
39000 63075 64950 62025 59950
39100 63075 64950 62025 59950
39200 63050 64950 62050 59950
39300 63050 64950 62050 59950
39400 63050 64950 62050 59950
39500 63050 64950 62050 59950
39600 63050 64950 62025 59975
39700 63050 64950 62050 59950
39800 63050 64950 62075 59925
39900 63025 64925 62125 59925
40000 63000 64950 62125 59925
40100 63000 64950 62125 59925
40200 62950 64975 62100 59975
40300 62925 65000 62100 59975
40400 62925 65000 62125 59950
40500 62925 65000 62125 59950
40600 62925 65000 62125 59950
40700 62925 65000 62100 59975
40800 62925 65000 62100 59975
40900 62925 65000 62100 59975
41000 62925 64975 62125 59975
41100 62925 64975 62125 59975
41200 62925 64975 62125 59975
41300 62925 64975 62125 59975
41400 62925 64950 62150 59975
41500 62925 64950 62125 60000
41600 62925 64950 62125 60000
41700 62925 64950 62150 59975
41800 62925 64950 62150 59975
41900 62925 64975 62100 60000
42000 62925 64975 62100 60000
42100 62925 64975 62100 60000
42200 62950 64950 62100 60000
42300 62925 64950 62100 60025
42400 62900 64975 62100 60025
42500 62875 65000 62100 60025
42600 62875 65000 62075 60050
42700 62875 65000 62075 60050
42800 62900 65000 62050 60050
42900 62900 65000 62025 60075
43000 62875 64975 62075 60075
43100 62850 64975 62075 60100
43200 62850 64975 62075 60100
43300 62850 64975 62075 60100
43400 62875 64950 62075 60100
43500 62875 64950 62075 60100
43600 62875 64925 62100 60100
43700 62875 64925 62100 60100
43800 62875 64925 62100 60100
43900 62850 64950 62100 60100
44000 62825 64975 62100 60100
44100 62825 64975 62100 60100
44200 62825 64975 62100 60100
44300 62800 64975 62125 60100
44400 62800 64975 62125 60100
44500 62800 64975 62125 60100
44600 62775 65000 62125 60100
44700 62750 65025 62125 60100
44800 62750 65025 62150 60075
44900 62750 65050 62125 60075
45000 62750 65050 62125 60075
45100 62750 65050 62100 60100
45200 62750 65050 62100 60100
45300 62750 65050 62100 60100
45400 62750 65025 62100 60125
45500 62750 65050 62075 60125
45600 62750 65050 62075 60125
45700 62675 65050 62125 60150
45800 62675 65025 62175 60125
45900 62675 65025 62175 60125
46000 62675 65025 62150 60150
46100 62675 65025 62150 60150
46200 62675 65025 62150 60150
46300 62700 65025 62125 60150
46400 62725 65000 62125 60150
46500 62725 65000 62125 60150
46600 62725 64975 62150 60150
46700 62750 64975 62125 60150
46800 62750 65000 62100 60150
46900 62750 65000 62100 60150
47000 62750 65000 62100 60150
47100 62750 65000 62100 60150
47200 62750 65025 62075 60150
47300 62750 65025 62075 60150
47400 62750 65025 62075 60150
47500 62750 65025 62075 60150
47600 62750 65025 62050 60175
47700 62750 65025 62075 60150
47800 62750 65025 62075 60150
47900 62750 65000 62100 60150
48000 62725 65000 62125 60150
48100 62725 65000 62125 60150
48200 62725 65000 62125 60150
48300 62700 65025 62100 60175
48400 62700 65025 62100 60175
48500 62700 65050 62125 60125
48600 62725 65025 62125 60125
48700 62725 65025 62125 60125
48800 62725 65025 62125 60125
48900 62725 65025 62125 60125
49000 62750 65025 62100 60125
49100 62725 65025 62100 60150
49200 62725 65000 62125 60150
49300 62775 64975 62100 60150
49400 62775 64975 62100 60150
49500 62775 64975 62100 60150
49600 62775 64975 62100 60150
49700 62775 64950 62100 60175
49800 62750 64950 62125 60175
49900 62750 64950 62150 60150
50000 62725 64950 62175 60150
50100 62725 64950 62175 60150
50200 62725 64950 62150 60175
50300 62700 64975 62150 60175
50400 62700 64975 62150 60175
50500 62725 64950 62200 60125
50600 62725 64950 62200 60125
50700 62725 64950 62200 60125
50800 62725 64950 62175 60150
50900 62725 64950 62175 60150
51000 62750 64925 62200 60125
51100 62750 64925 62200 60125
51200 62750 64925 62200 60125
51300 62750 64900 62200 60150
51400 62750 64900 62200 60150
51500 62750 64900 62200 60150
51600 62750 64900 62200 60150
51700 62750 64850 62225 60175
51800 62775 64850 62200 60175
51900 62800 64825 62200 60175
52000 62800 64825 62225 60150
52100 62800 64800 62225 60175
52200 62825 64775 62225 60175
52300 62825 64750 62250 60175
52400 62825 64750 62225 60200
52500 62850 64750 62225 60175
52600 62850 64750 62225 60175
52700 62850 64725 62225 60200
52800 62850 64725 62225 60200
52900 62875 64700 62225 60200
53000 62875 64700 62225 60200
53100 62875 64700 62225 60200
53200 62850 64700 62250 60200
53300 62850 64700 62250 60200
53400 62825 64700 62250 60225
53500 62825 64700 62275 60200
53600 62825 64700 62250 60225
53700 62825 64700 62250 60225
53800 62800 64700 62275 60225
53900 62775 64725 62275 60225
54000 62800 64725 62250 60225
54100 62800 64725 62250 60225
54200 62800 64725 62250 60225
54300 62800 64725 62250 60225
54400 62800 64725 62250 60225
54500 62775 64725 62275 60225
54600 62775 64725 62275 60225
54700 62775 64725 62275 60225
54800 62775 64725 62300 60200
54900 62775 64725 62300 60200
55000 62775 64700 62325 60200
55100 62775 64725 62300 60200
55200 62775 64725 62300 60200
55300 62775 64725 62275 60225
55400 62775 64725 62275 60225
55500 62775 64725 62275 60225
55600 62750 64700 62300 60250
55700 62725 64700 62325 60250
55800 62750 64700 62300 60250
55900 62750 64700 62300 60250
56000 62750 64700 62325 60225
56100 62750 64700 62325 60225
56200 62750 64700 62325 60225
56300 62750 64725 62300 60225
56400 62700 64750 62300 60250
56500 62700 64775 62300 60225
56600 62675 64775 62325 60225
56700 62675 64800 62325 60200
56800 62675 64800 62325 60200
56900 62675 64800 62325 60200
57000 62675 64800 62325 60200
57100 62675 64800 62350 60175
57200 62675 64800 62350 60175
57300 62675 64800 62350 60175
57400 62675 64800 62325 60200
57500 62675 64800 62300 60225
57600 62675 64800 62300 60225
57700 62675 64800 62300 60225
57800 62700 64775 62300 60225
57900 62700 64775 62300 60225
58000 62700 64775 62300 60225
58100 62700 64775 62325 60200
58200 62725 64725 62325 60225
58300 62725 64725 62325 60225
58400 62725 64725 62325 60225
58500 62725 64725 62300 60250
58600 62750 64725 62275 60250
58700 62725 64750 62275 60250
58800 62700 64775 62275 60250
58900 62700 64775 62275 60250
59000 62700 64775 62275 60250
59100 62700 64775 62300 60225
59200 62700 64775 62300 60225
59300 62700 64800 62300 60200
59400 62700 64800 62300 60200
59500 62700 64825 62275 60200
59600 62725 64825 62250 60200
59700 62725 64825 62250 60200
59800 62725 64800 62275 60200
59900 62700 64800 62325 60175
60000 62700 64800 62325 60175
60100 62700 64800 62325 60175
60200 62650 64850 62325 60175
60300 62675 64825 62300 60200
60400 62675 64825 62275 60225
60500 62675 64825 62275 60225
60600 62675 64825 62300 60200
60700 62675 64825 62300 60200
60800 62675 64825 62300 60200
60900 62650 64875 62275 60200
61000 62675 64875 62250 60200
61100 62675 64875 62250 60200
61200 62675 64875 62275 60175
61300 62700 64875 62225 60200
61400 62725 64875 62200 60200
61500 62725 64900 62175 60200
61600 62775 64900 62125 60200
61700 62825 64900 62100 60175
61800 62800 64925 62100 60175
61900 62800 64925 62100 60175
62000 62800 64950 62100 60150
62100 62825 64900 62100 60175
62200 62825 64900 62075 60200
62300 62825 64900 62075 60200
62400 62850 64900 62050 60200
62500 62850 64900 62050 60200
62600 62875 64900 62025 60200
62700 62875 64900 62025 60200
62800 62875 64900 62025 60200
62900 62875 64900 62025 60200
63000 62875 64900 62025 60200
63100 62875 64900 62000 60225
63200 62875 64900 62000 60225
63300 62875 64900 62000 60225
63400 62875 64900 62000 60225
63500 62875 64875 62000 60250
63600 62875 64850 62025 60250
63700 62875 64850 62025 60250
63800 62875 64850 62025 60250
63900 62875 64850 62000 60275
64000 62875 64875 61975 60275
64100 62875 64875 61975 60275
64200 62875 64875 61975 60275
64300 62875 64875 61975 60275
64400 62875 64875 61975 60275
64500 62875 64875 62000 60250
64600 62875 64875 62000 60250
64700 62875 64850 62000 60275
64800 62875 64825 62000 60300
64900 62850 64825 62025 60300
65000 62875 64800 62025 60300
65100 62875 64800 62025 60300
65200 62900 64800 62025 60275
65300 62900 64800 62025 60275
65400 62875 64800 62050 60275
65500 62900 64775 62050 60275
65600 62900 64775 62025 60300
65700 62900 64750 62025 60325
65800 62900 64750 62000 60350
65900 62900 64750 62000 60350
66000 62900 64750 62000 60350
66100 62900 64750 62000 60350
66200 62900 64750 62000 60350
66300 62900 64750 62000 60350
66400 62900 64750 61975 60375
66500 62900 64750 62000 60350
66600 62900 64750 62000 60350
66700 62900 64750 61975 60375
66800 62900 64775 61975 60350
66900 62900 64775 61975 60350
67000 62875 64825 61975 60325
67100 62875 64775 62000 60350
67200 62900 64750 62000 60350
67300 62900 64750 61975 60375
67400 62900 64750 61975 60375
67500 62875 64775 61975 60375
67600 62875 64750 61975 60400
67700 62900 64725 61975 60400
67800 62875 64725 61975 60425
67900 62875 64700 62000 60425
68000 62875 64700 62000 60425
68100 62875 64700 62000 60425
68200 62875 64675 62000 60450
68300 62875 64675 62000 60450
68400 62875 64700 61975 60450
68500 62875 64700 61975 60450
68600 62875 64700 61950 60475
68700 62900 64675 61950 60475
68800 62900 64700 61925 60475
68900 62900 64725 61925 60450
69000 62900 64725 61925 60450
69100 62925 64700 61925 60450
69200 62925 64700 61925 60450
69300 62925 64700 61925 60450
69400 62925 64700 61950 60425
69500 62925 64675 61975 60425
69600 62925 64650 61975 60450
69700 62925 64650 61975 60450
69800 62925 64650 61975 60450
69900 62925 64650 61975 60450
70000 62925 64650 61950 60475
70100 62925 64650 61950 60475
70200 62925 64650 61950 60475
70300 62950 64650 61950 60450
70400 62950 64650 61950 60450
70500 62950 64650 61950 60450
70600 62950 64675 61950 60425
70700 62950 64650 61975 60425
70800 62950 64675 61975 60400
70900 62950 64700 61975 60375
71000 62950 64675 62000 60375
71100 62950 64675 62000 60375
71200 62950 64675 62000 60375
71300 62950 64675 62000 60375
71400 62950 64675 61975 60400
71500 62950 64675 61975 60400
71600 62925 64700 61975 60400
71700 62925 64700 62000 60375
71800 62925 64700 62000 60375
71900 62925 64700 62000 60375
72000 62925 64700 62000 60375
72100 62925 64700 62000 60375
72200 62925 64700 62000 60375
72300 62925 64700 62000 60375
72400 62900 64725 62000 60375
72500 62900 64725 62000 60375
72600 62900 64725 62025 60350
72700 62900 64725 62025 60350
72800 62900 64725 62025 60350
72900 62900 64725 62000 60375
73000 62900 64725 62000 60375
73100 62900 64725 62000 60375
73200 62900 64725 62000 60375
73300 62900 64725 62000 60375
73400 62900 64725 62025 60350
73500 62900 64750 62025 60325
73600 62875 64750 62050 60325
73700 62875 64750 62050 60325
73800 62875 64775 62050 60300
73900 62875 64775 62050 60300
74000 62875 64775 62075 60275
74100 62875 64775 62075 60275
74200 62875 64750 62100 60275
74300 62875 64750 62100 60275
74400 62875 64725 62125 60275
74500 62875 64725 62125 60275
74600 62875 64725 62125 60275
74700 62875 64725 62125 60275
74800 62875 64725 62100 60300
74900 62875 64725 62125 60275
75000 62875 64725 62125 60275
75100 62875 64750 62125 60250
75200 62875 64775 62100 60250
75300 62875 64800 62125 60200
75400 62850 64825 62150 60175
75500 62850 64825 62175 60150
75600 62850 64825 62175 60150
75700 62875 64800 62175 60150
75800 62875 64800 62175 60150
75900 62875 64800 62175 60150
76000 62875 64800 62175 60150
76100 62875 64825 62175 60125
76200 62875 64825 62150 60150
76300 62875 64825 62150 60150
76400 62875 64825 62150 60150
76500 62875 64825 62150 60150
76600 62875 64850 62150 60125
76700 62875 64850 62150 60125
76800 62875 64850 62150 60125
76900 62875 64850 62150 60125
77000 62875 64900 62125 60100
77100 62875 64900 62125 60100
77200 62875 64900 62125 60100
77300 62875 64875 62150 60100
77400 62850 64875 62175 60100
77500 62850 64875 62175 60100
77600 62850 64900 62175 60075
77700 62850 64900 62175 60075
77800 62850 64925 62175 60050
77900 62825 64950 62175 60050
78000 62825 64950 62175 60050
78100 62825 64950 62150 60075
78200 62825 64950 62150 60075
78300 62825 64975 62150 60050
78400 62825 65000 62150 60025
78500 62825 65000 62150 60025
78600 62800 65025 62150 60025
78700 62825 64975 62175 60025
78800 62825 65000 62175 60000
78900 62825 65025 62175 59975
79000 62825 65025 62175 59975
79100 62825 65025 62175 59975
79200 62825 65075 62175 59925
79300 62825 65075 62175 59925
79400 62825 65150 62175 59850
79500 62825 65150 62175 59850
79600 62825 65150 62175 59850
79700 62825 65150 62175 59850
79800 62825 65150 62175 59850
79900 62825 65150 62175 59850
80000 62825 65150 62175 59850
80100 62825 65150 62175 59850
80200 62825 65150 62175 59850
80300 62825 65150 62150 59875
80400 62825 65150 62150 59875
80500 62825 65150 62150 59875
80600 62825 65150 62150 59875
80700 62825 65150 62150 59875
80800 62800 65150 62175 59875
80900 62800 65150 62175 59875
81000 62800 65150 62175 59875
81100 62800 65150 62175 59875
81200 62800 65150 62175 59875
81300 62775 65175 62175 59875
81400 62775 65175 62175 59875
81500 62775 65175 62175 59875
81600 62775 65175 62175 59875
81700 62775 65175 62175 59875
81800 62775 65175 62175 59875
81900 62775 65175 62175 59875
82000 62800 65150 62175 59875
82100 62800 65150 62175 59875
82200 62800 65150 62175 59875
82300 62800 65150 62175 59875
82400 62800 65150 62175 59875
82500 62800 65150 62175 59875
82600 62800 65150 62175 59875
82700 62800 65175 62150 59875
82800 62800 65175 62125 59900
82900 62800 65175 62100 59925
83000 62825 65150 62100 59925
83100 62825 65150 62100 59925
83200 62825 65150 62100 59925
83300 62800 65175 62100 59925
83400 62800 65175 62100 59925
83500 62800 65175 62100 59925
83600 62800 65175 62100 59925
83700 62775 65175 62125 59925
83800 62775 65175 62125 59925
83900 62775 65175 62125 59925
84000 62775 65175 62125 59925
84100 62775 65175 62125 59925
84200 62775 65125 62175 59925
84300 62775 65125 62175 59925
84400 62775 65125 62175 59925
84500 62775 65125 62175 59925
84600 62775 65150 62150 59925
84700 62750 65150 62175 59925
84800 62750 65175 62175 59900
84900 62750 65175 62175 59900
85000 62750 65175 62175 59900
85100 62750 65175 62175 59900
85200 62725 65200 62175 59900
85300 62725 65200 62175 59900
85400 62725 65200 62175 59900
85500 62725 65200 62175 59900
85600 62700 65225 62175 59900
85700 62700 65225 62175 59900
85800 62675 65250 62175 59900
85900 62675 65250 62175 59900
86000 62675 65250 62175 59900
86100 62675 65250 62175 59900
86200 62625 65275 62175 59925
86300 62625 65275 62175 59925
86400 62650 65275 62125 59950
86500 62650 65275 62125 59950
86600 62650 65275 62125 59950
86700 62650 65275 62125 59950
86800 62650 65275 62125 59950
86900 62650 65275 62125 59950
87000 62650 65275 62125 59950
87100 62650 65275 62125 59950
87200 62675 65250 62125 59950
87300 62675 65250 62125 59950
87400 62675 65250 62125 59950
87500 62675 65250 62125 59950
87600 62675 65250 62125 59950
87700 62675 65250 62125 59950
87800 62675 65250 62125 59950
87900 62675 65250 62125 59950
88000 62675 65250 62125 59950
88100 62675 65250 62125 59950
88200 62675 65250 62125 59950
88300 62650 65250 62150 59950
88400 62650 65250 62150 59950
88500 62650 65250 62150 59950
88600 62650 65250 62150 59950
88700 62650 65250 62150 59950
88800 62650 65250 62150 59950
88900 62625 65250 62175 59950
89000 62625 65250 62175 59950
89100 62625 65250 62175 59950
89200 62625 65250 62175 59950
89300 62650 65225 62175 59950
89400 62650 65225 62175 59950
89500 62650 65225 62175 59950
89600 62650 65225 62175 59950
89700 62650 65225 62175 59950
89800 62650 65225 62175 59950
89900 62650 65225 62175 59950
90000 62650 65225 62175 59950
90100 62625 65225 62200 59950
90200 62650 65225 62200 59925
90300 62625 65225 62200 59950
90400 62625 65225 62200 59950
90500 62625 65225 62200 59950
90600 62600 65225 62200 59975
90700 62625 65200 62200 59975
90800 62625 65200 62200 59975
90900 62625 65200 62175 60000
91000 62625 65200 62175 60000
91100 62625 65200 62175 60000
91200 62625 65200 62175 60000
91300 62625 65200 62200 59975
91400 62625 65200 62200 59975
91500 62625 65200 62175 60000
91600 62625 65200 62175 60000
91700 62625 65175 62175 60025
91800 62625 65175 62175 60025
91900 62625 65175 62200 60000
92000 62625 65175 62200 60000
92100 62625 65150 62225 60000
92200 62625 65150 62225 60000
92300 62625 65150 62225 60000
92400 62625 65150 62250 59975
92500 62625 65150 62250 59975
92600 62625 65150 62250 59975
92700 62600 65150 62275 59975
92800 62600 65150 62275 59975
92900 62625 65125 62300 59950
93000 62625 65125 62300 59950
93100 62625 65125 62300 59950
93200 62625 65125 62300 59950
93300 62625 65125 62300 59950
93400 62625 65125 62325 59925
93500 62600 65125 62325 59950
93600 62600 65125 62325 59950
93700 62600 65125 62325 59950
93800 62575 65125 62375 59925
93900 62575 65125 62375 59925
94000 62575 65125 62375 59925
94100 62625 65075 62375 59925
94200 62625 65075 62400 59900
94300 62625 65075 62400 59900
94400 62650 65050 62400 59900
94500 62650 65050 62400 59900
94600 62625 65075 62425 59875
94700 62625 65075 62425 59875
94800 62625 65075 62425 59875
94900 62625 65075 62425 59875
95000 62625 65075 62450 59850
95100 62625 65075 62450 59850
95200 62625 65075 62450 59850
95300 62625 65075 62475 59825
95400 62600 65075 62500 59825
95500 62600 65075 62500 59825
95600 62600 65050 62550 59800
95700 62600 65050 62550 59800
95800 62600 65050 62575 59775
95900 62600 65050 62575 59775
96000 62575 65050 62600 59775
96100 62575 65050 62600 59775
96200 62575 65050 62600 59775
96300 62575 65050 62600 59775
96400 62575 65050 62600 59775
96500 62550 65050 62625 59775
96600 62550 65050 62625 59775
96700 62550 65075 62600 59775
96800 62550 65075 62600 59775
96900 62550 65075 62600 59775
97000 62550 65075 62600 59775
97100 62550 65075 62575 59800
97200 62550 65075 62575 59800
97300 62550 65075 62575 59800
97400 62550 65075 62575 59800
97500 62525 65075 62575 59825
97600 62525 65075 62575 59825
97700 62525 65075 62575 59825
97800 62525 65075 62575 59825
97900 62525 65075 62575 59825
98000 62525 65075 62575 59825
98100 62525 65075 62575 59825
98200 62525 65075 62575 59825
98300 62525 65075 62575 59825
98400 62525 65100 62550 59825
98500 62525 65100 62550 59825
98600 62525 65100 62550 59825
98700 62525 65100 62550 59825
98800 62525 65100 62550 59825
98900 62525 65100 62550 59825
99000 62525 65100 62550 59825
99100 62500 65125 62550 59825
99200 62500 65125 62550 59825
99300 62500 65125 62550 59825
99400 62500 65125 62550 59825
99500 62500 65125 62550 59825
99600 62500 65125 62550 59825
99700 62500 65125 62550 59825
99800 62500 65125 62550 59825
99900 62500 65125 62550 59825
100000 62500 65125 62550 59825
