Generated using generate_polycrystal_data.py with N = 10, iso_energy = 1.7, iso_mobility = 1e-07, iso_q = 1.2
seed = 0, fraction = 0.3 (3 values changed), and generating anisotropic values in mobility
1.7 1.7 1.7 1.7 1.7 1.7 1.7 1.7 1.7 1.7 
1.7 1.7 1.7 1.7 1.7 1.7 1.7 1.7 1.7 1.7 
1.7 1.7 1.7 1.7 1.7 1.7 1.7 1.7 1.7 1.7 
1.7 1.7 1.7 1.7 1.7 1.7 1.7 1.7 1.7 1.7 
1.7 1.7 1.7 1.7 1.7 1.7 1.7 1.7 1.7 1.7 
1.7 1.7 1.7 1.7 1.7 1.7 1.7 1.7 1.7 1.7 
1.7 1.7 1.7 1.7 1.7 1.7 1.7 1.7 1.7 1.7 
1.7 1.7 1.7 1.7 1.7 1.7 1.7 1.7 1.7 1.7 
1.7 1.7 1.7 1.7 1.7 1.7 1.7 1.7 1.7 1.7 
1.7 1.7 1.7 1.7 1.7 1.7 1.7 1.7 1.7 1.7 
1e-07 1e-07 1e-07 1e-05 1e-07 1e-07 1e-07 1e-07 1e-07 1e-07 
1e-07 1e-07 1e-07 1e-07 1e-07 1e-07 1e-07 1e-07 1e-07 1e-07 
1e-07 1e-07 1e-07 1e-07 1e-07 1e-07 1e-07 1e-07 1e-07 1e-07 
1e-05 1e-07 1e-07 1e-07 1e-05 1e-07 1e-05 1e-07 1e-07 1e-07 
1e-07 1e-07 1e-07 1e-05 1e-07 1e-07 1e-07 1e-07 1e-07 1e-07 
1e-07 1e-07 1e-07 1e-07 1e-07 1e-07 1e-07 1e-07 1e-07 1e-07 
1e-07 1e-07 1e-07 1e-05 1e-07 1e-07 1e-07 1e-07 1e-07 1e-07 
1e-07 1e-07 1e-07 1e-07 1e-07 1e-07 1e-07 1e-07 1e-07 1e-07 
1e-07 1e-07 1e-07 1e-07 1e-07 1e-07 1e-07 1e-07 1e-07 1e-07 
1e-07 1e-07 1e-07 1e-07 1e-07 1e-07 1e-07 1e-07 1e-07 1e-07 
1.2 1.2 1.2 1.2 1.2 1.2 1.2 1.2 1.2 1.2 
1.2 1.2 1.2 1.2 1.2 1.2 1.2 1.2 1.2 1.2 
1.2 1.2 1.2 1.2 1.2 1.2 1.2 1.2 1.2 1.2 
1.2 1.2 1.2 1.2 1.2 1.2 1.2 1.2 1.2 1.2 
1.2 1.2 1.2 1.2 1.2 1.2 1.2 1.2 1.2 1.2 
1.2 1.2 1.2 1.2 1.2 1.2 1.2 1.2 1.2 1.2 
1.2 1.2 1.2 1.2 1.2 1.2 1.2 1.2 1.2 1.2 
1.2 1.2 1.2 1.2 1.2 1.2 1.2 1.2 1.2 1.2 
1.2 1.2 1.2 1.2 1.2 1.2 1.2 1.2 1.2 1.2 
1.2 1.2 1.2 1.2 1.2 1.2 1.2 1.2 1.2 1.2 
