# gr0gr1_gb gr0gr2_gb gr0gr3_gb gr1gr2_gb gr1gr3_gb gr2gr3_gb total (total2 if different)
590 1745 1500 600 1170 1460 6520 7065
590 1770 1490 590 1160 1445 6485 7045
580 1775 1495 590 1105 1480 6475 7025
570 1785 1515 575 1110 1490 6500 7045
560 1795 1525 570 1110 1475 6515 7035
565 1805 1500 575 1125 1465 6510 7035
560 1805 1505 570 1105 1460 6450 7005
555 1805 1495 560 1125 1440 6445 6980
560 1805 1495 570 1125 1460 6460 7015
545 1805 1500 555 1145 1470 6455 7020
550 1815 1490 565 1150 1475 6505 7045
540 1815 1485 550 1205 1490 6610 7085
560 1825 1510 555 1210 1495 6600 7155
545 1825 1540 550 1190 1485 6585 7135
555 1825 1540 565 1170 1475 6580 7130
545 1825 1525 550 1150 1465 6535 7060
540 1825 1525 540 1130 1460 6485 7020
550 1825 1525 550 1100 1455 6465 7005
540 1825 1520 540 1050 1450 6405 6925
530 1830 1490 535 1030 1465 6365 6880
535 1830 1490 540 1030 1465 6385 6890
535 1830 1500 545 1030 1475 6385 6915
535 1825 1500 555 1030 1505 6415 6950
535 1825 1505 540 1025 1515 6425 6945
545 1835 1525 545 1030 1515 6430 6995
555 1840 1545 560 1025 1500 6455 7025
535 1840 1550 550 1025 1495 6450 6995
540 1840 1540 545 1025 1495 6440 6985
535 1840 1540 540 1020 1490 6420 6965
545 1850 1530 545 1015 1470 6420 6955
545 1850 1530 550 1025 1465 6390 6965
550 1845 1525 550 1035 1465 6395 6970
555 1845 1520 560 1045 1455 6390 6980
555 1840 1510 565 1055 1450 6375 6975
550 1835 1485 565 1065 1445 6365 6945
550 1830 1495 565 1085 1455 6400 6980
565 1830 1500 560 1105 1460 6415 7020
565 1830 1505 565 1140 1480 6490 7085
565 1830 1510 565 1175 1485 6525 7130
565 1830 1525 570 1250 1515 6625 7255
565 1830 1535 565 1280 1535 6670 7310
565 1830 1540 560 1270 1535 6675 7300
570 1830 1550 560 1265 1530 6680 7305
570 1830 1575 560 1265 1535 6720 7335
560 1830 1575 550 1265 1550 6725 7330
560 1830 1570 550 1260 1545 6730 7315
560 1830 1570 555 1260 1545 6715 7320
550 1830 1560 560 1260 1550 6710 7310
545 1830 1555 560 1260 1555 6710 7305
555 1830 1545 560 1255 1545 6685 7290
555 1830 1525 555 1250 1545 6680 7260
560 1830 1525 550 1250 1550 6685 7265
555 1830 1520 550 1250 1540 6665 7245
560 1830 1515 555 1245 1525 6670 7230
560 1830 1510 555 1240 1530 6670 7225
555 1830 1510 560 1240 1525 6665 7220
560 1830 1500 560 1235 1515 6645 7200
560 1830 1490 560 1235 1520 6630 7195
560 1830 1485 560 1230 1510 6625 7175
565 1830 1475 570 1225 1510 6615 7175
560 1830 1460 565 1225 1500 6580 7140
560 1830 1460 560 1220 1495 6565 7125
560 1830 1450 560 1215 1495 6565 7110
560 1830 1455 560 1215 1495 6565 7115
565 1830 1465 560 1215 1495 6575 7130
560 1830 1460 560 1210 1490 6590 7110
560 1835 1470 560 1205 1485 6600 7115
560 1835 1475 560 1200 1485 6605 7115
560 1835 1475 560 1200 1490 6620 7120
560 1840 1495 560 1200 1480 6615 7135
565 1845 1495 555 1195 1490 6620 7145
565 1840 1500 565 1195 1490 6630 7155
565 1840 1500 570 1195 1490 6615 7160
560 1840 1510 565 1195 1490 6620 7160
560 1840 1515 565 1195 1485 6620 7160
555 1840 1515 560 1195 1490 6630 7155
550 1840 1520 555 1195 1495 6630 7155
550 1840 1525 545 1195 1495 6625 7150
550 1840 1535 540 1195 1500 6635 7160
550 1845 1545 535 1195 1510 6645 7180
555 1845 1545 535 1200 1510 6640 7190
550 1845 1545 530 1200 1510 6635 7180
550 1845 1545 530 1200 1510 6635 7180
550 1845 1550 535 1200 1505 6645 7185
550 1845 1550 540 1200 1500 6640 7185
555 1845 1555 540 1200 1500 6650 7195
550 1845 1555 540 1200 1500 6650 7190
560 1840 1560 540 1200 1495 6650 7195
560 1840 1560 540 1200 1495 6645 7195
560 1840 1560 540 1210 1500 6640 7210
560 1840 1565 540 1210 1505 6650 7220
565 1830 1565 540 1210 1495 6660 7205
565 1830 1565 540 1210 1495 6660 7205
570 1830 1570 540 1210 1500 6670 7220
575 1830 1565 540 1215 1500 6665 7225
575 1830 1565 545 1220 1500 6665 7235
