# Step junction_position active_etas junction_neighbors junction_angles
500 (5.75472, 79.6698, 0)
 0 2 3 (193.457, 159.894, 0)
 (6.21951, 415.305, 0)
 (6.21951, 415.305, 0)
 66.7789 nan nan
---- (6.21951, 415.305, 0)
 0 2 3 (5.75472, 79.6698, 0)
 (296.92, 327.009, 0)
 (193.457, 159.894, 0)
 73.1839 36.8601 249.956
---- (193.457, 159.894, 0)
 0 1 3 (193.895, 338.256, 0)
 (193.895, 338.256, 0)
 (295.891, 166.683, 0)
 0 86.0672 273.933
---- (193.895, 338.256, 0)
 0 1 3 (239.449, 120.827, 0)
 (238.151, 380.294, 0)
 (5.75472, 79.6698, 0)
 121.695 169.567 68.7383
---- (239.449, 120.827, 0)
 0 1 2 (238.151, 380.294, 0)
 (193.457, 159.894, 0)
 (5.75472, 79.6698, 0)
 49.3676 50.3341 260.298
---- (238.151, 380.294, 0)
 0 1 2 (6.21951, 415.305, 0)
 (295.891, 166.683, 0)
 (295.891, 166.683, 0)
 113.71 nan nan
---- (295.891, 166.683, 0)
 1 2 3 (296.92, 327.009, 0)
 (239.449, 120.827, 0)
 (296.92, 327.009, 0)
 129.46 129.46 101.081
---- (296.92, 327.009, 0)
 1 2 3 (239.449, 120.827, 0)
 (238.151, 380.294, 0)
 (193.895, 338.256, 0)
 116.623 35.9684 207.408
600 (5.75472, 79.6698, 0)
 0 2 3 (193.194, 157.778, 0)
 (6.21951, 415.305, 0)
 (6.21951, 415.305, 0)
 67.2987 nan nan
---- (6.21951, 415.305, 0)
 0 2 3 (5.75472, 79.6698, 0)
 (296.835, 326.972, 0)
 (193.194, 157.778, 0)
 73.1727 37.1122 249.715
---- (193.194, 157.778, 0)
 0 1 3 (193.69, 338.75, 0)
 (193.69, 338.75, 0)
 (296.864, 166.364, 0)
 8.53774e-07 85.1085 274.891
---- (193.69, 338.75, 0)
 0 1 3 (239.764, 121.339, 0)
 (237.991, 376.325, 0)
 (5.75472, 79.6698, 0)
 118.339 166.261 75.4007
---- (239.764, 121.339, 0)
 0 1 2 (237.991, 376.325, 0)
 (193.194, 157.778, 0)
 (5.75472, 79.6698, 0)
 51.5596 48.1387 260.302
---- (237.991, 376.325, 0)
 0 1 2 (6.21951, 415.305, 0)
 (296.864, 166.364, 0)
 (296.864, 166.364, 0)
 115.21 0 244.79
---- (296.864, 166.364, 0)
 1 2 3 (296.835, 326.972, 0)
 (239.764, 121.339, 0)
 (296.835, 326.972, 0)
 128.247 128.247 103.507
---- (296.835, 326.972, 0)
 1 2 3 (239.764, 121.339, 0)
 (237.991, 376.325, 0)
 (193.69, 338.75, 0)
 114.475 33.4727 212.052
700 (5.75472, 79.6698, 0)
 0 2 3 (193.194, 157.778, 0)
 (6.21951, 415.305, 0)
 (6.21951, 415.305, 0)
 67.2987 nan nan
---- (6.21951, 415.305, 0)
 0 2 3 (5.75472, 79.6698, 0)
 (297.696, 327.217, 0)
 (193.194, 157.778, 0)
 73.2639 37.2034 249.533
---- (193.194, 157.778, 0)
 0 1 3 (193.69, 338.75, 0)
 (193.69, 338.75, 0)
 (297.027, 166.577, 0)
 8.53774e-07 84.9993 275.001
---- (193.69, 338.75, 0)
 0 1 3 (238.76, 125, 0)
 (238.625, 375.792, 0)
 (5.75472, 79.6698, 0)
 117.594 165.457 76.9488
---- (238.76, 125, 0)
 0 1 2 (238.625, 375.792, 0)
 (193.194, 157.778, 0)
 (5.75472, 79.6698, 0)
 54.2398 46.7384 259.022
---- (238.625, 375.792, 0)
 0 1 2 (6.21951, 415.305, 0)
 (297.027, 166.577, 0)
 (297.027, 166.577, 0)
 115.246 0 244.754
---- (297.027, 166.577, 0)
 1 2 3 (297.696, 327.217, 0)
 (238.76, 125, 0)
 (297.696, 327.217, 0)
 125.748 125.748 108.503
---- (297.696, 327.217, 0)
 1 2 3 (238.76, 125, 0)
 (238.625, 375.792, 0)
 (193.69, 338.75, 0)
 113.182 33.1033 213.714
800 (5.75472, 79.6698, 0)
 0 2 3 (193.194, 157.778, 0)
 (6.21951, 415.305, 0)
 (6.21951, 415.305, 0)
 67.2987 nan nan
---- (6.21951, 415.305, 0)
 0 2 3 (5.75472, 79.6698, 0)
 (297.763, 327.149, 0)
 (193.194, 157.778, 0)
 73.2553 37.1948 249.55
---- (193.194, 157.778, 0)
 0 1 3 (193.69, 338.75, 0)
 (193.69, 338.75, 0)
 (297.027, 166.577, 0)
 8.53774e-07 84.9993 275.001
---- (193.69, 338.75, 0)
 0 1 3 (239.24, 125.32, 0)
 (238.034, 375.214, 0)
 (5.75472, 79.6698, 0)
 117.383 165.387 77.2295
---- (239.24, 125.32, 0)
 0 1 2 (238.034, 375.214, 0)
 (193.194, 157.778, 0)
 (5.75472, 79.6698, 0)
 54.5433 46.2429 259.214
---- (238.034, 375.214, 0)
 0 1 2 (6.21951, 415.305, 0)
 (297.027, 166.577, 0)
 (297.027, 166.577, 0)
 115.6 0 244.4
---- (297.027, 166.577, 0)
 1 2 3 (297.763, 327.149, 0)
 (239.24, 125.32, 0)
 (297.763, 327.149, 0)
 125.787 125.787 108.425
---- (297.763, 327.149, 0)
 1 2 3 (239.24, 125.32, 0)
 (238.034, 375.214, 0)
 (193.69, 338.75, 0)
 112.654 32.4636 214.883
900 (5.75472, 79.6698, 0)
 0 2 3 (193.194, 157.778, 0)
 (6.21951, 415.305, 0)
 (6.21951, 415.305, 0)
 67.2987 nan nan
---- (6.21951, 415.305, 0)
 0 2 3 (5.75472, 79.6698, 0)
 (297.913, 326.913, 0)
 (193.194, 157.778, 0)
 73.221 37.1605 249.619
---- (193.194, 157.778, 0)
 0 1 3 (193.69, 338.75, 0)
 (193.69, 338.75, 0)
 (296.92, 166.518, 0)
 8.53774e-07 85.0265 274.974
---- (193.69, 338.75, 0)
 0 1 3 (238.926, 125.744, 0)
 (237.92, 372.345, 0)
 (5.75472, 79.6698, 0)
 115.229 163.176 81.595
---- (238.926, 125.744, 0)
 0 1 2 (237.92, 372.345, 0)
 (193.194, 157.778, 0)
 (5.75472, 79.6698, 0)
 54.7558 46.1882 259.056
---- (237.92, 372.345, 0)
 0 1 2 (6.21951, 415.305, 0)
 (296.92, 166.518, 0)
 (296.92, 166.518, 0)
 116.499 0 243.501
---- (296.92, 166.518, 0)
 1 2 3 (297.913, 326.913, 0)
 (238.926, 125.744, 0)
 (297.913, 326.913, 0)
 125.465 125.465 109.07
---- (297.913, 326.913, 0)
 1 2 3 (238.926, 125.744, 0)
 (237.92, 372.345, 0)
 (193.69, 338.75, 0)
 110.794 30.6569 218.549
1000 (6.06796, 79.2233, 0)
 0 2 3 (193.194, 157.778, 0)
 (6.64557, 415.696, 0)
 (6.64557, 415.696, 0)
 67.1293 0 292.871
---- (6.64557, 415.696, 0)
 0 2 3 (6.06796, 79.2233, 0)
 (297.913, 326.913, 0)
 (193.194, 157.778, 0)
 73.1463 37.1702 249.684
---- (193.194, 157.778, 0)
 0 1 3 (193.69, 338.75, 0)
 (193.69, 338.75, 0)
 (296.92, 166.518, 0)
 8.53774e-07 85.0265 274.974
---- (193.69, 338.75, 0)
 0 1 3 (239.646, 126.102, 0)
 (238.19, 371.466, 0)
 (6.06796, 79.2233, 0)
 114.128 162.188 83.6837
---- (239.646, 126.102, 0)
 0 1 2 (238.19, 371.466, 0)
 (193.194, 157.778, 0)
 (6.06796, 79.2233, 0)
 55.3697 45.6388 258.992
---- (238.19, 371.466, 0)
 0 1 2 (6.64557, 415.696, 0)
 (296.92, 166.518, 0)
 (296.92, 166.518, 0)
 116.805 0 243.195
---- (296.92, 166.518, 0)
 1 2 3 (297.913, 326.913, 0)
 (239.646, 126.102, 0)
 (297.913, 326.913, 0)
 125.564 125.564 108.873
---- (297.913, 326.913, 0)
 1 2 3 (239.646, 126.102, 0)
 (238.19, 371.466, 0)
 (193.69, 338.75, 0)
 110.542 30.2427 219.216
1100 (5.65217, 76.4348, 0)
 0 2 3 (193.194, 157.778, 0)
 (6.5625, 415.75, 0)
 (6.5625, 415.75, 0)
 66.3984 0 293.602
---- (6.5625, 415.75, 0)
 0 2 3 (5.65217, 76.4348, 0)
 (297.845, 326.983, 0)
 (193.194, 157.778, 0)
 73.2053 37.1674 249.627
---- (193.194, 157.778, 0)
 0 1 3 (193.675, 338.735, 0)
 (193.675, 338.735, 0)
 (297.136, 167, 0)
 nan 84.7777 nan
---- (193.675, 338.735, 0)
 0 1 3 (239.764, 126.339, 0)
 (238.333, 371.239, 0)
 (5.65217, 76.4348, 0)
 113.806 161.682 84.512
---- (239.764, 126.339, 0)
 0 1 2 (238.333, 371.239, 0)
 (193.194, 157.778, 0)
 (5.65217, 76.4348, 0)
 55.6419 46.0567 258.301
---- (238.333, 371.239, 0)
 0 1 2 (6.5625, 415.75, 0)
 (297.136, 167, 0)
 (297.136, 167, 0)
 116.933 0 243.067
---- (297.136, 167, 0)
 1 2 3 (297.845, 326.983, 0)
 (239.764, 126.339, 0)
 (297.845, 326.983, 0)
 125.58 125.58 108.84
---- (297.845, 326.983, 0)
 1 2 3 (239.764, 126.339, 0)
 (238.333, 371.239, 0)
 (193.675, 338.735, 0)
 110.493 30.2001 219.307
1200 (5.65217, 76.4348, 0)
 0 2 3 (193.194, 157.778, 0)
 (6.32911, 416.076, 0)
 (6.32911, 416.076, 0)
 66.4379 0 293.562
---- (6.32911, 416.076, 0)
 0 2 3 (5.65217, 76.4348, 0)
 (297.845, 326.983, 0)
 (193.194, 157.778, 0)
 73.12 37.122 249.758
---- (193.194, 157.778, 0)
 0 1 3 (193.675, 338.735, 0)
 (193.675, 338.735, 0)
 (297.136, 167, 0)
 nan 84.7777 nan
---- (193.675, 338.735, 0)
 0 1 3 (238.729, 129.364, 0)
 (238.529, 371.05, 0)
 (5.65217, 76.4348, 0)
 113.627 161.405 84.9688
---- (238.729, 129.364, 0)
 0 1 2 (238.529, 371.05, 0)
 (193.194, 157.778, 0)
 (5.65217, 76.4348, 0)
 57.9886 44.7585 257.253
---- (238.529, 371.05, 0)
 0 1 2 (6.32911, 416.076, 0)
 (297.136, 167, 0)
 (297.136, 167, 0)
 116.999 nan nan
---- (297.136, 167, 0)
 1 2 3 (297.845, 326.983, 0)
 (238.729, 129.364, 0)
 (297.845, 326.983, 0)
 123.05 123.05 113.9
---- (297.845, 326.983, 0)
 1 2 3 (238.729, 129.364, 0)
 (238.529, 371.05, 0)
 (193.675, 338.735, 0)
 109.956 30.1733 219.871
1300 (5.48246, 76.0088, 0)
 0 2 3 (193.532, 157.936, 0)
 (6.08974, 416.603, 0)
 (6.08974, 416.603, 0)
 66.3567 8.53774e-07 293.643
---- (6.08974, 416.603, 0)
 0 2 3 (5.48246, 76.0088, 0)
 (297.845, 326.983, 0)
 (193.532, 157.936, 0)
 73.0265 36.9955 249.978
---- (193.532, 157.936, 0)
 0 1 3 (193.675, 338.735, 0)
 (193.675, 338.735, 0)
 (296.927, 167.202, 0)
 nan 84.8337 nan
---- (193.675, 338.735, 0)
 0 1 3 (238.833, 129.625, 0)
 (238.136, 370.636, 0)
 (5.48246, 76.0088, 0)
 113.473 161.274 85.2532
---- (238.833, 129.625, 0)
 0 1 2 (238.136, 370.636, 0)
 (193.532, 157.936, 0)
 (5.48246, 76.0088, 0)
 57.831 44.9432 257.226
---- (238.136, 370.636, 0)
 0 1 2 (6.08974, 416.603, 0)
 (296.927, 167.202, 0)
 (296.927, 167.202, 0)
 117.324 0 242.676
---- (296.927, 167.202, 0)
 1 2 3 (297.845, 326.983, 0)
 (238.833, 129.625, 0)
 (297.845, 326.983, 0)
 123.226 123.226 113.549
---- (297.845, 326.983, 0)
 1 2 3 (238.833, 129.625, 0)
 (238.136, 370.636, 0)
 (193.675, 338.735, 0)
 109.523 29.7334 220.743
1400 (5.48246, 76.0088, 0)
 0 2 3 (193.455, 158.091, 0)
 (6.08974, 416.603, 0)
 (6.08974, 416.603, 0)
 66.3083 8.53774e-07 293.692
---- (6.08974, 416.603, 0)
 0 2 3 (5.48246, 76.0088, 0)
 (297.845, 326.983, 0)
 (193.455, 158.091, 0)
 73.0265 36.9904 249.983
---- (193.455, 158.091, 0)
 0 1 3 (193.537, 338.598, 0)
 (193.537, 338.598, 0)
 (296.927, 167.202, 0)
 nan 84.9419 nan
---- (193.537, 338.598, 0)
 0 1 3 (238.76, 130, 0)
 (238.174, 370.652, 0)
 (5.48246, 76.0088, 0)
 113.45 161.291 85.2587
---- (238.76, 130, 0)
 0 1 2 (238.174, 370.652, 0)
 (193.455, 158.091, 0)
 (5.48246, 76.0088, 0)
 58.0603 44.8315 257.108
---- (238.174, 370.652, 0)
 0 1 2 (6.08974, 416.603, 0)
 (296.927, 167.202, 0)
 (296.927, 167.202, 0)
 117.307 0 242.693
---- (296.927, 167.202, 0)
 1 2 3 (297.845, 326.983, 0)
 (238.76, 130, 0)
 (297.845, 326.983, 0)
 122.931 122.931 114.137
---- (297.845, 326.983, 0)
 1 2 3 (238.76, 130, 0)
 (238.174, 370.652, 0)
 (193.537, 338.598, 0)
 109.502 29.8443 220.654
1500 (5.58036, 75.6696, 0)
 0 2 3 (193.194, 158.148, 0)
 (5.96591, 419.375, 0)
 (5.96591, 419.375, 0)
 66.2046 0 293.795
---- (5.96591, 419.375, 0)
 0 2 3 (5.58036, 75.6696, 0)
 (297.845, 326.983, 0)
 (193.194, 158.148, 0)
 72.4995 36.805 250.696
---- (193.194, 158.148, 0)
 0 1 3 (193.537, 338.598, 0)
 (193.537, 338.598, 0)
 (297.321, 170.089, 0)
 nan 83.3493 nan
---- (193.537, 338.598, 0)
 0 1 3 (239.24, 130.32, 0)
 (237.991, 367.723, 0)
 (5.58036, 75.6696, 0)
 110.855 158.791 90.3532
---- (239.24, 130.32, 0)
 0 1 2 (237.991, 367.723, 0)
 (193.194, 158.148, 0)
 (5.58036, 75.6696, 0)
 58.5514 44.3113 257.137
---- (237.991, 367.723, 0)
 0 1 2 (5.96591, 419.375, 0)
 (297.321, 170.089, 0)
 (297.321, 170.089, 0)
 119.26 0 240.74
---- (297.321, 170.089, 0)
 1 2 3 (297.845, 326.983, 0)
 (239.24, 130.32, 0)
 (297.845, 326.983, 0)
 124.591 124.591 110.818
---- (297.845, 326.983, 0)
 1 2 3 (239.24, 130.32, 0)
 (237.991, 367.723, 0)
 (193.537, 338.598, 0)
 107.648 27.8881 224.464
1600 (5.59091, 75.4091, 0)
 0 2 3 (193.194, 158.148, 0)
 (5.96591, 419.375, 0)
 (5.96591, 419.375, 0)
 66.1385 0 293.861
---- (5.96591, 419.375, 0)
 0 2 3 (5.59091, 75.4091, 0)
 (297.845, 326.983, 0)
 (193.194, 158.148, 0)
 72.4976 36.805 250.697
---- (193.194, 158.148, 0)
 0 1 3 (193.457, 338.642, 0)
 (193.457, 338.642, 0)
 (297.321, 170.089, 0)
 8.53774e-07 83.3747 276.625
---- (193.457, 338.642, 0)
 0 1 3 (238.811, 130.82, 0)
 (238.64, 367.807, 0)
 (5.59091, 75.4091, 0)
 110.53 158.356 91.1133
---- (238.811, 130.82, 0)
 0 1 2 (238.64, 367.807, 0)
 (193.194, 158.148, 0)
 (5.59091, 75.4091, 0)
 59.0334 44.2902 256.676
---- (238.64, 367.807, 0)
 0 1 2 (5.96591, 419.375, 0)
 (297.321, 170.089, 0)
 (297.321, 170.089, 0)
 119.027 0 240.973
---- (297.321, 170.089, 0)
 1 2 3 (297.845, 326.983, 0)
 (238.811, 130.82, 0)
 (297.845, 326.983, 0)
 124.059 124.059 111.882
---- (297.845, 326.983, 0)
 1 2 3 (238.811, 130.82, 0)
 (238.64, 367.807, 0)
 (193.457, 338.642, 0)
 107.839 28.2151 223.946
1700 (5.58559, 75.4505, 0)
 0 2 3 (193.194, 158.148, 0)
 (5.97701, 419.598, 0)
 (5.97701, 419.598, 0)
 66.147 nan nan
---- (5.97701, 419.598, 0)
 0 2 3 (5.58559, 75.4505, 0)
 (297.845, 326.983, 0)
 (193.194, 158.148, 0)
 72.46 36.7893 250.751
---- (193.194, 158.148, 0)
 0 1 3 (194.186, 338.081, 0)
 (194.186, 338.081, 0)
 (297.321, 170.089, 0)
 0 83.1422 276.858
---- (194.186, 338.081, 0)
 0 1 3 (239.365, 130.952, 0)
 (238.632, 367.094, 0)
 (5.58559, 75.4505, 0)
 110.83 158.818 90.3524
---- (239.365, 130.952, 0)
 0 1 2 (238.632, 367.094, 0)
 (193.194, 158.148, 0)
 (5.58559, 75.4505, 0)
 59.323 43.8547 256.822
---- (238.632, 367.094, 0)
 0 1 2 (5.97701, 419.598, 0)
 (297.321, 170.089, 0)
 (297.321, 170.089, 0)
 119.306 1.20742e-06 240.694
---- (297.321, 170.089, 0)
 1 2 3 (297.845, 326.983, 0)
 (239.365, 130.952, 0)
 (297.845, 326.983, 0)
 124.222 124.222 111.557
---- (297.845, 326.983, 0)
 1 2 3 (239.365, 130.952, 0)
 (238.632, 367.094, 0)
 (194.186, 338.081, 0)
 107.503 28.0029 224.494
1800 (5.58559, 75.4505, 0)
 0 2 3 (193.194, 158.148, 0)
 (5.97701, 419.598, 0)
 (5.97701, 419.598, 0)
 66.147 nan nan
---- (5.97701, 419.598, 0)
 0 2 3 (5.58559, 75.4505, 0)
 (297.457, 326.897, 0)
 (193.194, 158.148, 0)
 72.4226 36.752 250.825
---- (193.194, 158.148, 0)
 0 1 3 (194.08, 337.931, 0)
 (194.08, 337.931, 0)
 (297.168, 170, 0)
 nan 83.2146 nan
---- (194.08, 337.931, 0)
 0 1 3 (239.48, 130.88, 0)
 (238.421, 366.93, 0)
 (5.58559, 75.4505, 0)
 110.817 158.868 90.3147
---- (239.48, 130.88, 0)
 0 1 2 (238.421, 366.93, 0)
 (193.194, 158.148, 0)
 (5.58559, 75.4505, 0)
 59.2394 43.8359 256.925
---- (238.421, 366.93, 0)
 0 1 2 (5.97701, 419.598, 0)
 (297.168, 170, 0)
 (297.168, 170, 0)
 119.377 nan nan
---- (297.168, 170, 0)
 1 2 3 (297.457, 326.897, 0)
 (239.48, 130.88, 0)
 (297.457, 326.897, 0)
 124.248 124.248 111.504
---- (297.457, 326.897, 0)
 1 2 3 (239.48, 130.88, 0)
 (238.421, 366.93, 0)
 (194.08, 337.931, 0)
 107.665 28.0492 224.286
1900 (5.58559, 75.4505, 0)
 0 2 3 (193.5, 158.364, 0)
 (5.97701, 419.598, 0)
 (5.97701, 419.598, 0)
 66.1264 nan nan
---- (5.97701, 419.598, 0)
 0 2 3 (5.58559, 75.4505, 0)
 (297.457, 326.897, 0)
 (193.5, 158.364, 0)
 72.4226 36.6853 250.892
---- (193.5, 158.364, 0)
 0 1 3 (194.012, 337.849, 0)
 (194.012, 337.849, 0)
 (297.149, 170, 0)
 0 83.4311 276.569
---- (194.012, 337.849, 0)
 0 1 3 (239.646, 131.102, 0)
 (238.448, 366.638, 0)
 (5.58559, 75.4505, 0)
 110.491 158.62 90.8894
---- (239.646, 131.102, 0)
 0 1 2 (238.448, 366.638, 0)
 (193.5, 158.364, 0)
 (5.58559, 75.4505, 0)
 59.1356 43.9479 256.917
---- (238.448, 366.638, 0)
 0 1 2 (5.97701, 419.598, 0)
 (297.149, 170, 0)
 (297.149, 170, 0)
 119.455 1.20742e-06 240.545
---- (297.149, 170, 0)
 1 2 3 (297.457, 326.897, 0)
 (239.646, 131.102, 0)
 (297.457, 326.897, 0)
 124.188 124.188 111.623
---- (297.457, 326.897, 0)
 1 2 3 (239.646, 131.102, 0)
 (238.448, 366.638, 0)
 (194.012, 337.849, 0)
 107.51 27.916 224.574
2000 (5.58559, 75.4505, 0)
 0 2 3 (193.333, 158.426, 0)
 (5.97701, 419.598, 0)
 (5.97701, 419.598, 0)
 66.0917 nan nan
---- (5.97701, 419.598, 0)
 0 2 3 (5.58559, 75.4505, 0)
 (297.5, 326.491, 0)
 (193.333, 158.426, 0)
 72.3527 36.6331 251.014
---- (193.333, 158.426, 0)
 0 1 3 (194.012, 337.849, 0)
 (194.012, 337.849, 0)
 (296.955, 170.545, 0)
 0 83.1124 276.888
---- (194.012, 337.849, 0)
 0 1 3 (239.646, 131.102, 0)
 (238.448, 366.638, 0)
 (5.58559, 75.4505, 0)
 110.491 158.62 90.8894
---- (239.646, 131.102, 0)
 0 1 2 (238.448, 366.638, 0)
 (193.333, 158.426, 0)
 (5.58559, 75.4505, 0)
 59.1688 43.9147 256.917
---- (238.448, 366.638, 0)
 0 1 2 (5.97701, 419.598, 0)
 (296.955, 170.545, 0)
 (296.955, 170.545, 0)
 119.447 0 240.553
---- (296.955, 170.545, 0)
 1 2 3 (297.5, 326.491, 0)
 (239.646, 131.102, 0)
 (297.5, 326.491, 0)
 124.738 124.738 110.523
---- (297.5, 326.491, 0)
 1 2 3 (239.646, 131.102, 0)
 (238.448, 366.638, 0)
 (194.012, 337.849, 0)
 107.716 27.9471 224.337
2100 (5.58559, 75.4505, 0)
 0 2 3 (193.333, 158.426, 0)
 (5.97701, 419.598, 0)
 (5.97701, 419.598, 0)
 66.0917 nan nan
---- (5.97701, 419.598, 0)
 0 2 3 (5.58559, 75.4505, 0)
 (297.5, 326.491, 0)
 (193.333, 158.426, 0)
 72.3527 36.6331 251.014
---- (193.333, 158.426, 0)
 0 1 3 (194.012, 337.849, 0)
 (194.012, 337.849, 0)
 (296.955, 170.545, 0)
 0 83.1124 276.888
---- (194.012, 337.849, 0)
 0 1 3 (239.683, 131.071, 0)
 (238.761, 366.496, 0)
 (5.58559, 75.4505, 0)
 110.171 158.308 91.521
---- (239.683, 131.071, 0)
 0 1 2 (238.761, 366.496, 0)
 (193.333, 158.426, 0)
 (5.58559, 75.4505, 0)
 59.2273 43.9139 256.859
---- (238.761, 366.496, 0)
 0 1 2 (5.97701, 419.598, 0)
 (296.955, 170.545, 0)
 (296.955, 170.545, 0)
 119.391 0 240.609
---- (296.955, 170.545, 0)
 1 2 3 (297.5, 326.491, 0)
 (239.683, 131.071, 0)
 (297.5, 326.491, 0)
 124.776 124.776 110.447
---- (297.5, 326.491, 0)
 1 2 3 (239.683, 131.071, 0)
 (238.761, 366.496, 0)
 (194.012, 337.849, 0)
 107.775 27.9939 224.231
2200 (5.44643, 75.4911, 0)
 0 2 3 (193.119, 158.532, 0)
 (5.79545, 419.602, 0)
 (5.79545, 419.602, 0)
 66.0736 0 293.926
---- (5.79545, 419.602, 0)
 0 2 3 (5.44643, 75.4911, 0)
 (297.5, 326.491, 0)
 (193.119, 158.532, 0)
 72.3552 36.6368 251.008
---- (193.119, 158.532, 0)
 0 1 3 (194.012, 337.849, 0)
 (194.012, 337.849, 0)
 (296.955, 170.545, 0)
 0 83.1153 276.885
---- (194.012, 337.849, 0)
 0 1 3 (239.609, 131.445, 0)
 (238.529, 366.05, 0)
 (5.44643, 75.4911, 0)
 109.896 158.06 92.0437
---- (239.609, 131.445, 0)
 0 1 2 (238.529, 366.05, 0)
 (193.119, 158.532, 0)
 (5.44643, 75.4911, 0)
 59.5096 43.6657 256.825
---- (238.529, 366.05, 0)
 0 1 2 (5.79545, 419.602, 0)
 (296.955, 170.545, 0)
 (296.955, 170.545, 0)
 119.597 0 240.403
---- (296.955, 170.545, 0)
 1 2 3 (297.5, 326.491, 0)
 (239.609, 131.445, 0)
 (297.5, 326.491, 0)
 124.488 124.488 111.024
---- (297.5, 326.491, 0)
 1 2 3 (239.609, 131.445, 0)
 (238.529, 366.05, 0)
 (194.012, 337.849, 0)
 107.324 27.5918 225.084
2300 (5.4955, 75.3153, 0)
 0 2 3 (193.119, 158.532, 0)
 (5.86207, 419.77, 0)
 (5.86207, 419.77, 0)
 66.0203 8.53774e-07 293.98
---- (5.86207, 419.77, 0)
 0 2 3 (5.4955, 75.3153, 0)
 (297.5, 326.491, 0)
 (193.119, 158.532, 0)
 72.3244 36.6302 251.045
---- (193.119, 158.532, 0)
 0 1 3 (194.012, 337.849, 0)
 (194.012, 337.849, 0)
 (296.955, 170.545, 0)
 0 83.1153 276.885
---- (194.012, 337.849, 0)
 0 1 3 (238.571, 134.454, 0)
 (238.529, 366.05, 0)
 (5.4955, 75.3153, 0)
 109.997 158.035 91.9686
---- (238.571, 134.454, 0)
 0 1 2 (238.529, 366.05, 0)
 (193.119, 158.532, 0)
 (5.4955, 75.3153, 0)
 62.0772 42.1497 255.773
---- (238.529, 366.05, 0)
 0 1 2 (5.86207, 419.77, 0)
 (296.955, 170.545, 0)
 (296.955, 170.545, 0)
 119.639 0 240.361
---- (296.955, 170.545, 0)
 1 2 3 (297.5, 326.491, 0)
 (238.571, 134.454, 0)
 (297.5, 326.491, 0)
 121.924 121.924 116.152
---- (297.5, 326.491, 0)
 1 2 3 (238.571, 134.454, 0)
 (238.529, 366.05, 0)
 (194.012, 337.849, 0)
 106.796 27.5918 225.612
2400 (5.3211, 74.8165, 0)
 0 2 3 (193.119, 158.532, 0)
 (5.64706, 420.294, 0)
 (5.64706, 420.294, 0)
 65.9199 8.53774e-07 294.08
---- (5.64706, 420.294, 0)
 0 2 3 (5.3211, 74.8165, 0)
 (297.5, 326.491, 0)
 (193.119, 158.532, 0)
 72.2364 36.5724 251.191
---- (193.119, 158.532, 0)
 0 1 3 (194.195, 337.529, 0)
 (194.195, 337.529, 0)
 (296.955, 170.545, 0)
 0 83.056 276.944
---- (194.195, 337.529, 0)
 0 1 3 (238.729, 134.364, 0)
 (238.739, 365.966, 0)
 (5.3211, 74.8165, 0)
 110.191 158.269 91.5402
---- (238.729, 134.364, 0)
 0 1 2 (238.739, 365.966, 0)
 (193.119, 158.532, 0)
 (5.3211, 74.8165, 0)
 62.0843 42.2306 255.685
---- (238.739, 365.966, 0)
 0 1 2 (5.64706, 420.294, 0)
 (296.955, 170.545, 0)
 (296.955, 170.545, 0)
 119.708 0 240.292
---- (296.955, 170.545, 0)
 1 2 3 (297.5, 326.491, 0)
 (238.729, 134.364, 0)
 (297.5, 326.491, 0)
 122.057 122.057 115.886
---- (297.5, 326.491, 0)
 1 2 3 (238.729, 134.364, 0)
 (238.739, 365.966, 0)
 (194.195, 337.529, 0)
 106.884 27.7945 225.321
2500 (5.3211, 74.8165, 0)
 0 2 3 (193.119, 158.532, 0)
 (5.64706, 420.294, 0)
 (5.64706, 420.294, 0)
 65.9199 8.53774e-07 294.08
---- (5.64706, 420.294, 0)
 0 2 3 (5.3211, 74.8165, 0)
 (297.391, 326.565, 0)
 (193.119, 158.532, 0)
 72.2434 36.5793 251.177
---- (193.119, 158.532, 0)
 0 1 3 (194.186, 337.5, 0)
 (194.186, 337.5, 0)
 (297.064, 170.963, 0)
 nan 82.8386 nan
---- (194.186, 337.5, 0)
 0 1 3 (238.833, 134.625, 0)
 (238.571, 365.546, 0)
 (5.3211, 74.8165, 0)
 109.877 158.003 92.12
---- (238.833, 134.625, 0)
 0 1 2 (238.571, 365.546, 0)
 (193.119, 158.532, 0)
 (5.3211, 74.8165, 0)
 62.3268 41.9743 255.699
---- (238.571, 365.546, 0)
 0 1 2 (5.64706, 420.294, 0)
 (297.064, 170.963, 0)
 (297.064, 170.963, 0)
 119.958 0 240.042
---- (297.064, 170.963, 0)
 1 2 3 (297.391, 326.565, 0)
 (238.833, 134.625, 0)
 (297.391, 326.565, 0)
 122.086 122.086 115.828
---- (297.391, 326.565, 0)
 1 2 3 (238.833, 134.625, 0)
 (238.571, 365.546, 0)
 (194.186, 337.5, 0)
 106.567 27.4851 225.948
2600 (5.3211, 74.8165, 0)
 0 2 3 (193, 158.682, 0)
 (5.64706, 420.294, 0)
 (5.64706, 420.294, 0)
 65.8682 8.53774e-07 294.132
---- (5.64706, 420.294, 0)
 0 2 3 (5.3211, 74.8165, 0)
 (297.607, 326.453, 0)
 (193, 158.682, 0)
 72.2357 36.5734 251.191
---- (193, 158.682, 0)
 0 1 3 (193.908, 337.414, 0)
 (193.908, 337.414, 0)
 (297.064, 170.963, 0)
 8.53774e-07 82.9781 277.022
---- (193.908, 337.414, 0)
 0 1 3 (238.833, 134.625, 0)
 (238.571, 365.546, 0)
 (5.3211, 74.8165, 0)
 109.714 157.89 92.3953
---- (238.833, 134.625, 0)
 0 1 2 (238.571, 365.546, 0)
 (193, 158.682, 0)
 (5.3211, 74.8165, 0)
 62.2411 42.06 255.699
---- (238.571, 365.546, 0)
 0 1 2 (5.64706, 420.294, 0)
 (297.064, 170.963, 0)
 (297.064, 170.963, 0)
 119.958 0 240.042
---- (297.064, 170.963, 0)
 1 2 3 (297.607, 326.453, 0)
 (238.833, 134.625, 0)
 (297.607, 326.453, 0)
 122.166 122.166 115.669
---- (297.607, 326.453, 0)
 1 2 3 (238.833, 134.625, 0)
 (238.571, 365.546, 0)
 (193.908, 337.414, 0)
 106.478 27.4788 226.043
2700 (5.3211, 74.8165, 0)
 0 2 3 (193.45, 161.25, 0)
 (6.21951, 420.305, 0)
 (6.21951, 420.305, 0)
 65.1752 0 294.825
---- (6.21951, 420.305, 0)
 0 2 3 (5.3211, 74.8165, 0)
 (298.443, 326.311, 0)
 (193.45, 161.25, 0)
 72.3186 36.3123 251.369
---- (193.45, 161.25, 0)
 0 1 3 (193.908, 337.414, 0)
 (193.908, 337.414, 0)
 (297.064, 170.963, 0)
 8.53774e-07 84.4955 275.505
---- (193.908, 337.414, 0)
 0 1 3 (238.833, 134.625, 0)
 (238.571, 365.546, 0)
 (5.3211, 74.8165, 0)
 109.714 157.89 92.3953
---- (238.833, 134.625, 0)
 0 1 2 (238.571, 365.546, 0)
 (193.45, 161.25, 0)
 (5.3211, 74.8165, 0)
 59.5362 44.7649 255.699
---- (238.571, 365.546, 0)
 0 1 2 (6.21951, 420.305, 0)
 (297.064, 170.963, 0)
 (297.064, 170.963, 0)
 119.992 0 240.008
---- (297.064, 170.963, 0)
 1 2 3 (298.443, 326.311, 0)
 (238.833, 134.625, 0)
 (298.443, 326.311, 0)
 122.474 122.474 115.052
---- (298.443, 326.311, 0)
 1 2 3 (238.833, 134.625, 0)
 (238.571, 365.546, 0)
 (193.908, 337.414, 0)
 105.963 27.1751 226.862
2800 (5.3211, 74.8165, 0)
 0 2 3 (190, 336.744, 0)
 (6.21951, 420.305, 0)
 (6.21951, 420.305, 0)
 35.0378 0 324.962
---- (6.21951, 420.305, 0)
 0 2 3 (5.3211, 74.8165, 0)
 (298.008, 325.763, 0)
 (190, 336.744, 0)
 72.1962 6.49741 281.306
---- (190, 336.744, 0)
 0 1 3 (193.564, 161.584, 0)
 (238.833, 365.375, 0)
 (193.564, 161.584, 0)
 119.217 119.217 121.566
---- (193.564, 161.584, 0)
 0 1 3 (238.908, 134.58, 0)
 (190, 336.744, 0)
 (296.745, 171.604, 0)
 121.942 85.6193 152.439
---- (238.908, 134.58, 0)
 0 1 2 (238.833, 365.375, 0)
 (193.564, 161.584, 0)
 (5.3211, 74.8165, 0)
 59.2055 45.1274 255.667
---- (238.833, 365.375, 0)
 0 1 2 (6.21951, 420.305, 0)
 (296.745, 171.604, 0)
 (296.745, 171.604, 0)
 119.926 0 240.074
---- (296.745, 171.604, 0)
 1 2 3 (298.008, 325.763, 0)
 (238.908, 134.58, 0)
 (298.008, 325.763, 0)
 123.094 123.094 113.812
---- (298.008, 325.763, 0)
 1 2 3 (238.908, 134.58, 0)
 (238.833, 365.375, 0)
 (5.3211, 74.8165, 0)
 106.621 74.408 178.971
2900 (5.3211, 74.8165, 0)
 0 2 3 (190, 336.744, 0)
 (6.21951, 420.305, 0)
 (6.21951, 420.305, 0)
 35.0378 0 324.962
---- (6.21951, 420.305, 0)
 0 2 3 (5.3211, 74.8165, 0)
 (298.193, 325.714, 0)
 (190, 336.744, 0)
 72.1982 6.49944 281.302
---- (190, 336.744, 0)
 0 1 3 (193.564, 161.584, 0)
 (238.833, 365.375, 0)
 (193.564, 161.584, 0)
 119.217 119.217 121.566
---- (193.564, 161.584, 0)
 0 1 3 (239.39, 134.919, 0)
 (190, 336.744, 0)
 (296.776, 171.636, 0)
 121.36 85.6035 153.036
---- (239.39, 134.919, 0)
 0 1 2 (238.833, 365.375, 0)
 (193.564, 161.584, 0)
 (5.3211, 74.8165, 0)
 59.667 44.5953 255.738
---- (238.833, 365.375, 0)
 0 1 2 (6.21951, 420.305, 0)
 (296.776, 171.636, 0)
 (296.776, 171.636, 0)
 119.937 1.20742e-06 240.063
---- (296.776, 171.636, 0)
 1 2 3 (298.193, 325.714, 0)
 (239.39, 134.919, 0)
 (298.193, 325.714, 0)
 123.139 123.139 113.721
---- (298.193, 325.714, 0)
 1 2 3 (239.39, 134.919, 0)
 (238.833, 365.375, 0)
 (5.3211, 74.8165, 0)
 106.619 74.3345 179.046
3000 (5.3211, 74.8165, 0)
 0 2 3 (190, 336.744, 0)
 (6.21951, 420.305, 0)
 (6.21951, 420.305, 0)
 35.0378 0 324.962
---- (6.21951, 420.305, 0)
 0 2 3 (5.3211, 74.8165, 0)
 (298.034, 325.598, 0)
 (190, 336.744, 0)
 72.1685 6.46968 281.362
---- (190, 336.744, 0)
 0 1 3 (193.462, 162.115, 0)
 (238.926, 365.289, 0)
 (193.462, 162.115, 0)
 119.125 119.125 121.749
---- (193.462, 162.115, 0)
 0 1 3 (239.24, 135.32, 0)
 (190, 336.744, 0)
 (296.776, 171.636, 0)
 121.477 85.8708 152.652
---- (239.24, 135.32, 0)
 0 1 2 (238.926, 365.289, 0)
 (193.462, 162.115, 0)
 (5.3211, 74.8165, 0)
 59.5801 44.8434 255.577
---- (238.926, 365.289, 0)
 0 1 2 (6.21951, 420.305, 0)
 (296.776, 171.636, 0)
 (296.776, 171.636, 0)
 119.934 0 240.066
---- (296.776, 171.636, 0)
 1 2 3 (298.034, 325.598, 0)
 (239.24, 135.32, 0)
 (298.034, 325.598, 0)
 122.728 122.728 114.545
---- (298.034, 325.598, 0)
 1 2 3 (239.24, 135.32, 0)
 (238.926, 365.289, 0)
 (5.3211, 74.8165, 0)
 106.71 74.4694 178.82
3100 (5.3211, 74.8165, 0)
 0 2 3 (190, 336.744, 0)
 (6.21951, 420.305, 0)
 (6.21951, 420.305, 0)
 35.0378 0 324.962
---- (6.21951, 420.305, 0)
 0 2 3 (5.3211, 74.8165, 0)
 (298.034, 325.598, 0)
 (190, 336.744, 0)
 72.1685 6.46968 281.362
---- (190, 336.744, 0)
 0 1 3 (193.462, 162.115, 0)
 (239, 365.333, 0)
 (193.462, 162.115, 0)
 119.126 119.126 121.748
---- (193.462, 162.115, 0)
 0 1 3 (238.792, 135.5, 0)
 (190, 336.744, 0)
 (297.11, 171.789, 0)
 121.555 85.8036 152.642
---- (238.792, 135.5, 0)
 0 1 2 (239, 365.333, 0)
 (193.462, 162.115, 0)
 (5.3211, 74.8165, 0)
 59.6328 44.989 255.378
---- (239, 365.333, 0)
 0 1 2 (6.21951, 420.305, 0)
 (297.11, 171.789, 0)
 (297.11, 171.789, 0)
 119.999 1.20742e-06 240.001
---- (297.11, 171.789, 0)
 1 2 3 (298.034, 325.598, 0)
 (238.792, 135.5, 0)
 (298.034, 325.598, 0)
 122.236 122.236 115.527
---- (298.034, 325.598, 0)
 1 2 3 (238.792, 135.5, 0)
 (239, 365.333, 0)
 (5.3211, 74.8165, 0)
 106.635 74.5322 178.833
3200 (5.25424, 71.6525, 0)
 0 2 3 (190.169, 336.18, 0)
 (6.64557, 420.696, 0)
 (6.64557, 420.696, 0)
 34.7266 8.53774e-07 325.273
---- (6.64557, 420.696, 0)
 0 2 3 (5.25424, 71.6525, 0)
 (298.22, 325.508, 0)
 (190.169, 336.18, 0)
 72.1486 6.6473 281.204
---- (190.169, 336.18, 0)
 0 1 3 (193.447, 162.087, 0)
 (238.783, 362.478, 0)
 (193.447, 162.087, 0)
 117.333 117.333 125.334
---- (193.447, 162.087, 0)
 0 1 3 (238.792, 135.5, 0)
 (190.169, 336.18, 0)
 (297.11, 171.789, 0)
 121.463 85.7321 152.805
---- (238.792, 135.5, 0)
 0 1 2 (238.783, 362.478, 0)
 (193.447, 162.087, 0)
 (5.25424, 71.6525, 0)
 59.6131 45.6752 254.712
---- (238.783, 362.478, 0)
 0 1 2 (6.64557, 420.696, 0)
 (297.11, 171.789, 0)
 (297.11, 171.789, 0)
 121.087 0 238.913
---- (297.11, 171.789, 0)
 1 2 3 (298.22, 325.508, 0)
 (238.792, 135.5, 0)
 (298.22, 325.508, 0)
 122.306 122.306 115.388
---- (298.22, 325.508, 0)
 1 2 3 (238.792, 135.5, 0)
 (238.783, 362.478, 0)
 (5.25424, 71.6525, 0)
 104.513 72.7903 182.696
3300 (5.25424, 71.6525, 0)
 0 2 3 (189.889, 335.611, 0)
 (6.5625, 420.75, 0)
 (6.5625, 420.75, 0)
 34.7574 0 325.243
---- (6.5625, 420.75, 0)
 0 2 3 (5.25424, 71.6525, 0)
 (298.22, 325.508, 0)
 (189.889, 335.611, 0)
 72.1302 6.82613 281.044
---- (189.889, 335.611, 0)
 0 1 3 (193.382, 162.01, 0)
 (238.584, 362.345, 0)
 (193.382, 162.01, 0)
 117.614 117.614 124.771
---- (193.382, 162.01, 0)
 0 1 3 (238.792, 135.5, 0)
 (189.889, 335.611, 0)
 (297.11, 171.789, 0)
 121.429 85.7671 152.804
---- (238.792, 135.5, 0)
 0 1 2 (238.584, 362.345, 0)
 (193.382, 162.01, 0)
 (5.25424, 71.6525, 0)
 59.6713 45.5668 254.762
---- (238.584, 362.345, 0)
 0 1 2 (6.5625, 420.75, 0)
 (297.11, 171.789, 0)
 (297.11, 171.789, 0)
 121.202 1.20742e-06 238.798
---- (297.11, 171.789, 0)
 1 2 3 (298.22, 325.508, 0)
 (238.792, 135.5, 0)
 (298.22, 325.508, 0)
 122.306 122.306 115.388
---- (298.22, 325.508, 0)
 1 2 3 (238.792, 135.5, 0)
 (238.584, 362.345, 0)
 (5.25424, 71.6525, 0)
 104.335 72.6122 183.053
3400 (5.25424, 71.6525, 0)
 0 2 3 (190.169, 164.607, 0)
 (6.5625, 420.75, 0)
 (6.5625, 420.75, 0)
 63.0972 0 296.903
---- (6.5625, 420.75, 0)
 0 2 3 (5.25424, 71.6525, 0)
 (298.22, 325.508, 0)
 (190.169, 164.607, 0)
 72.1302 36.2821 251.588
---- (190.169, 164.607, 0)
 0 1 3 (190.169, 335.393, 0)
 (190.169, 335.393, 0)
 (297.123, 172.264, 0)
 0 85.9049 274.095
---- (190.169, 335.393, 0)
 0 1 3 (239.365, 135.952, 0)
 (238.421, 361.93, 0)
 (5.25424, 71.6525, 0)
 104.952 153.844 101.204
---- (239.365, 135.952, 0)
 0 1 2 (238.421, 361.93, 0)
 (190.169, 164.607, 0)
 (5.25424, 71.6525, 0)
 59.5421 45.5764 254.881
---- (238.421, 361.93, 0)
 0 1 2 (6.5625, 420.75, 0)
 (297.123, 172.264, 0)
 (297.123, 172.264, 0)
 121.432 1.20742e-06 238.568
---- (297.123, 172.264, 0)
 1 2 3 (298.22, 325.508, 0)
 (239.365, 135.952, 0)
 (298.22, 325.508, 0)
 122.568 122.568 114.865
---- (298.22, 325.508, 0)
 1 2 3 (239.365, 135.952, 0)
 (238.421, 361.93, 0)
 (190.169, 335.393, 0)
 104.095 26.1169 229.788
3500 (5.16807, 71.6807, 0)
 0 2 3 (190.169, 164.607, 0)
 (6.5625, 420.75, 0)
 (6.5625, 420.75, 0)
 63.1007 0 296.899
---- (6.5625, 420.75, 0)
 0 2 3 (5.16807, 71.6807, 0)
 (298.547, 324.957, 0)
 (190.169, 164.607, 0)
 72.0655 36.2033 251.731
---- (190.169, 164.607, 0)
 0 1 3 (190.169, 335.393, 0)
 (190.169, 335.393, 0)
 (298.174, 174.826, 0)
 0 84.5948 275.405
---- (190.169, 335.393, 0)
 0 1 3 (239.365, 135.952, 0)
 (238.421, 361.93, 0)
 (5.16807, 71.6807, 0)
 104.952 153.859 101.189
---- (239.365, 135.952, 0)
 0 1 2 (238.421, 361.93, 0)
 (190.169, 164.607, 0)
 (5.16807, 71.6807, 0)
 59.5421 45.5646 254.893
---- (238.421, 361.93, 0)
 0 1 2 (6.5625, 420.75, 0)
 (298.174, 174.826, 0)
 (298.174, 174.826, 0)
 121.946 0 238.054
---- (298.174, 174.826, 0)
 1 2 3 (298.547, 324.957, 0)
 (239.365, 135.952, 0)
 (298.547, 324.957, 0)
 123.608 123.608 112.784
---- (298.547, 324.957, 0)
 1 2 3 (239.365, 135.952, 0)
 (238.421, 361.93, 0)
 (190.169, 335.393, 0)
 104.202 26.088 229.711
3600 (5.56034, 71.4655, 0)
 0 2 3 (190.169, 164.607, 0)
 (6.41975, 420.802, 0)
 (6.41975, 420.802, 0)
 63.0865 0 296.913
---- (6.41975, 420.802, 0)
 0 2 3 (5.56034, 71.4655, 0)
 (298.547, 324.957, 0)
 (190.169, 164.607, 0)
 71.9766 36.1868 251.837
---- (190.169, 164.607, 0)
 0 1 3 (190.169, 335.393, 0)
 (190.169, 335.393, 0)
 (298.174, 174.826, 0)
 0 84.5948 275.405
---- (190.169, 335.393, 0)
 0 1 3 (239.365, 135.952, 0)
 (238.421, 361.93, 0)
 (5.56034, 71.4655, 0)
 104.952 153.78 101.268
---- (239.365, 135.952, 0)
 0 1 2 (238.421, 361.93, 0)
 (190.169, 164.607, 0)
 (5.56034, 71.4655, 0)
 59.5421 45.6382 254.82
---- (238.421, 361.93, 0)
 0 1 2 (6.41975, 420.802, 0)
 (298.174, 174.826, 0)
 (298.174, 174.826, 0)
 121.95 0 238.05
---- (298.174, 174.826, 0)
 1 2 3 (298.547, 324.957, 0)
 (239.365, 135.952, 0)
 (298.547, 324.957, 0)
 123.608 123.608 112.784
---- (298.547, 324.957, 0)
 1 2 3 (239.365, 135.952, 0)
 (238.421, 361.93, 0)
 (190.169, 335.393, 0)
 104.202 26.088 229.711
3700 (5.56034, 71.4655, 0)
 0 2 3 (190.169, 164.607, 0)
 (6.41975, 420.802, 0)
 (6.41975, 420.802, 0)
 63.0865 0 296.913
---- (6.41975, 420.802, 0)
 0 2 3 (5.56034, 71.4655, 0)
 (298.655, 324.832, 0)
 (190.169, 164.607, 0)
 71.9607 36.1709 251.868
---- (190.169, 164.607, 0)
 0 1 3 (190.169, 335.393, 0)
 (190.169, 335.393, 0)
 (298.291, 174.872, 0)
 0 84.5766 275.423
---- (190.169, 335.393, 0)
 0 1 3 (239.365, 135.952, 0)
 (238.448, 361.638, 0)
 (5.56034, 71.4655, 0)
 104.672 153.5 101.829
---- (239.365, 135.952, 0)
 0 1 2 (238.448, 361.638, 0)
 (190.169, 164.607, 0)
 (5.56034, 71.4655, 0)
 59.5487 45.6382 254.813
---- (238.448, 361.638, 0)
 0 1 2 (6.41975, 420.802, 0)
 (298.291, 174.872, 0)
 (298.291, 174.872, 0)
 122.071 0 237.929
---- (298.291, 174.872, 0)
 1 2 3 (298.655, 324.832, 0)
 (239.365, 135.952, 0)
 (298.655, 324.832, 0)
 123.584 123.584 112.833
---- (298.655, 324.832, 0)
 1 2 3 (239.365, 135.952, 0)
 (238.448, 361.638, 0)
 (190.169, 335.393, 0)
 104.011 25.8781 230.111
3800 (5.66372, 70.9292, 0)
 0 2 3 (190.169, 164.607, 0)
 (6.4375, 421, 0)
 (6.4375, 421, 0)
 62.9554 0 297.045
---- (6.4375, 421, 0)
 0 2 3 (5.66372, 70.9292, 0)
 (298.655, 324.832, 0)
 (190.169, 164.607, 0)
 71.9104 36.1584 251.931
---- (190.169, 164.607, 0)
 0 1 3 (190.169, 335.393, 0)
 (190.169, 335.393, 0)
 (298.291, 174.872, 0)
 0 84.5766 275.423
---- (190.169, 335.393, 0)
 0 1 3 (239.531, 136.172, 0)
 (238.448, 361.638, 0)
 (5.66372, 70.9292, 0)
 104.612 153.43 101.958
---- (239.531, 136.172, 0)
 0 1 2 (238.448, 361.638, 0)
 (190.169, 164.607, 0)
 (5.66372, 70.9292, 0)
 59.7812 45.5313 254.688
---- (238.448, 361.638, 0)
 0 1 2 (6.4375, 421, 0)
 (298.291, 174.872, 0)
 (298.291, 174.872, 0)
 122.118 0 237.882
---- (298.291, 174.872, 0)
 1 2 3 (298.655, 324.832, 0)
 (239.531, 136.172, 0)
 (298.655, 324.832, 0)
 123.509 123.509 112.982
---- (298.655, 324.832, 0)
 1 2 3 (239.531, 136.172, 0)
 (238.448, 361.638, 0)
 (190.169, 335.393, 0)
 104.038 25.8781 230.084
3900 (5.59091, 70.4091, 0)
 0 2 3 (189.889, 164.667, 0)
 (6.08974, 421.603, 0)
 (6.08974, 421.603, 0)
 62.8315 0 297.168
---- (6.08974, 421.603, 0)
 0 2 3 (5.59091, 70.4091, 0)
 (298.833, 324.625, 0)
 (189.889, 164.667, 0)
 71.7528 36.0934 252.154
---- (189.889, 164.667, 0)
 0 1 3 (190.169, 335.393, 0)
 (190.169, 335.393, 0)
 (298.475, 175, 0)
 8.53774e-07 84.4701 275.53
---- (190.169, 335.393, 0)
 0 1 3 (239.646, 136.102, 0)
 (238.448, 361.638, 0)
 (5.59091, 70.4091, 0)
 104.586 153.388 102.026
---- (239.646, 136.102, 0)
 0 1 2 (238.448, 361.638, 0)
 (189.889, 164.667, 0)
 (5.59091, 70.4091, 0)
 59.8366 45.5373 254.626
---- (238.448, 361.638, 0)
 0 1 2 (6.08974, 421.603, 0)
 (298.475, 175, 0)
 (298.475, 175, 0)
 122.299 0 237.701
---- (298.475, 175, 0)
 1 2 3 (298.833, 324.625, 0)
 (239.646, 136.102, 0)
 (298.833, 324.625, 0)
 123.61 123.61 112.78
---- (298.833, 324.625, 0)
 1 2 3 (239.646, 136.102, 0)
 (238.448, 361.638, 0)
 (190.169, 335.393, 0)
 104.076 25.8468 230.077
4000 (5.59091, 70.4091, 0)
 0 2 3 (189.889, 164.667, 0)
 (5.96591, 424.375, 0)
 (5.96591, 424.375, 0)
 62.8522 8.53774e-07 297.148
---- (5.96591, 424.375, 0)
 0 2 3 (5.59091, 70.4091, 0)
 (298.833, 324.625, 0)
 (189.889, 164.667, 0)
 71.252 35.8855 252.863
---- (189.889, 164.667, 0)
 0 1 3 (190.169, 335.393, 0)
 (190.169, 335.393, 0)
 (298.655, 175.168, 0)
 8.53774e-07 84.3913 275.609
---- (190.169, 335.393, 0)
 0 1 3 (239.646, 136.102, 0)
 (238.448, 361.638, 0)
 (5.59091, 70.4091, 0)
 104.586 153.388 102.026
---- (239.646, 136.102, 0)
 0 1 2 (238.448, 361.638, 0)
 (189.889, 164.667, 0)
 (5.59091, 70.4091, 0)
 59.8366 45.5373 254.626
---- (238.448, 361.638, 0)
 0 1 2 (5.96591, 424.375, 0)
 (298.655, 175.168, 0)
 (298.655, 175.168, 0)
 122.996 0 237.004
---- (298.655, 175.168, 0)
 1 2 3 (298.833, 324.625, 0)
 (239.646, 136.102, 0)
 (298.833, 324.625, 0)
 123.574 123.574 112.853
---- (298.833, 324.625, 0)
 1 2 3 (239.646, 136.102, 0)
 (238.448, 361.638, 0)
 (190.169, 335.393, 0)
 104.076 25.8468 230.077
4100 (5.59091, 70.4091, 0)
 0 2 3 (189.574, 165.266, 0)
 (5.98837, 424.593, 0)
 (5.98837, 424.593, 0)
 62.6613 8.53774e-07 297.339
---- (5.98837, 424.593, 0)
 0 2 3 (5.59091, 70.4091, 0)
 (298.833, 324.625, 0)
 (189.574, 165.266, 0)
 71.216 35.8558 252.928
---- (189.574, 165.266, 0)
 0 1 3 (190.169, 335.393, 0)
 (190.169, 335.393, 0)
 (298.833, 175.375, 0)
 8.53774e-07 84.5138 275.486
---- (190.169, 335.393, 0)
 0 1 3 (239.646, 136.102, 0)
 (238.992, 361.597, 0)
 (5.59091, 70.4091, 0)
 104.28 153.082 102.638
---- (239.646, 136.102, 0)
 0 1 2 (238.992, 361.597, 0)
 (189.574, 165.266, 0)
 (5.59091, 70.4091, 0)
 59.6155 45.8964 254.488
---- (238.992, 361.597, 0)
 0 1 2 (5.98837, 424.593, 0)
 (298.833, 175.375, 0)
 (298.833, 175.375, 0)
 122.944 nan nan
---- (298.833, 175.375, 0)
 1 2 3 (298.833, 324.625, 0)
 (239.646, 136.102, 0)
 (298.833, 324.625, 0)
 123.565 123.565 112.869
---- (298.833, 324.625, 0)
 1 2 3 (239.646, 136.102, 0)
 (238.992, 361.597, 0)
 (190.169, 335.393, 0)
 104.279 26.0494 229.672
4200 (5.59091, 70.4091, 0)
 0 2 3 (189.462, 165.323, 0)
 (5.98837, 424.593, 0)
 (5.98837, 424.593, 0)
 62.6332 8.53774e-07 297.367
---- (5.98837, 424.593, 0)
 0 2 3 (5.59091, 70.4091, 0)
 (299.18, 324.549, 0)
 (189.462, 165.323, 0)
 71.2235 35.8739 252.903
---- (189.462, 165.323, 0)
 0 1 3 (190.169, 335.393, 0)
 (190.169, 335.393, 0)
 (298.833, 175.375, 0)
 nan 84.5107 nan
---- (190.169, 335.393, 0)
 0 1 3 (239.646, 136.102, 0)
 (239.174, 361.405, 0)
 (5.59091, 70.4091, 0)
 104.017 152.819 103.165
---- (239.646, 136.102, 0)
 0 1 2 (239.174, 361.405, 0)
 (189.462, 165.323, 0)
 (5.59091, 70.4091, 0)
 59.669 45.889 254.442
---- (239.174, 361.405, 0)
 0 1 2 (5.98837, 424.593, 0)
 (298.833, 175.375, 0)
 (298.833, 175.375, 0)
 122.943 0 237.057
---- (298.833, 175.375, 0)
 1 2 3 (299.18, 324.549, 0)
 (239.646, 136.102, 0)
 (299.18, 324.549, 0)
 123.699 123.699 112.603
---- (299.18, 324.549, 0)
 1 2 3 (239.646, 136.102, 0)
 (239.174, 361.405, 0)
 (190.169, 335.393, 0)
 104.025 25.8771 230.097
4300 (5.59091, 70.4091, 0)
 0 2 3 (189.462, 165.323, 0)
 (5.98837, 424.593, 0)
 (5.98837, 424.593, 0)
 62.6332 8.53774e-07 297.367
---- (5.98837, 424.593, 0)
 0 2 3 (5.59091, 70.4091, 0)
 (299.18, 324.549, 0)
 (189.462, 165.323, 0)
 71.2235 35.8739 252.903
---- (189.462, 165.323, 0)
 0 1 3 (189.889, 335.333, 0)
 (189.889, 335.333, 0)
 (298.833, 175.375, 0)
 8.53774e-07 84.6049 275.395
---- (189.889, 335.333, 0)
 0 1 3 (239.646, 136.102, 0)
 (239.292, 361.458, 0)
 (5.59091, 70.4091, 0)
 103.848 152.696 103.456
---- (239.646, 136.102, 0)
 0 1 2 (239.292, 361.458, 0)
 (189.462, 165.323, 0)
 (5.59091, 70.4091, 0)
 59.699 45.889 254.412
---- (239.292, 361.458, 0)
 0 1 2 (5.98837, 424.593, 0)
 (298.833, 175.375, 0)
 (298.833, 175.375, 0)
 122.886 0 237.114
---- (298.833, 175.375, 0)
 1 2 3 (299.18, 324.549, 0)
 (239.646, 136.102, 0)
 (299.18, 324.549, 0)
 123.699 123.699 112.603
---- (299.18, 324.549, 0)
 1 2 3 (239.646, 136.102, 0)
 (239.292, 361.458, 0)
 (189.889, 335.333, 0)
 104.113 26.01 229.877
4400 (5.58559, 70.4505, 0)
 0 2 3 (189.462, 165.323, 0)
 (5.98837, 424.593, 0)
 (5.98837, 424.593, 0)
 62.6431 nan nan
---- (5.98837, 424.593, 0)
 0 2 3 (5.58559, 70.4505, 0)
 (299.18, 324.549, 0)
 (189.462, 165.323, 0)
 71.2243 35.8739 252.902
---- (189.462, 165.323, 0)
 0 1 3 (190.181, 332.711, 0)
 (190.181, 332.711, 0)
 (298.678, 175.289, 0)
 8.53774e-07 84.5399 275.46
---- (190.181, 332.711, 0)
 0 1 3 (239.683, 136.071, 0)
 (239.292, 361.458, 0)
 (5.58559, 70.4505, 0)
 106.213 155.483 98.3039
---- (239.683, 136.071, 0)
 0 1 2 (239.292, 361.458, 0)
 (189.462, 165.323, 0)
 (5.58559, 70.4505, 0)
 59.6816 45.878 254.44
---- (239.292, 361.458, 0)
 0 1 2 (5.98837, 424.593, 0)
 (298.678, 175.289, 0)
 (298.678, 175.289, 0)
 122.834 0 237.166
---- (298.678, 175.289, 0)
 1 2 3 (299.18, 324.549, 0)
 (239.683, 136.071, 0)
 (299.18, 324.549, 0)
 123.807 123.807 112.385
---- (299.18, 324.549, 0)
 1 2 3 (239.683, 136.071, 0)
 (239.292, 361.458, 0)
 (190.181, 332.711, 0)
 104.126 27.3632 228.511
4500 (5.58559, 70.4505, 0)
 0 2 3 (189.462, 165.323, 0)
 (5.97701, 424.598, 0)
 (5.97701, 424.598, 0)
 62.645 0 297.355
---- (5.97701, 424.598, 0)
 0 2 3 (5.58559, 70.4505, 0)
 (298.926, 324.38, 0)
 (189.462, 165.323, 0)
 71.1775 35.8277 252.995
---- (189.462, 165.323, 0)
 0 1 3 (190.181, 332.711, 0)
 (190.181, 332.711, 0)
 (298.926, 175.62, 0)
 8.53774e-07 84.3801 275.62
---- (190.181, 332.711, 0)
 0 1 3 (239.683, 136.071, 0)
 (239.292, 361.458, 0)
 (5.58559, 70.4505, 0)
 106.213 155.483 98.3039
---- (239.683, 136.071, 0)
 0 1 2 (239.292, 361.458, 0)
 (189.462, 165.323, 0)
 (5.58559, 70.4505, 0)
 59.6816 45.878 254.44
---- (239.292, 361.458, 0)
 0 1 2 (5.97701, 424.598, 0)
 (298.926, 175.62, 0)
 (298.926, 175.62, 0)
 122.934 0 237.066
---- (298.926, 175.62, 0)
 1 2 3 (298.926, 324.38, 0)
 (239.683, 136.071, 0)
 (298.926, 324.38, 0)
 123.726 123.726 112.549
---- (298.926, 324.38, 0)
 1 2 3 (239.683, 136.071, 0)
 (239.292, 361.458, 0)
 (190.181, 332.711, 0)
 104.408 27.4911 228.101
4600 (5.58559, 70.4505, 0)
 0 2 3 (189.462, 165.323, 0)
 (5.97701, 424.598, 0)
 (5.97701, 424.598, 0)
 62.645 0 297.355
---- (5.97701, 424.598, 0)
 0 2 3 (5.58559, 70.4505, 0)
 (301.937, 321.081, 0)
 (189.462, 165.323, 0)
 70.7852 35.4354 253.779
---- (189.462, 165.323, 0)
 0 1 3 (190.061, 332.805, 0)
 (190.061, 332.805, 0)
 (298.926, 175.62, 0)
 0 84.4212 275.579
---- (190.061, 332.805, 0)
 0 1 3 (239.683, 136.071, 0)
 (239.292, 361.458, 0)
 (5.58559, 70.4505, 0)
 106.044 155.314 98.6423
---- (239.683, 136.071, 0)
 0 1 2 (239.292, 361.458, 0)
 (189.462, 165.323, 0)
 (5.58559, 70.4505, 0)
 59.6816 45.878 254.44
---- (239.292, 361.458, 0)
 0 1 2 (5.97701, 424.598, 0)
 (298.926, 175.62, 0)
 (298.926, 175.62, 0)
 122.934 0 237.066
---- (298.926, 175.62, 0)
 1 2 3 (301.937, 321.081, 0)
 (239.683, 136.071, 0)
 (301.937, 321.081, 0)
 124.912 124.912 110.177
---- (301.937, 321.081, 0)
 1 2 3 (239.683, 136.071, 0)
 (239.292, 361.458, 0)
 (190.061, 332.805, 0)
 104.206 26.821 228.973
4700 (5.58559, 70.4505, 0)
 0 2 3 (189.684, 165.684, 0)
 (5.97701, 424.598, 0)
 (5.97701, 424.598, 0)
 62.5843 0 297.416
---- (5.97701, 424.598, 0)
 0 2 3 (5.58559, 70.4505, 0)
 (301.937, 321.081, 0)
 (189.684, 165.684, 0)
 70.7852 35.365 253.85
---- (189.684, 165.684, 0)
 0 1 3 (190.061, 332.805, 0)
 (190.061, 332.805, 0)
 (298.926, 175.62, 0)
 0 84.674 275.326
---- (190.061, 332.805, 0)
 0 1 3 (239.683, 136.071, 0)
 (239.292, 361.458, 0)
 (5.58559, 70.4505, 0)
 106.044 155.314 98.6423
---- (239.683, 136.071, 0)
 0 1 2 (239.292, 361.458, 0)
 (189.684, 165.684, 0)
 (5.58559, 70.4505, 0)
 59.2634 46.2962 254.44
---- (239.292, 361.458, 0)
 0 1 2 (5.97701, 424.598, 0)
 (298.926, 175.62, 0)
 (298.926, 175.62, 0)
 122.934 0 237.066
---- (298.926, 175.62, 0)
 1 2 3 (301.937, 321.081, 0)
 (239.683, 136.071, 0)
 (301.937, 321.081, 0)
 124.912 124.912 110.177
---- (301.937, 321.081, 0)
 1 2 3 (239.683, 136.071, 0)
 (239.292, 361.458, 0)
 (190.061, 332.805, 0)
 104.206 26.821 228.973
4800 (5.58559, 70.4505, 0)
 0 2 3 (189.684, 165.684, 0)
 (5.97701, 424.598, 0)
 (5.97701, 424.598, 0)
 62.5843 0 297.416
---- (5.97701, 424.598, 0)
 0 2 3 (5.58559, 70.4505, 0)
 (301.937, 321.081, 0)
 (189.684, 165.684, 0)
 70.7852 35.365 253.85
---- (189.684, 165.684, 0)
 0 1 3 (190.061, 332.805, 0)
 (190.061, 332.805, 0)
 (298.926, 175.62, 0)
 0 84.674 275.326
---- (190.061, 332.805, 0)
 0 1 3 (239.683, 136.071, 0)
 (239.091, 361.033, 0)
 (5.58559, 70.4505, 0)
 105.774 155.044 99.1822
---- (239.683, 136.071, 0)
 0 1 2 (239.091, 361.033, 0)
 (189.684, 165.684, 0)
 (5.58559, 70.4505, 0)
 59.2121 46.2962 254.492
---- (239.091, 361.033, 0)
 0 1 2 (5.97701, 424.598, 0)
 (298.926, 175.62, 0)
 (298.926, 175.62, 0)
 123.138 0 236.862
---- (298.926, 175.62, 0)
 1 2 3 (301.937, 321.081, 0)
 (239.683, 136.071, 0)
 (301.937, 321.081, 0)
 124.912 124.912 110.177
---- (301.937, 321.081, 0)
 1 2 3 (239.683, 136.071, 0)
 (239.091, 361.033, 0)
 (190.061, 332.805, 0)
 103.847 26.4623 229.691
4900 (5.58559, 70.4505, 0)
 0 2 3 (189.684, 165.684, 0)
 (5.97701, 424.598, 0)
 (5.97701, 424.598, 0)
 62.5843 0 297.416
---- (5.97701, 424.598, 0)
 0 2 3 (5.58559, 70.4505, 0)
 (301.937, 321.081, 0)
 (189.684, 165.684, 0)
 70.7852 35.365 253.85
---- (189.684, 165.684, 0)
 0 1 3 (189.938, 332.716, 0)
 (189.938, 332.716, 0)
 (298.926, 175.62, 0)
 nan 84.716 nan
---- (189.938, 332.716, 0)
 0 1 3 (238.571, 139.454, 0)
 (239.091, 361.033, 0)
 (5.58559, 70.4505, 0)
 105.822 155.051 99.1277
---- (238.571, 139.454, 0)
 0 1 2 (239.091, 361.033, 0)
 (189.684, 165.684, 0)
 (5.58559, 70.4505, 0)
 61.9186 44.7135 253.368
---- (239.091, 361.033, 0)
 0 1 2 (5.97701, 424.598, 0)
 (298.926, 175.62, 0)
 (298.926, 175.62, 0)
 123.138 0 236.862
---- (298.926, 175.62, 0)
 1 2 3 (301.937, 321.081, 0)
 (238.571, 139.454, 0)
 (301.937, 321.081, 0)
 122.117 122.117 115.765
---- (301.937, 321.081, 0)
 1 2 3 (238.571, 139.454, 0)
 (239.091, 361.033, 0)
 (189.938, 332.716, 0)
 103.212 26.5137 230.274
5000 (5.44643, 70.4911, 0)
 0 2 3 (189.684, 165.684, 0)
 (5.97701, 424.598, 0)
 (5.97701, 424.598, 0)
 62.5894 0 297.411
---- (5.97701, 424.598, 0)
 0 2 3 (5.44643, 70.4911, 0)
 (301.937, 321.081, 0)
 (189.684, 165.684, 0)
 70.8078 35.365 253.827
---- (189.684, 165.684, 0)
 0 1 3 (189.938, 332.716, 0)
 (189.938, 332.716, 0)
 (301.495, 174.433, 0)
 nan 85.4388 nan
---- (189.938, 332.716, 0)
 0 1 3 (238.571, 139.454, 0)
 (239.091, 361.033, 0)
 (5.44643, 70.4911, 0)
 105.822 155.075 99.1032
---- (238.571, 139.454, 0)
 0 1 2 (239.091, 361.033, 0)
 (189.684, 165.684, 0)
 (5.44643, 70.4911, 0)
 61.9186 44.695 253.386
---- (239.091, 361.033, 0)
 0 1 2 (5.97701, 424.598, 0)
 (301.495, 174.433, 0)
 (301.495, 174.433, 0)
 123.744 0 236.256
---- (301.495, 174.433, 0)
 1 2 3 (301.937, 321.081, 0)
 (238.571, 139.454, 0)
 (301.937, 321.081, 0)
 119.242 119.242 121.515
---- (301.937, 321.081, 0)
 1 2 3 (238.571, 139.454, 0)
 (239.091, 361.033, 0)
 (189.938, 332.716, 0)
 103.212 26.5137 230.274
5100 (5.44643, 70.4911, 0)
 0 2 3 (189.684, 165.684, 0)
 (5.79545, 424.602, 0)
 (5.79545, 424.602, 0)
 62.6187 nan nan
---- (5.79545, 424.602, 0)
 0 2 3 (5.44643, 70.4911, 0)
 (301.937, 321.081, 0)
 (189.684, 165.684, 0)
 70.7885 35.3489 253.863
---- (189.684, 165.684, 0)
 0 1 3 (189.938, 332.716, 0)
 (189.938, 332.716, 0)
 (301.495, 174.433, 0)
 nan 85.4388 nan
---- (189.938, 332.716, 0)
 0 1 3 (238.571, 139.454, 0)
 (239.091, 361.033, 0)
 (5.44643, 70.4911, 0)
 105.822 155.075 99.1032
---- (238.571, 139.454, 0)
 0 1 2 (239.091, 361.033, 0)
 (189.684, 165.684, 0)
 (5.44643, 70.4911, 0)
 61.9186 44.695 253.386
---- (239.091, 361.033, 0)
 0 1 2 (5.79545, 424.602, 0)
 (301.495, 174.433, 0)
 (301.495, 174.433, 0)
 123.733 0 236.267
---- (301.495, 174.433, 0)
 1 2 3 (301.937, 321.081, 0)
 (238.571, 139.454, 0)
 (301.937, 321.081, 0)
 119.242 119.242 121.515
---- (301.937, 321.081, 0)
 1 2 3 (238.571, 139.454, 0)
 (239.091, 361.033, 0)
 (189.938, 332.716, 0)
 103.212 26.5137 230.274
5200 (5.44643, 70.4911, 0)
 0 2 3 (189.468, 165.798, 0)
 (5.79545, 424.602, 0)
 (5.79545, 424.602, 0)
 62.5634 nan nan
---- (5.79545, 424.602, 0)
 0 2 3 (5.44643, 70.4911, 0)
 (299.567, 321.417, 0)
 (189.468, 165.798, 0)
 70.703 35.2834 254.014
---- (189.468, 165.798, 0)
 0 1 3 (189.938, 332.716, 0)
 (189.938, 332.716, 0)
 (301.495, 174.433, 0)
 0 85.4309 274.569
---- (189.938, 332.716, 0)
 0 1 3 (238.571, 139.454, 0)
 (238.739, 360.966, 0)
 (5.44643, 70.4911, 0)
 105.941 155.195 98.8641
---- (238.571, 139.454, 0)
 0 1 2 (238.739, 360.966, 0)
 (189.468, 165.798, 0)
 (5.44643, 70.4911, 0)
 61.8298 44.6929 253.477
---- (238.739, 360.966, 0)
 0 1 2 (5.79545, 424.602, 0)
 (299.567, 321.417, 0)
 (301.495, 174.433, 0)
 162.248 38.3742 159.378
---- (299.567, 321.417, 0)
 1 2 3 (301.495, 174.433, 0)
 (238.739, 360.966, 0)
 (189.938, 332.716, 0)
 123.783 27.147 209.07
---- (301.495, 174.433, 0)
 1 2 3 (238.571, 139.454, 0)
 (238.571, 139.454, 0)
 (299.567, 321.417, 0)
 0 118.318 241.682
5300 (5.44643, 70.4911, 0)
 0 2 3 (189.468, 165.798, 0)
 (5.79545, 424.602, 0)
 (5.79545, 424.602, 0)
 62.5634 nan nan
---- (5.79545, 424.602, 0)
 0 2 3 (5.44643, 70.4911, 0)
 (299.567, 321.417, 0)
 (189.468, 165.798, 0)
 70.703 35.2834 254.014
---- (189.468, 165.798, 0)
 0 1 3 (189.938, 332.716, 0)
 (189.938, 332.716, 0)
 (299.567, 178.583, 0)
 0 83.215 276.785
---- (189.938, 332.716, 0)
 0 1 3 (238.571, 139.454, 0)
 (238.632, 360.897, 0)
 (5.44643, 70.4911, 0)
 105.935 155.189 98.8765
---- (238.571, 139.454, 0)
 0 1 2 (238.632, 360.897, 0)
 (189.468, 165.798, 0)
 (5.44643, 70.4911, 0)
 61.8021 44.6929 253.505
---- (238.632, 360.897, 0)
 0 1 2 (5.79545, 424.602, 0)
 (299.567, 178.583, 0)
 (299.567, 178.583, 0)
 123.783 0 236.217
---- (299.567, 178.583, 0)
 1 2 3 (299.567, 321.417, 0)
 (238.571, 139.454, 0)
 (299.567, 321.417, 0)
 122.68 122.68 114.639
---- (299.567, 321.417, 0)
 1 2 3 (238.571, 139.454, 0)
 (238.632, 360.897, 0)
 (189.938, 332.716, 0)
 104.408 27.0553 228.537
5400 (5.4955, 70.3153, 0)
 0 2 3 (189.468, 165.798, 0)
 (5.79545, 424.602, 0)
 (5.79545, 424.602, 0)
 62.522 0 297.478
---- (5.79545, 424.602, 0)
 0 2 3 (5.4955, 70.3153, 0)
 (299.567, 321.417, 0)
 (189.468, 165.798, 0)
 70.6951 35.2834 254.022
---- (189.468, 165.798, 0)
 0 1 3 (190.181, 332.41, 0)
 (190.181, 332.41, 0)
 (299.567, 178.583, 0)
 nan 83.1313 nan
---- (190.181, 332.41, 0)
 0 1 3 (238.571, 139.454, 0)
 (238.571, 360.546, 0)
 (5.4955, 70.3153, 0)
 106.097 155.346 98.5568
---- (238.571, 139.454, 0)
 0 1 2 (238.571, 360.546, 0)
 (189.468, 165.798, 0)
 (5.4955, 70.3153, 0)
 61.7863 44.7359 253.478
---- (238.571, 360.546, 0)
 0 1 2 (5.79545, 424.602, 0)
 (299.567, 178.583, 0)
 (299.567, 178.583, 0)
 123.918 0 236.082
---- (299.567, 178.583, 0)
 1 2 3 (299.567, 321.417, 0)
 (238.571, 139.454, 0)
 (299.567, 321.417, 0)
 122.68 122.68 114.639
---- (299.567, 321.417, 0)
 1 2 3 (238.571, 139.454, 0)
 (238.571, 360.546, 0)
 (190.181, 332.41, 0)
 104.149 26.9419 228.909
5500 (5.4955, 70.3153, 0)
 0 2 3 (189.355, 165.645, 0)
 (5.86207, 424.77, 0)
 (5.86207, 424.77, 0)
 62.5343 nan nan
---- (5.86207, 424.77, 0)
 0 2 3 (5.4955, 70.3153, 0)
 (299.567, 321.417, 0)
 (189.355, 165.645, 0)
 70.6726 35.3101 254.017
---- (189.355, 165.645, 0)
 0 1 3 (190.181, 332.41, 0)
 (190.181, 332.41, 0)
 (299.64, 178.96, 0)
 8.53774e-07 82.8322 277.168
---- (190.181, 332.41, 0)
 0 1 3 (238.571, 139.454, 0)
 (238.571, 360.546, 0)
 (5.4955, 70.3153, 0)
 106.097 155.346 98.5568
---- (238.571, 139.454, 0)
 0 1 2 (238.571, 360.546, 0)
 (189.355, 165.645, 0)
 (5.4955, 70.3153, 0)
 61.9796 44.5426 253.478
---- (238.571, 360.546, 0)
 0 1 2 (5.86207, 424.77, 0)
 (299.64, 178.96, 0)
 (299.64, 178.96, 0)
 124.017 0 235.983
---- (299.64, 178.96, 0)
 1 2 3 (299.567, 321.417, 0)
 (238.571, 139.454, 0)
 (299.567, 321.417, 0)
 122.87 122.87 114.26
---- (299.567, 321.417, 0)
 1 2 3 (238.571, 139.454, 0)
 (238.571, 360.546, 0)
 (190.181, 332.41, 0)
 104.149 26.9419 228.909
5600 (5.4955, 70.3153, 0)
 0 2 3 (189.355, 165.645, 0)
 (5.86207, 424.77, 0)
 (5.86207, 424.77, 0)
 62.5343 nan nan
---- (5.86207, 424.77, 0)
 0 2 3 (5.4955, 70.3153, 0)
 (299.64, 321.04, 0)
 (189.355, 165.645, 0)
 70.6116 35.2491 254.139
---- (189.355, 165.645, 0)
 0 1 3 (190.181, 332.41, 0)
 (190.181, 332.41, 0)
 (299.64, 178.96, 0)
 8.53774e-07 82.8322 277.168
---- (190.181, 332.41, 0)
 0 1 3 (238.678, 139.711, 0)
 (238.571, 360.546, 0)
 (5.4955, 70.3153, 0)
 106.049 155.346 98.6045
---- (238.678, 139.711, 0)
 0 1 2 (238.571, 360.546, 0)
 (189.355, 165.645, 0)
 (5.4955, 70.3153, 0)
 62.2366 44.3089 253.454
---- (238.571, 360.546, 0)
 0 1 2 (5.86207, 424.77, 0)
 (299.64, 178.96, 0)
 (299.64, 178.96, 0)
 124.017 0 235.983
---- (299.64, 178.96, 0)
 1 2 3 (299.64, 321.04, 0)
 (238.678, 139.711, 0)
 (299.64, 321.04, 0)
 122.775 122.775 114.451
---- (299.64, 321.04, 0)
 1 2 3 (238.678, 139.711, 0)
 (238.571, 360.546, 0)
 (190.181, 332.41, 0)
 104.317 26.9694 228.714
5700 (5.4955, 70.3153, 0)
 0 2 3 (189.355, 165.645, 0)
 (5.86207, 424.77, 0)
 (5.86207, 424.77, 0)
 62.5343 nan nan
---- (5.86207, 424.77, 0)
 0 2 3 (5.4955, 70.3153, 0)
 (299.64, 321.04, 0)
 (189.355, 165.645, 0)
 70.6116 35.2491 254.139
---- (189.355, 165.645, 0)
 0 1 3 (189.939, 332.256, 0)
 (189.939, 332.256, 0)
 (299.64, 178.96, 0)
 0 82.915 277.085
---- (189.939, 332.256, 0)
 0 1 3 (238.678, 139.711, 0)
 (238.571, 360.546, 0)
 (5.4955, 70.3153, 0)
 105.982 155.338 98.6795
---- (238.678, 139.711, 0)
 0 1 2 (238.571, 360.546, 0)
 (189.355, 165.645, 0)
 (5.4955, 70.3153, 0)
 62.2366 44.3089 253.454
---- (238.571, 360.546, 0)
 0 1 2 (5.86207, 424.77, 0)
 (299.64, 178.96, 0)
 (299.64, 178.96, 0)
 124.017 0 235.983
---- (299.64, 178.96, 0)
 1 2 3 (299.64, 321.04, 0)
 (238.678, 139.711, 0)
 (299.64, 321.04, 0)
 122.775 122.775 114.451
---- (299.64, 321.04, 0)
 1 2 3 (238.678, 139.711, 0)
 (238.571, 360.546, 0)
 (189.939, 332.256, 0)
 104.317 27.0617 228.621
5800 (5.45455, 70.0909, 0)
 0 2 3 (189.789, 165.842, 0)
 (5.86207, 424.77, 0)
 (5.86207, 424.77, 0)
 62.4849 nan nan
---- (5.86207, 424.77, 0)
 0 2 3 (5.45455, 70.0909, 0)
 (302.091, 320.636, 0)
 (189.789, 165.842, 0)
 70.6977 35.244 254.058
---- (189.789, 165.842, 0)
 0 1 3 (189.939, 332.256, 0)
 (189.939, 332.256, 0)
 (299.64, 178.96, 0)
 nan 83.1387 nan
---- (189.939, 332.256, 0)
 0 1 3 (238.678, 139.711, 0)
 (238.571, 360.546, 0)
 (5.45455, 70.0909, 0)
 105.982 155.321 98.6967
---- (238.678, 139.711, 0)
 0 1 2 (238.571, 360.546, 0)
 (189.789, 165.842, 0)
 (5.45455, 70.0909, 0)
 61.8474 44.746 253.407
---- (238.571, 360.546, 0)
 0 1 2 (5.86207, 424.77, 0)
 (299.64, 178.96, 0)
 (299.64, 178.96, 0)
 124.017 0 235.983
---- (299.64, 178.96, 0)
 1 2 3 (302.091, 320.636, 0)
 (238.678, 139.711, 0)
 (302.091, 320.636, 0)
 123.766 123.766 112.469
---- (302.091, 320.636, 0)
 1 2 3 (238.678, 139.711, 0)
 (238.571, 360.546, 0)
 (189.939, 332.256, 0)
 102.826 26.2264 230.947
5900 (5.45455, 70.0909, 0)
 0 2 3 (189.789, 165.842, 0)
 (5.81395, 425, 0)
 (5.81395, 425, 0)
 62.4927 8.53774e-07 297.507
---- (5.81395, 425, 0)
 0 2 3 (5.45455, 70.0909, 0)
 (302.091, 320.636, 0)
 (189.789, 165.842, 0)
 70.6532 35.2243 254.122
---- (189.789, 165.842, 0)
 0 1 3 (189.939, 332.256, 0)
 (189.939, 332.256, 0)
 (299.64, 178.96, 0)
 nan 83.1387 nan
---- (189.939, 332.256, 0)
 0 1 3 (238.678, 139.711, 0)
 (238.571, 360.546, 0)
 (5.45455, 70.0909, 0)
 105.982 155.321 98.6967
---- (238.678, 139.711, 0)
 0 1 2 (238.571, 360.546, 0)
 (189.789, 165.842, 0)
 (5.45455, 70.0909, 0)
 61.8474 44.746 253.407
---- (238.571, 360.546, 0)
 0 1 2 (5.81395, 425, 0)
 (299.64, 178.96, 0)
 (299.64, 178.96, 0)
 124.066 0 235.934
---- (299.64, 178.96, 0)
 1 2 3 (302.091, 320.636, 0)
 (238.678, 139.711, 0)
 (302.091, 320.636, 0)
 123.766 123.766 112.469
---- (302.091, 320.636, 0)
 1 2 3 (238.678, 139.711, 0)
 (238.571, 360.546, 0)
 (189.939, 332.256, 0)
 102.826 26.2264 230.947
6000 (5.45455, 70.0909, 0)
 0 2 3 (189.789, 165.842, 0)
 (5.81395, 425, 0)
 (5.81395, 425, 0)
 62.4927 8.53774e-07 297.507
---- (5.81395, 425, 0)
 0 2 3 (5.45455, 70.0909, 0)
 (302.091, 320.636, 0)
 (189.789, 165.842, 0)
 70.6532 35.2243 254.122
---- (189.789, 165.842, 0)
 0 1 3 (189.939, 332.256, 0)
 (189.939, 332.256, 0)
 (299.64, 178.96, 0)
 nan 83.1387 nan
---- (189.939, 332.256, 0)
 0 1 3 (238.833, 139.625, 0)
 (238.571, 360.546, 0)
 (5.45455, 70.0909, 0)
 105.945 155.321 98.7341
---- (238.833, 139.625, 0)
 0 1 2 (238.571, 360.546, 0)
 (189.789, 165.842, 0)
 (5.45455, 70.0909, 0)
 61.8047 44.7186 253.477
---- (238.571, 360.546, 0)
 0 1 2 (5.81395, 425, 0)
 (299.64, 178.96, 0)
 (299.64, 178.96, 0)
 124.066 0 235.934
---- (299.64, 178.96, 0)
 1 2 3 (302.091, 320.636, 0)
 (238.833, 139.625, 0)
 (302.091, 320.636, 0)
 123.889 123.889 112.221
---- (302.091, 320.636, 0)
 1 2 3 (238.833, 139.625, 0)
 (238.571, 360.546, 0)
 (189.939, 332.256, 0)
 102.879 26.2264 230.895
6100 (5.3211, 69.8165, 0)
 0 2 3 (189.789, 165.842, 0)
 (5.64706, 425.294, 0)
 (5.64706, 425.294, 0)
 62.4481 0 297.552
---- (5.64706, 425.294, 0)
 0 2 3 (5.3211, 69.8165, 0)
 (302.091, 320.636, 0)
 (189.789, 165.842, 0)
 70.6073 35.19 254.203
---- (189.789, 165.842, 0)
 0 1 3 (189.939, 332.256, 0)
 (189.939, 332.256, 0)
 (299.64, 178.96, 0)
 nan 83.1387 nan
---- (189.939, 332.256, 0)
 0 1 3 (238.833, 139.625, 0)
 (238.678, 360.289, 0)
 (5.3211, 69.8165, 0)
 105.664 155.032 99.3044
---- (238.833, 139.625, 0)
 0 1 2 (238.678, 360.289, 0)
 (189.789, 165.842, 0)
 (5.3211, 69.8165, 0)
 61.8322 44.7714 253.396
---- (238.678, 360.289, 0)
 0 1 2 (5.64706, 425.294, 0)
 (299.64, 178.96, 0)
 (299.64, 178.96, 0)
 124.169 0 235.831
---- (299.64, 178.96, 0)
 1 2 3 (302.091, 320.636, 0)
 (238.833, 139.625, 0)
 (302.091, 320.636, 0)
 123.889 123.889 112.221
---- (302.091, 320.636, 0)
 1 2 3 (238.833, 139.625, 0)
 (238.678, 360.289, 0)
 (189.939, 332.256, 0)
 102.755 26.103 231.142
6200 (5.3211, 69.8165, 0)
 0 2 3 (189.789, 165.842, 0)
 (5.64706, 425.294, 0)
 (5.64706, 425.294, 0)
 62.4481 0 297.552
---- (5.64706, 425.294, 0)
 0 2 3 (5.3211, 69.8165, 0)
 (302.091, 320.636, 0)
 (189.789, 165.842, 0)
 70.6073 35.19 254.203
---- (189.789, 165.842, 0)
 0 1 3 (189.939, 332.256, 0)
 (189.939, 332.256, 0)
 (299.64, 178.96, 0)
 nan 83.1387 nan
---- (189.939, 332.256, 0)
 0 1 3 (238.833, 139.625, 0)
 (238.678, 360.289, 0)
 (5.3211, 69.8165, 0)
 105.664 155.032 99.3044
---- (238.833, 139.625, 0)
 0 1 2 (238.678, 360.289, 0)
 (189.789, 165.842, 0)
 (5.3211, 69.8165, 0)
 61.8322 44.7714 253.396
---- (238.678, 360.289, 0)
 0 1 2 (5.64706, 425.294, 0)
 (299.64, 178.96, 0)
 (299.64, 178.96, 0)
 124.169 0 235.831
---- (299.64, 178.96, 0)
 1 2 3 (302.091, 320.636, 0)
 (238.833, 139.625, 0)
 (302.091, 320.636, 0)
 123.889 123.889 112.221
---- (302.091, 320.636, 0)
 1 2 3 (238.833, 139.625, 0)
 (238.678, 360.289, 0)
 (189.939, 332.256, 0)
 102.755 26.103 231.142
6300 (5.3211, 69.8165, 0)
 0 2 3 (189.688, 165.99, 0)
 (5.64706, 425.294, 0)
 (5.64706, 425.294, 0)
 62.3991 0 297.601
---- (5.64706, 425.294, 0)
 0 2 3 (5.3211, 69.8165, 0)
 (302.091, 320.636, 0)
 (189.688, 165.99, 0)
 70.6073 35.1896 254.203
---- (189.688, 165.99, 0)
 0 1 3 (189.939, 332.256, 0)
 (189.939, 332.256, 0)
 (299.64, 178.96, 0)
 8.53774e-07 83.1856 276.814
---- (189.939, 332.256, 0)
 0 1 3 (238.833, 139.625, 0)
 (238.678, 360.289, 0)
 (5.3211, 69.8165, 0)
 105.664 155.032 99.3044
---- (238.833, 139.625, 0)
 0 1 2 (238.678, 360.289, 0)
 (189.688, 165.99, 0)
 (5.3211, 69.8165, 0)
 61.748 44.8556 253.396
---- (238.678, 360.289, 0)
 0 1 2 (5.64706, 425.294, 0)
 (299.64, 178.96, 0)
 (299.64, 178.96, 0)
 124.169 0 235.831
---- (299.64, 178.96, 0)
 1 2 3 (302.091, 320.636, 0)
 (238.833, 139.625, 0)
 (302.091, 320.636, 0)
 123.889 123.889 112.221
---- (302.091, 320.636, 0)
 1 2 3 (238.833, 139.625, 0)
 (238.678, 360.289, 0)
 (189.939, 332.256, 0)
 102.755 26.103 231.142
6400 (5.3211, 69.8165, 0)
 0 2 3 (189.688, 165.99, 0)
 (5.64706, 425.294, 0)
 (5.64706, 425.294, 0)
 62.3991 0 297.601
---- (5.64706, 425.294, 0)
 0 2 3 (5.3211, 69.8165, 0)
 (302.027, 320.676, 0)
 (189.688, 165.99, 0)
 70.6101 35.1925 254.197
---- (189.688, 165.99, 0)
 0 1 3 (190.417, 332.083, 0)
 (190.417, 332.083, 0)
 (299.603, 178.929, 0)
 0 83.0347 276.965
---- (190.417, 332.083, 0)
 0 1 3 (238.833, 139.625, 0)
 (238.678, 360.289, 0)
 (5.3211, 69.8165, 0)
 106.183 155.517 98.3003
---- (238.833, 139.625, 0)
 0 1 2 (238.678, 360.289, 0)
 (189.688, 165.99, 0)
 (5.3211, 69.8165, 0)
 61.748 44.8556 253.396
---- (238.678, 360.289, 0)
 0 1 2 (5.64706, 425.294, 0)
 (299.603, 178.929, 0)
 (299.603, 178.929, 0)
 124.156 0 235.844
---- (299.603, 178.929, 0)
 1 2 3 (302.027, 320.676, 0)
 (238.833, 139.625, 0)
 (302.027, 320.676, 0)
 123.873 123.873 112.254
---- (302.027, 320.676, 0)
 1 2 3 (238.833, 139.625, 0)
 (238.678, 360.289, 0)
 (190.417, 332.083, 0)
 102.778 26.1826 231.04
6500 (5.3211, 69.8165, 0)
 0 2 3 (189.688, 165.99, 0)
 (5.64706, 425.294, 0)
 (5.64706, 425.294, 0)
 62.3991 0 297.601
---- (5.64706, 425.294, 0)
 0 2 3 (5.3211, 69.8165, 0)
 (302.027, 320.676, 0)
 (189.688, 165.99, 0)
 70.6101 35.1925 254.197
---- (189.688, 165.99, 0)
 0 1 3 (190.417, 332.083, 0)
 (190.417, 332.083, 0)
 (299.603, 178.929, 0)
 0 83.0347 276.965
---- (190.417, 332.083, 0)
 0 1 3 (238.833, 139.625, 0)
 (238.833, 360.375, 0)
 (5.3211, 69.8165, 0)
 106.178 155.512 98.3095
---- (238.833, 139.625, 0)
 0 1 2 (238.833, 360.375, 0)
 (189.688, 165.99, 0)
 (5.3211, 69.8165, 0)
 61.7884 44.8556 253.356
---- (238.833, 360.375, 0)
 0 1 2 (5.64706, 425.294, 0)
 (299.603, 178.929, 0)
 (299.603, 178.929, 0)
 124.074 0 235.926
---- (299.603, 178.929, 0)
 1 2 3 (302.027, 320.676, 0)
 (238.833, 139.625, 0)
 (302.027, 320.676, 0)
 123.873 123.873 112.254
---- (302.027, 320.676, 0)
 1 2 3 (238.833, 139.625, 0)
 (238.833, 360.375, 0)
 (190.417, 332.083, 0)
 102.897 26.3018 230.801
6600 (5.3211, 69.8165, 0)
 0 2 3 (189.485, 166.082, 0)
 (5.64706, 425.294, 0)
 (5.64706, 425.294, 0)
 62.3505 0 297.65
---- (5.64706, 425.294, 0)
 0 2 3 (5.3211, 69.8165, 0)
 (302.027, 320.676, 0)
 (189.485, 166.082, 0)
 70.6101 35.2127 254.177
---- (189.485, 166.082, 0)
 0 1 3 (190.417, 332.083, 0)
 (190.417, 332.083, 0)
 (299.603, 178.929, 0)
 0 83.0244 276.976
---- (190.417, 332.083, 0)
 0 1 3 (238.833, 139.625, 0)
 (238.833, 360.375, 0)
 (5.3211, 69.8165, 0)
 106.178 155.512 98.3095
---- (238.833, 139.625, 0)
 0 1 2 (238.833, 360.375, 0)
 (189.485, 166.082, 0)
 (5.3211, 69.8165, 0)
 61.8028 44.8412 253.356
---- (238.833, 360.375, 0)
 0 1 2 (5.64706, 425.294, 0)
 (299.603, 178.929, 0)
 (299.603, 178.929, 0)
 124.074 0 235.926
---- (299.603, 178.929, 0)
 1 2 3 (302.027, 320.676, 0)
 (238.833, 139.625, 0)
 (302.027, 320.676, 0)
 123.873 123.873 112.254
---- (302.027, 320.676, 0)
 1 2 3 (238.833, 139.625, 0)
 (238.833, 360.375, 0)
 (190.417, 332.083, 0)
 102.897 26.3018 230.801
6700 (5.3211, 69.8165, 0)
 0 2 3 (189.485, 166.082, 0)
 (5.64706, 425.294, 0)
 (5.64706, 425.294, 0)
 62.3505 0 297.65
---- (5.64706, 425.294, 0)
 0 2 3 (5.3211, 69.8165, 0)
 (302.027, 320.676, 0)
 (189.485, 166.082, 0)
 70.6101 35.2127 254.177
---- (189.485, 166.082, 0)
 0 1 3 (190.417, 332.083, 0)
 (190.417, 332.083, 0)
 (299.603, 178.929, 0)
 0 83.0244 276.976
---- (190.417, 332.083, 0)
 0 1 3 (238.833, 139.625, 0)
 (238.833, 360.375, 0)
 (5.3211, 69.8165, 0)
 106.178 155.512 98.3095
---- (238.833, 139.625, 0)
 0 1 2 (238.833, 360.375, 0)
 (189.485, 166.082, 0)
 (5.3211, 69.8165, 0)
 61.8028 44.8412 253.356
---- (238.833, 360.375, 0)
 0 1 2 (5.64706, 425.294, 0)
 (299.603, 178.929, 0)
 (299.603, 178.929, 0)
 124.074 0 235.926
---- (299.603, 178.929, 0)
 1 2 3 (302.027, 320.676, 0)
 (238.833, 139.625, 0)
 (302.027, 320.676, 0)
 123.873 123.873 112.254
---- (302.027, 320.676, 0)
 1 2 3 (238.833, 139.625, 0)
 (238.833, 360.375, 0)
 (190.417, 332.083, 0)
 102.897 26.3018 230.801
6800 (5.3211, 69.8165, 0)
 0 2 3 (189.184, 166.122, 0)
 (5.64706, 425.294, 0)
 (5.64706, 425.294, 0)
 62.3022 0 297.698
---- (5.64706, 425.294, 0)
 0 2 3 (5.3211, 69.8165, 0)
 (302.027, 320.676, 0)
 (189.184, 166.122, 0)
 70.6101 35.2528 254.137
---- (189.184, 166.122, 0)
 0 1 3 (190.294, 331.941, 0)
 (190.294, 331.941, 0)
 (299.603, 178.929, 0)
 0 83.0009 276.999
---- (190.294, 331.941, 0)
 0 1 3 (238.833, 139.625, 0)
 (238.833, 360.375, 0)
 (5.3211, 69.8165, 0)
 106.196 155.571 98.233
---- (238.833, 139.625, 0)
 0 1 2 (238.833, 360.375, 0)
 (189.184, 166.122, 0)
 (5.3211, 69.8165, 0)
 61.9117 44.7324 253.356
---- (238.833, 360.375, 0)
 0 1 2 (5.64706, 425.294, 0)
 (299.603, 178.929, 0)
 (299.603, 178.929, 0)
 124.074 0 235.926
---- (299.603, 178.929, 0)
 1 2 3 (302.027, 320.676, 0)
 (238.833, 139.625, 0)
 (302.027, 320.676, 0)
 123.873 123.873 112.254
---- (302.027, 320.676, 0)
 1 2 3 (238.833, 139.625, 0)
 (238.833, 360.375, 0)
 (190.294, 331.941, 0)
 102.897 26.3803 230.723
6900 (5.3211, 69.8165, 0)
 0 2 3 (189.184, 166.122, 0)
 (5.64706, 425.294, 0)
 (5.64706, 425.294, 0)
 62.3022 0 297.698
---- (5.64706, 425.294, 0)
 0 2 3 (5.3211, 69.8165, 0)
 (302.027, 320.676, 0)
 (189.184, 166.122, 0)
 70.6101 35.2528 254.137
---- (189.184, 166.122, 0)
 0 1 3 (190.294, 331.941, 0)
 (190.294, 331.941, 0)
 (299.603, 178.929, 0)
 0 83.0009 276.999
---- (190.294, 331.941, 0)
 0 1 3 (238.833, 139.625, 0)
 (238.833, 360.375, 0)
 (5.3211, 69.8165, 0)
 106.196 155.571 98.233
---- (238.833, 139.625, 0)
 0 1 2 (238.833, 360.375, 0)
 (189.184, 166.122, 0)
 (5.3211, 69.8165, 0)
 61.9117 44.7324 253.356
---- (238.833, 360.375, 0)
 0 1 2 (5.64706, 425.294, 0)
 (299.603, 178.929, 0)
 (299.603, 178.929, 0)
 124.074 0 235.926
---- (299.603, 178.929, 0)
 1 2 3 (302.027, 320.676, 0)
 (238.833, 139.625, 0)
 (302.027, 320.676, 0)
 123.873 123.873 112.254
---- (302.027, 320.676, 0)
 1 2 3 (238.833, 139.625, 0)
 (238.833, 360.375, 0)
 (190.294, 331.941, 0)
 102.897 26.3803 230.723
7000 (5.3211, 69.8165, 0)
 0 2 3 (189.124, 166.082, 0)
 (5.64706, 425.294, 0)
 (5.64706, 425.294, 0)
 62.3043 0 297.696
---- (5.64706, 425.294, 0)
 0 2 3 (5.3211, 69.8165, 0)
 (302.027, 320.676, 0)
 (189.124, 166.082, 0)
 70.6101 35.2658 254.124
---- (189.124, 166.082, 0)
 0 1 3 (190.294, 331.941, 0)
 (190.294, 331.941, 0)
 (299.603, 178.929, 0)
 0 82.9634 277.037
---- (190.294, 331.941, 0)
 0 1 3 (238.908, 139.58, 0)
 (238.833, 360.375, 0)
 (5.3211, 69.8165, 0)
 106.179 155.571 98.2506
---- (238.908, 139.58, 0)
 0 1 2 (238.833, 360.375, 0)
 (189.124, 166.082, 0)
 (5.3211, 69.8165, 0)
 61.9519 44.6577 253.39
---- (238.833, 360.375, 0)
 0 1 2 (5.64706, 425.294, 0)
 (299.603, 178.929, 0)
 (299.603, 178.929, 0)
 124.074 0 235.926
---- (299.603, 178.929, 0)
 1 2 3 (302.027, 320.676, 0)
 (238.908, 139.58, 0)
 (302.027, 320.676, 0)
 123.935 123.935 112.13
---- (302.027, 320.676, 0)
 1 2 3 (238.908, 139.58, 0)
 (238.833, 360.375, 0)
 (190.294, 331.941, 0)
 102.922 26.3803 230.698
7100 (5.3211, 69.8165, 0)
 0 2 3 (189.062, 166.094, 0)
 (5.64706, 425.294, 0)
 (5.64706, 425.294, 0)
 62.2937 0 297.706
---- (5.64706, 425.294, 0)
 0 2 3 (5.3211, 69.8165, 0)
 (302.027, 320.676, 0)
 (189.062, 166.094, 0)
 70.6101 35.2736 254.116
---- (189.062, 166.094, 0)
 0 1 3 (190.058, 331.86, 0)
 (190.058, 331.86, 0)
 (299.603, 178.929, 0)
 nan 83.0329 nan
---- (190.058, 331.86, 0)
 0 1 3 (239.303, 139.836, 0)
 (238.833, 360.375, 0)
 (5.3211, 69.8165, 0)
 105.927 155.494 98.5783
---- (239.303, 139.836, 0)
 0 1 2 (238.833, 360.375, 0)
 (189.062, 166.094, 0)
 (5.3211, 69.8165, 0)
 62.2847 44.2531 253.462
---- (238.833, 360.375, 0)
 0 1 2 (5.64706, 425.294, 0)
 (299.603, 178.929, 0)
 (299.603, 178.929, 0)
 124.074 0 235.926
---- (299.603, 178.929, 0)
 1 2 3 (302.027, 320.676, 0)
 (239.303, 139.836, 0)
 (302.027, 320.676, 0)
 123.935 123.935 112.13
---- (302.027, 320.676, 0)
 1 2 3 (239.303, 139.836, 0)
 (238.833, 360.375, 0)
 (190.058, 331.86, 0)
 103.009 26.4333 230.558
7200 (5.3211, 69.8165, 0)
 0 2 3 (189.062, 166.094, 0)
 (5.64706, 425.294, 0)
 (5.64706, 425.294, 0)
 62.2937 0 297.706
---- (5.64706, 425.294, 0)
 0 2 3 (5.3211, 69.8165, 0)
 (302.027, 320.676, 0)
 (189.062, 166.094, 0)
 70.6101 35.2736 254.116
---- (189.062, 166.094, 0)
 0 1 3 (190.058, 331.86, 0)
 (190.058, 331.86, 0)
 (299.603, 178.929, 0)
 nan 83.0329 nan
---- (190.058, 331.86, 0)
 0 1 3 (239.303, 139.836, 0)
 (238.833, 360.375, 0)
 (5.3211, 69.8165, 0)
 105.927 155.494 98.5783
---- (239.303, 139.836, 0)
 0 1 2 (238.833, 360.375, 0)
 (189.062, 166.094, 0)
 (5.3211, 69.8165, 0)
 62.2847 44.2531 253.462
---- (238.833, 360.375, 0)
 0 1 2 (5.64706, 425.294, 0)
 (299.603, 178.929, 0)
 (299.603, 178.929, 0)
 124.074 0 235.926
---- (299.603, 178.929, 0)
 1 2 3 (302.027, 320.676, 0)
 (239.303, 139.836, 0)
 (302.027, 320.676, 0)
 123.935 123.935 112.13
---- (302.027, 320.676, 0)
 1 2 3 (239.303, 139.836, 0)
 (238.833, 360.375, 0)
 (190.058, 331.86, 0)
 103.009 26.4333 230.558
7300 (5.3211, 69.8165, 0)
 0 2 3 (189.062, 166.094, 0)
 (5.64706, 425.294, 0)
 (5.64706, 425.294, 0)
 62.2937 0 297.706
---- (5.64706, 425.294, 0)
 0 2 3 (5.3211, 69.8165, 0)
 (302.027, 320.676, 0)
 (189.062, 166.094, 0)
 70.6101 35.2736 254.116
---- (189.062, 166.094, 0)
 0 1 3 (190.058, 331.86, 0)
 (190.058, 331.86, 0)
 (299.603, 178.929, 0)
 nan 83.0329 nan
---- (190.058, 331.86, 0)
 0 1 3 (239.303, 139.836, 0)
 (238.833, 360.375, 0)
 (5.3211, 69.8165, 0)
 105.927 155.494 98.5783
---- (239.303, 139.836, 0)
 0 1 2 (238.833, 360.375, 0)
 (189.062, 166.094, 0)
 (5.3211, 69.8165, 0)
 62.2847 44.2531 253.462
---- (238.833, 360.375, 0)
 0 1 2 (5.64706, 425.294, 0)
 (299.603, 178.929, 0)
 (299.603, 178.929, 0)
 124.074 0 235.926
---- (299.603, 178.929, 0)
 1 2 3 (302.027, 320.676, 0)
 (239.303, 139.836, 0)
 (302.027, 320.676, 0)
 123.935 123.935 112.13
---- (302.027, 320.676, 0)
 1 2 3 (239.303, 139.836, 0)
 (238.833, 360.375, 0)
 (190.058, 331.86, 0)
 103.009 26.4333 230.558
7400 (5.3211, 69.8165, 0)
 0 2 3 (189.062, 166.094, 0)
 (5.64706, 425.294, 0)
 (5.64706, 425.294, 0)
 62.2937 0 297.706
---- (5.64706, 425.294, 0)
 0 2 3 (5.3211, 69.8165, 0)
 (302.027, 320.676, 0)
 (189.062, 166.094, 0)
 70.6101 35.2736 254.116
---- (189.062, 166.094, 0)
 0 1 3 (189.713, 331.839, 0)
 (189.713, 331.839, 0)
 (299.603, 178.929, 0)
 0 83.1523 276.848
---- (189.713, 331.839, 0)
 0 1 3 (239.39, 139.919, 0)
 (238.908, 360.42, 0)
 (5.3211, 69.8165, 0)
 105.643 155.291 99.0661
---- (239.39, 139.919, 0)
 0 1 2 (238.908, 360.42, 0)
 (189.062, 166.094, 0)
 (5.3211, 69.8165, 0)
 62.396 44.1512 253.453
---- (238.908, 360.42, 0)
 0 1 2 (5.64706, 425.294, 0)
 (299.603, 178.929, 0)
 (299.603, 178.929, 0)
 124.034 0 235.966
---- (299.603, 178.929, 0)
 1 2 3 (302.027, 320.676, 0)
 (239.39, 139.919, 0)
 (302.027, 320.676, 0)
 123.917 123.917 112.165
---- (302.027, 320.676, 0)
 1 2 3 (239.39, 139.919, 0)
 (238.908, 360.42, 0)
 (189.713, 331.839, 0)
 103.085 26.5212 230.394
7500 (5, 67.1074, 0)
 0 2 3 (189.062, 166.094, 0)
 (5.64706, 425.294, 0)
 (5.64706, 425.294, 0)
 61.6257 0 298.374
---- (5.64706, 425.294, 0)
 0 2 3 (5, 67.1074, 0)
 (302.027, 320.676, 0)
 (189.062, 166.094, 0)
 70.6611 35.2736 254.065
---- (189.062, 166.094, 0)
 0 1 3 (189.651, 331.86, 0)
 (189.651, 331.86, 0)
 (299.603, 178.929, 0)
 0 83.1736 276.826
---- (189.651, 331.86, 0)
 0 1 3 (239.39, 139.919, 0)
 (239.303, 360.164, 0)
 (5, 67.1074, 0)
 105.157 154.578 100.265
---- (239.39, 139.919, 0)
 0 1 2 (239.303, 360.164, 0)
 (189.062, 166.094, 0)
 (5, 67.1074, 0)
 62.4988 44.7355 252.766
---- (239.303, 360.164, 0)
 0 1 2 (5.64706, 425.294, 0)
 (299.603, 178.929, 0)
 (299.603, 178.929, 0)
 123.979 0 236.021
---- (299.603, 178.929, 0)
 1 2 3 (302.027, 320.676, 0)
 (239.39, 139.919, 0)
 (302.027, 320.676, 0)
 123.917 123.917 112.165
---- (302.027, 320.676, 0)
 1 2 3 (239.39, 139.919, 0)
 (239.303, 360.164, 0)
 (189.651, 331.86, 0)
 103.08 26.5089 230.411
7600 (5.25424, 66.6525, 0)
 0 2 3 (189.091, 166.667, 0)
 (5.96386, 425.723, 0)
 (5.96386, 425.723, 0)
 61.3389 nan nan
---- (5.96386, 425.723, 0)
 0 2 3 (5.25424, 66.6525, 0)
 (302.027, 320.676, 0)
 (189.091, 166.667, 0)
 70.5779 35.2081 254.214
---- (189.091, 166.667, 0)
 0 1 3 (189.588, 331.824, 0)
 (189.588, 331.824, 0)
 (299.488, 178.858, 0)
 0 83.5256 276.474
---- (189.588, 331.824, 0)
 0 1 3 (239.39, 139.919, 0)
 (239.39, 360.081, 0)
 (5.25424, 66.6525, 0)
 105.023 154.376 100.602
---- (239.39, 139.919, 0)
 0 1 2 (239.39, 360.081, 0)
 (189.091, 166.667, 0)
 (5.25424, 66.6525, 0)
 61.997 45.379 252.624
---- (239.39, 360.081, 0)
 0 1 2 (5.96386, 425.723, 0)
 (299.488, 178.858, 0)
 (299.488, 178.858, 0)
 124.053 0 235.947
---- (299.488, 178.858, 0)
 1 2 3 (302.027, 320.676, 0)
 (239.39, 139.919, 0)
 (302.027, 320.676, 0)
 123.966 123.966 112.068
---- (302.027, 320.676, 0)
 1 2 3 (239.39, 139.919, 0)
 (239.39, 360.081, 0)
 (189.588, 331.824, 0)
 103.062 26.5124 230.426
7700 (5.25424, 66.6525, 0)
 0 2 3 (189.091, 166.667, 0)
 (5.96386, 425.723, 0)
 (5.96386, 425.723, 0)
 61.3389 nan nan
---- (5.96386, 425.723, 0)
 0 2 3 (5.25424, 66.6525, 0)
 (301.875, 320.759, 0)
 (189.091, 166.667, 0)
 70.5829 35.2131 254.204
---- (189.091, 166.667, 0)
 0 1 3 (189.588, 331.824, 0)
 (189.588, 331.824, 0)
 (299.488, 178.858, 0)
 0 83.5256 276.474
---- (189.588, 331.824, 0)
 0 1 3 (239.39, 139.919, 0)
 (239.39, 360.081, 0)
 (5.25424, 66.6525, 0)
 105.023 154.376 100.602
---- (239.39, 139.919, 0)
 0 1 2 (239.39, 360.081, 0)
 (189.091, 166.667, 0)
 (5.25424, 66.6525, 0)
 61.997 45.379 252.624
---- (239.39, 360.081, 0)
 0 1 2 (5.96386, 425.723, 0)
 (299.488, 178.858, 0)
 (299.488, 178.858, 0)
 124.053 0 235.947
---- (299.488, 178.858, 0)
 1 2 3 (301.875, 320.759, 0)
 (239.39, 139.919, 0)
 (301.875, 320.759, 0)
 123.904 123.904 112.191
---- (301.875, 320.759, 0)
 1 2 3 (239.39, 139.919, 0)
 (239.39, 360.081, 0)
 (189.588, 331.824, 0)
 103.121 26.555 230.324
7800 (5.25424, 66.6525, 0)
 0 2 3 (189.091, 166.667, 0)
 (5.96386, 425.723, 0)
 (5.96386, 425.723, 0)
 61.3389 nan nan
---- (5.96386, 425.723, 0)
 0 2 3 (5.25424, 66.6525, 0)
 (301.875, 320.759, 0)
 (189.091, 166.667, 0)
 70.5829 35.2131 254.204
---- (189.091, 166.667, 0)
 0 1 3 (189.588, 331.824, 0)
 (189.588, 331.824, 0)
 (299.488, 178.858, 0)
 0 83.5256 276.474
---- (189.588, 331.824, 0)
 0 1 3 (239.215, 140, 0)
 (239.39, 360.081, 0)
 (5.25424, 66.6525, 0)
 105.066 154.376 100.558
---- (239.215, 140, 0)
 0 1 2 (239.39, 360.081, 0)
 (189.091, 166.667, 0)
 (5.25424, 66.6525, 0)
 62.032 45.42 252.548
---- (239.39, 360.081, 0)
 0 1 2 (5.96386, 425.723, 0)
 (299.488, 178.858, 0)
 (299.488, 178.858, 0)
 124.053 0 235.947
---- (299.488, 178.858, 0)
 1 2 3 (301.875, 320.759, 0)
 (239.215, 140, 0)
 (301.875, 320.759, 0)
 123.774 123.774 112.453
---- (301.875, 320.759, 0)
 1 2 3 (239.215, 140, 0)
 (239.39, 360.081, 0)
 (189.588, 331.824, 0)
 103.064 26.555 230.381
7900 (5.25424, 66.6525, 0)
 0 2 3 (189.091, 166.667, 0)
 (5.96386, 425.723, 0)
 (5.96386, 425.723, 0)
 61.3389 nan nan
---- (5.96386, 425.723, 0)
 0 2 3 (5.25424, 66.6525, 0)
 (301.875, 320.759, 0)
 (189.091, 166.667, 0)
 70.5829 35.2131 254.204
---- (189.091, 166.667, 0)
 0 1 3 (189.588, 331.824, 0)
 (189.588, 331.824, 0)
 (299.488, 178.858, 0)
 0 83.5256 276.474
---- (189.588, 331.824, 0)
 0 1 3 (239.215, 140, 0)
 (239.39, 360.081, 0)
 (5.25424, 66.6525, 0)
 105.066 154.376 100.558
---- (239.215, 140, 0)
 0 1 2 (239.39, 360.081, 0)
 (189.091, 166.667, 0)
 (5.25424, 66.6525, 0)
 62.032 45.42 252.548
---- (239.39, 360.081, 0)
 0 1 2 (5.96386, 425.723, 0)
 (299.488, 178.858, 0)
 (299.488, 178.858, 0)
 124.053 0 235.947
---- (299.488, 178.858, 0)
 1 2 3 (301.875, 320.759, 0)
 (239.215, 140, 0)
 (301.875, 320.759, 0)
 123.774 123.774 112.453
---- (301.875, 320.759, 0)
 1 2 3 (239.215, 140, 0)
 (239.39, 360.081, 0)
 (189.588, 331.824, 0)
 103.064 26.555 230.381
8000 (5.25424, 66.6525, 0)
 0 2 3 (189.091, 166.667, 0)
 (5.96386, 425.723, 0)
 (5.96386, 425.723, 0)
 61.3389 nan nan
---- (5.96386, 425.723, 0)
 0 2 3 (5.25424, 66.6525, 0)
 (301.875, 320.759, 0)
 (189.091, 166.667, 0)
 70.5829 35.2131 254.204
---- (189.091, 166.667, 0)
 0 1 3 (189.588, 331.824, 0)
 (189.588, 331.824, 0)
 (299.488, 178.858, 0)
 0 83.5256 276.474
---- (189.588, 331.824, 0)
 0 1 3 (238.792, 140.5, 0)
 (239.39, 360.081, 0)
 (5.25424, 66.6525, 0)
 105.148 154.376 100.476
---- (238.792, 140.5, 0)
 0 1 2 (239.39, 360.081, 0)
 (189.091, 166.667, 0)
 (5.25424, 66.6525, 0)
 62.3901 45.3137 252.296
---- (239.39, 360.081, 0)
 0 1 2 (5.96386, 425.723, 0)
 (299.488, 178.858, 0)
 (299.488, 178.858, 0)
 124.053 0 235.947
---- (299.488, 178.858, 0)
 1 2 3 (301.875, 320.759, 0)
 (238.792, 140.5, 0)
 (301.875, 320.759, 0)
 123.255 123.255 113.49
---- (301.875, 320.759, 0)
 1 2 3 (238.792, 140.5, 0)
 (239.39, 360.081, 0)
 (189.588, 331.824, 0)
 102.895 26.555 230.55
8100 (5.16807, 66.6807, 0)
 0 2 3 (189.091, 166.667, 0)
 (5.96386, 425.723, 0)
 (5.96386, 425.723, 0)
 61.3432 8.53774e-07 298.657
---- (5.96386, 425.723, 0)
 0 2 3 (5.16807, 66.6807, 0)
 (301.875, 320.759, 0)
 (189.091, 166.667, 0)
 70.5967 35.2131 254.19
---- (189.091, 166.667, 0)
 0 1 3 (189.588, 331.824, 0)
 (189.588, 331.824, 0)
 (299.488, 178.858, 0)
 0 83.5256 276.474
---- (189.588, 331.824, 0)
 0 1 3 (238.792, 140.5, 0)
 (239.215, 360, 0)
 (5.16807, 66.6807, 0)
 105.164 154.407 100.429
---- (238.792, 140.5, 0)
 0 1 2 (239.215, 360, 0)
 (189.091, 166.667, 0)
 (5.16807, 66.6807, 0)
 62.3444 45.3014 252.354
---- (239.215, 360, 0)
 0 1 2 (5.96386, 425.723, 0)
 (299.488, 178.858, 0)
 (299.488, 178.858, 0)
 124.141 1.20742e-06 235.859
---- (299.488, 178.858, 0)
 1 2 3 (301.875, 320.759, 0)
 (238.792, 140.5, 0)
 (301.875, 320.759, 0)
 123.255 123.255 113.49
---- (301.875, 320.759, 0)
 1 2 3 (238.792, 140.5, 0)
 (239.215, 360, 0)
 (189.588, 331.824, 0)
 102.769 26.4293 230.802
8200 (5.16807, 66.6807, 0)
 0 2 3 (189.091, 166.667, 0)
 (5.96386, 425.723, 0)
 (5.96386, 425.723, 0)
 61.3432 8.53774e-07 298.657
---- (5.96386, 425.723, 0)
 0 2 3 (5.16807, 66.6807, 0)
 (301.727, 320.5, 0)
 (189.091, 166.667, 0)
 70.5431 35.1596 254.297
---- (189.091, 166.667, 0)
 0 1 3 (189.602, 331.25, 0)
 (189.602, 331.25, 0)
 (299.488, 178.858, 0)
 nan 83.5201 nan
---- (189.602, 331.25, 0)
 0 1 3 (238.792, 140.5, 0)
 (238.95, 359.916, 0)
 (5.16807, 66.6807, 0)
 105.692 155.033 99.2745
---- (238.792, 140.5, 0)
 0 1 2 (238.95, 359.916, 0)
 (189.091, 166.667, 0)
 (5.16807, 66.6807, 0)
 62.2751 45.3014 252.424
---- (238.95, 359.916, 0)
 0 1 2 (5.96386, 425.723, 0)
 (299.488, 178.858, 0)
 (299.488, 178.858, 0)
 124.26 0 235.74
---- (299.488, 178.858, 0)
 1 2 3 (301.727, 320.5, 0)
 (238.792, 140.5, 0)
 (301.727, 320.5, 0)
 123.197 123.197 113.606
---- (301.727, 320.5, 0)
 1 2 3 (238.792, 140.5, 0)
 (238.95, 359.916, 0)
 (189.602, 331.25, 0)
 102.852 26.6468 230.502
8300 (5.16807, 66.6807, 0)
 0 2 3 (189.091, 166.667, 0)
 (5.83333, 425.774, 0)
 (5.83333, 425.774, 0)
 61.364 8.53774e-07 298.636
---- (5.83333, 425.774, 0)
 0 2 3 (5.16807, 66.6807, 0)
 (301.727, 320.5, 0)
 (189.091, 166.667, 0)
 70.5215 35.1449 254.334
---- (189.091, 166.667, 0)
 0 1 3 (189.602, 331.25, 0)
 (189.602, 331.25, 0)
 (299.32, 179.08, 0)
 nan 83.3967 nan
---- (189.602, 331.25, 0)
 0 1 3 (238.792, 140.5, 0)
 (238.95, 359.916, 0)
 (5.16807, 66.6807, 0)
 105.692 155.033 99.2745
---- (238.792, 140.5, 0)
 0 1 2 (238.95, 359.916, 0)
 (189.091, 166.667, 0)
 (5.16807, 66.6807, 0)
 62.2751 45.3014 252.424
---- (238.95, 359.916, 0)
 0 1 2 (5.83333, 425.774, 0)
 (299.32, 179.08, 0)
 (299.32, 179.08, 0)
 124.237 0 235.763
---- (299.32, 179.08, 0)
 1 2 3 (301.727, 320.5, 0)
 (238.792, 140.5, 0)
 (301.727, 320.5, 0)
 123.488 123.488 113.024
---- (301.727, 320.5, 0)
 1 2 3 (238.792, 140.5, 0)
 (238.95, 359.916, 0)
 (189.602, 331.25, 0)
 102.852 26.6468 230.502
8400 (5.16807, 66.6807, 0)
 0 2 3 (189.091, 166.667, 0)
 (5.83333, 425.774, 0)
 (5.83333, 425.774, 0)
 61.364 8.53774e-07 298.636
---- (5.83333, 425.774, 0)
 0 2 3 (5.16807, 66.6807, 0)
 (301.727, 320.5, 0)
 (189.091, 166.667, 0)
 70.5215 35.1449 254.334
---- (189.091, 166.667, 0)
 0 1 3 (189.602, 331.25, 0)
 (189.602, 331.25, 0)
 (299.32, 179.08, 0)
 nan 83.3967 nan
---- (189.602, 331.25, 0)
 0 1 3 (239.309, 140.61, 0)
 (238.941, 359.915, 0)
 (5.16807, 66.6807, 0)
 105.543 155.037 99.4203
---- (239.309, 140.61, 0)
 0 1 2 (238.941, 359.915, 0)
 (189.091, 166.667, 0)
 (5.16807, 66.6807, 0)
 62.4801 44.947 252.573
---- (238.941, 359.915, 0)
 0 1 2 (5.83333, 425.774, 0)
 (299.32, 179.08, 0)
 (299.32, 179.08, 0)
 124.24 0 235.76
---- (299.32, 179.08, 0)
 1 2 3 (301.727, 320.5, 0)
 (239.309, 140.61, 0)
 (301.727, 320.5, 0)
 123.637 123.637 112.726
---- (301.727, 320.5, 0)
 1 2 3 (239.309, 140.61, 0)
 (238.941, 359.915, 0)
 (189.602, 331.25, 0)
 102.983 26.6427 230.374
8500 (5.16807, 66.6807, 0)
 0 2 3 (189.091, 166.667, 0)
 (5.83333, 425.774, 0)
 (5.83333, 425.774, 0)
 61.364 8.53774e-07 298.636
---- (5.83333, 425.774, 0)
 0 2 3 (5.16807, 66.6807, 0)
 (299.32, 320.92, 0)
 (189.091, 166.667, 0)
 70.4459 35.0693 254.485
---- (189.091, 166.667, 0)
 0 1 3 (189.602, 331.25, 0)
 (189.602, 331.25, 0)
 (299.32, 179.08, 0)
 nan 83.3967 nan
---- (189.602, 331.25, 0)
 0 1 3 (239.309, 140.61, 0)
 (238.792, 359.5, 0)
 (5.16807, 66.6807, 0)
 105.256 154.75 99.9945
---- (239.309, 140.61, 0)
 0 1 2 (238.792, 359.5, 0)
 (189.091, 166.667, 0)
 (5.16807, 66.6807, 0)
 62.4409 44.947 252.612
---- (238.792, 359.5, 0)
 0 1 2 (5.83333, 425.774, 0)
 (299.32, 179.08, 0)
 (299.32, 179.08, 0)
 124.426 nan nan
---- (299.32, 179.08, 0)
 1 2 3 (299.32, 320.92, 0)
 (239.309, 140.61, 0)
 (299.32, 320.92, 0)
 122.662 122.662 114.676
---- (299.32, 320.92, 0)
 1 2 3 (239.309, 140.61, 0)
 (238.792, 359.5, 0)
 (189.602, 331.25, 0)
 104.104 27.1343 228.761
8600 (5.16807, 66.6807, 0)
 0 2 3 (188.929, 166.735, 0)
 (5.83333, 425.774, 0)
 (5.83333, 425.774, 0)
 61.3264 8.53774e-07 298.674
---- (5.83333, 425.774, 0)
 0 2 3 (5.16807, 66.6807, 0)
 (299.32, 320.92, 0)
 (188.929, 166.735, 0)
 70.4459 35.0861 254.468
---- (188.929, 166.735, 0)
 0 1 3 (189.602, 331.25, 0)
 (189.602, 331.25, 0)
 (299.32, 179.08, 0)
 nan 83.3844 nan
---- (189.602, 331.25, 0)
 0 1 3 (239.309, 140.61, 0)
 (238.792, 359.5, 0)
 (5.16807, 66.6807, 0)
 105.256 154.75 99.9945
---- (239.309, 140.61, 0)
 0 1 2 (238.792, 359.5, 0)
 (188.929, 166.735, 0)
 (5.16807, 66.6807, 0)
 62.4554 44.9325 252.612
---- (238.792, 359.5, 0)
 0 1 2 (5.83333, 425.774, 0)
 (299.32, 179.08, 0)
 (299.32, 179.08, 0)
 124.426 nan nan
---- (299.32, 179.08, 0)
 1 2 3 (299.32, 320.92, 0)
 (239.309, 140.61, 0)
 (299.32, 320.92, 0)
 122.662 122.662 114.676
---- (299.32, 320.92, 0)
 1 2 3 (239.309, 140.61, 0)
 (238.792, 359.5, 0)
 (189.602, 331.25, 0)
 104.104 27.1343 228.761
8700 (5.16807, 66.6807, 0)
 0 2 3 (188.929, 166.735, 0)
 (5.83333, 425.774, 0)
 (5.83333, 425.774, 0)
 61.3264 8.53774e-07 298.674
---- (5.83333, 425.774, 0)
 0 2 3 (5.16807, 66.6807, 0)
 (299.32, 320.92, 0)
 (188.929, 166.735, 0)
 70.4459 35.0861 254.468
---- (188.929, 166.735, 0)
 0 1 3 (189.602, 331.25, 0)
 (189.602, 331.25, 0)
 (299.32, 179.08, 0)
 nan 83.3844 nan
---- (189.602, 331.25, 0)
 0 1 3 (239.309, 140.61, 0)
 (238.792, 359.5, 0)
 (5.16807, 66.6807, 0)
 105.256 154.75 99.9945
---- (239.309, 140.61, 0)
 0 1 2 (238.792, 359.5, 0)
 (188.929, 166.735, 0)
 (5.16807, 66.6807, 0)
 62.4554 44.9325 252.612
---- (238.792, 359.5, 0)
 0 1 2 (5.83333, 425.774, 0)
 (299.32, 179.08, 0)
 (299.32, 179.08, 0)
 124.426 nan nan
---- (299.32, 179.08, 0)
 1 2 3 (299.32, 320.92, 0)
 (239.309, 140.61, 0)
 (299.32, 320.92, 0)
 122.662 122.662 114.676
---- (299.32, 320.92, 0)
 1 2 3 (239.309, 140.61, 0)
 (238.792, 359.5, 0)
 (189.602, 331.25, 0)
 104.104 27.1343 228.761
8800 (5.16807, 66.6807, 0)
 0 2 3 (188.929, 166.735, 0)
 (5.83333, 425.774, 0)
 (5.83333, 425.774, 0)
 61.3264 8.53774e-07 298.674
---- (5.83333, 425.774, 0)
 0 2 3 (5.16807, 66.6807, 0)
 (299.32, 320.92, 0)
 (188.929, 166.735, 0)
 70.4459 35.0861 254.468
---- (188.929, 166.735, 0)
 0 1 3 (189.602, 331.25, 0)
 (189.602, 331.25, 0)
 (299.32, 179.08, 0)
 nan 83.3844 nan
---- (189.602, 331.25, 0)
 0 1 3 (239.309, 140.61, 0)
 (238.792, 359.5, 0)
 (5.16807, 66.6807, 0)
 105.256 154.75 99.9945
---- (239.309, 140.61, 0)
 0 1 2 (238.792, 359.5, 0)
 (188.929, 166.735, 0)
 (5.16807, 66.6807, 0)
 62.4554 44.9325 252.612
---- (238.792, 359.5, 0)
 0 1 2 (5.83333, 425.774, 0)
 (299.32, 179.08, 0)
 (299.32, 179.08, 0)
 124.426 nan nan
---- (299.32, 179.08, 0)
 1 2 3 (299.32, 320.92, 0)
 (239.309, 140.61, 0)
 (299.32, 320.92, 0)
 122.662 122.662 114.676
---- (299.32, 320.92, 0)
 1 2 3 (239.309, 140.61, 0)
 (238.792, 359.5, 0)
 (189.602, 331.25, 0)
 104.104 27.1343 228.761
8900 (5.16807, 66.6807, 0)
 0 2 3 (188.929, 166.735, 0)
 (5.83333, 425.774, 0)
 (5.83333, 425.774, 0)
 61.3264 8.53774e-07 298.674
---- (5.83333, 425.774, 0)
 0 2 3 (5.16807, 66.6807, 0)
 (299.32, 320.92, 0)
 (188.929, 166.735, 0)
 70.4459 35.0861 254.468
---- (188.929, 166.735, 0)
 0 1 3 (189.602, 331.25, 0)
 (189.602, 331.25, 0)
 (299.32, 179.08, 0)
 nan 83.3844 nan
---- (189.602, 331.25, 0)
 0 1 3 (239.309, 140.61, 0)
 (238.792, 359.5, 0)
 (5.16807, 66.6807, 0)
 105.256 154.75 99.9945
---- (239.309, 140.61, 0)
 0 1 2 (238.792, 359.5, 0)
 (188.929, 166.735, 0)
 (5.16807, 66.6807, 0)
 62.4554 44.9325 252.612
---- (238.792, 359.5, 0)
 0 1 2 (5.83333, 425.774, 0)
 (299.32, 179.08, 0)
 (299.32, 179.08, 0)
 124.426 nan nan
---- (299.32, 179.08, 0)
 1 2 3 (299.32, 320.92, 0)
 (239.309, 140.61, 0)
 (299.32, 320.92, 0)
 122.662 122.662 114.676
---- (299.32, 320.92, 0)
 1 2 3 (239.309, 140.61, 0)
 (238.792, 359.5, 0)
 (189.602, 331.25, 0)
 104.104 27.1343 228.761
9000 (5.17094, 66.453, 0)
 0 2 3 (188.929, 166.735, 0)
 (5.83333, 425.774, 0)
 (5.83333, 425.774, 0)
 61.2718 0 298.728
---- (5.83333, 425.774, 0)
 0 2 3 (5.17094, 66.453, 0)
 (299.32, 320.92, 0)
 (188.929, 166.735, 0)
 70.4454 35.0861 254.468
---- (188.929, 166.735, 0)
 0 1 3 (189.602, 331.25, 0)
 (189.602, 331.25, 0)
 (299.32, 179.08, 0)
 nan 83.3844 nan
---- (189.602, 331.25, 0)
 0 1 3 (239.309, 140.61, 0)
 (239.309, 359.39, 0)
 (5.17094, 66.453, 0)
 104.902 154.373 100.726
---- (239.309, 140.61, 0)
 0 1 2 (239.309, 359.39, 0)
 (188.929, 166.735, 0)
 (5.17094, 66.453, 0)
 62.5908 44.9833 252.426
---- (239.309, 359.39, 0)
 0 1 2 (5.83333, 425.774, 0)
 (299.32, 179.08, 0)
 (299.32, 179.08, 0)
 124.28 0 235.72
---- (299.32, 179.08, 0)
 1 2 3 (299.32, 320.92, 0)
 (239.309, 140.61, 0)
 (299.32, 320.92, 0)
 122.662 122.662 114.676
---- (299.32, 320.92, 0)
 1 2 3 (239.309, 140.61, 0)
 (239.309, 359.39, 0)
 (189.602, 331.25, 0)
 104.253 27.2834 228.463
9100 (5.17094, 66.453, 0)
 0 2 3 (188.929, 166.735, 0)
 (5.83333, 425.774, 0)
 (5.83333, 425.774, 0)
 61.2718 0 298.728
---- (5.83333, 425.774, 0)
 0 2 3 (5.17094, 66.453, 0)
 (299.32, 320.92, 0)
 (188.929, 166.735, 0)
 70.4454 35.0861 254.468
---- (188.929, 166.735, 0)
 0 1 3 (189.425, 331.149, 0)
 (189.425, 331.149, 0)
 (299.32, 179.08, 0)
 0 83.4459 276.554
---- (189.425, 331.149, 0)
 0 1 3 (239.309, 140.61, 0)
 (239.309, 359.39, 0)
 (5.17094, 66.453, 0)
 104.845 154.357 100.798
---- (239.309, 140.61, 0)
 0 1 2 (239.309, 359.39, 0)
 (188.929, 166.735, 0)
 (5.17094, 66.453, 0)
 62.5908 44.9833 252.426
---- (239.309, 359.39, 0)
 0 1 2 (5.83333, 425.774, 0)
 (299.32, 179.08, 0)
 (299.32, 179.08, 0)
 124.28 0 235.72
---- (299.32, 179.08, 0)
 1 2 3 (299.32, 320.92, 0)
 (239.309, 140.61, 0)
 (299.32, 320.92, 0)
 122.662 122.662 114.676
---- (299.32, 320.92, 0)
 1 2 3 (239.309, 140.61, 0)
 (239.309, 359.39, 0)
 (189.425, 331.149, 0)
 104.253 27.344 228.403
9200 (5.26087, 66.1304, 0)
 0 2 3 (189.109, 167.277, 0)
 (5.83333, 425.774, 0)
 (5.83333, 425.774, 0)
 61.0907 nan nan
---- (5.83333, 425.774, 0)
 0 2 3 (5.26087, 66.1304, 0)
 (299.32, 320.92, 0)
 (189.109, 167.277, 0)
 70.4309 35.0029 254.566
---- (189.109, 167.277, 0)
 0 1 3 (189.425, 331.149, 0)
 (189.425, 331.149, 0)
 (299.32, 179.08, 0)
 8.53774e-07 83.7767 276.223
---- (189.425, 331.149, 0)
 0 1 3 (239.32, 140.92, 0)
 (239.309, 359.39, 0)
 (5.26087, 66.1304, 0)
 104.819 154.311 100.87
---- (239.32, 140.92, 0)
 0 1 2 (239.309, 359.39, 0)
 (189.109, 167.277, 0)
 (5.26087, 66.1304, 0)
 62.3008 45.4166 252.283
---- (239.309, 359.39, 0)
 0 1 2 (5.83333, 425.774, 0)
 (299.32, 179.08, 0)
 (299.32, 179.08, 0)
 124.28 0 235.72
---- (299.32, 179.08, 0)
 1 2 3 (299.32, 320.92, 0)
 (239.32, 140.92, 0)
 (299.32, 320.92, 0)
 122.456 122.456 115.087
---- (299.32, 320.92, 0)
 1 2 3 (239.32, 140.92, 0)
 (239.309, 359.39, 0)
 (189.425, 331.149, 0)
 104.227 27.344 228.429
9300 (5.26087, 66.1304, 0)
 0 2 3 (189.109, 167.277, 0)
 (5.83333, 425.774, 0)
 (5.83333, 425.774, 0)
 61.0907 nan nan
---- (5.83333, 425.774, 0)
 0 2 3 (5.26087, 66.1304, 0)
 (299.32, 320.92, 0)
 (189.109, 167.277, 0)
 70.4309 35.0029 254.566
---- (189.109, 167.277, 0)
 0 1 3 (189.425, 331.149, 0)
 (189.425, 331.149, 0)
 (299.32, 179.08, 0)
 8.53774e-07 83.7767 276.223
---- (189.425, 331.149, 0)
 0 1 3 (239.32, 140.92, 0)
 (239.309, 359.39, 0)
 (5.26087, 66.1304, 0)
 104.819 154.311 100.87
---- (239.32, 140.92, 0)
 0 1 2 (239.309, 359.39, 0)
 (189.109, 167.277, 0)
 (5.26087, 66.1304, 0)
 62.3008 45.4166 252.283
---- (239.309, 359.39, 0)
 0 1 2 (5.83333, 425.774, 0)
 (299.32, 179.08, 0)
 (299.32, 179.08, 0)
 124.28 0 235.72
---- (299.32, 179.08, 0)
 1 2 3 (299.32, 320.92, 0)
 (239.32, 140.92, 0)
 (299.32, 320.92, 0)
 122.456 122.456 115.087
---- (299.32, 320.92, 0)
 1 2 3 (239.32, 140.92, 0)
 (239.309, 359.39, 0)
 (189.425, 331.149, 0)
 104.227 27.344 228.429
9400 (5.26087, 66.1304, 0)
 0 2 3 (189.109, 167.277, 0)
 (5.83333, 425.774, 0)
 (5.83333, 425.774, 0)
 61.0907 nan nan
---- (5.83333, 425.774, 0)
 0 2 3 (5.26087, 66.1304, 0)
 (299.32, 320.92, 0)
 (189.109, 167.277, 0)
 70.4309 35.0029 254.566
---- (189.109, 167.277, 0)
 0 1 3 (189.425, 331.149, 0)
 (189.425, 331.149, 0)
 (299.32, 179.08, 0)
 8.53774e-07 83.7767 276.223
---- (189.425, 331.149, 0)
 0 1 3 (239.32, 140.92, 0)
 (239.309, 359.39, 0)
 (5.26087, 66.1304, 0)
 104.819 154.311 100.87
---- (239.32, 140.92, 0)
 0 1 2 (239.309, 359.39, 0)
 (189.109, 167.277, 0)
 (5.26087, 66.1304, 0)
 62.3008 45.4166 252.283
---- (239.309, 359.39, 0)
 0 1 2 (5.83333, 425.774, 0)
 (299.32, 179.08, 0)
 (299.32, 179.08, 0)
 124.28 0 235.72
---- (299.32, 179.08, 0)
 1 2 3 (299.32, 320.92, 0)
 (239.32, 140.92, 0)
 (299.32, 320.92, 0)
 122.456 122.456 115.087
---- (299.32, 320.92, 0)
 1 2 3 (239.32, 140.92, 0)
 (239.309, 359.39, 0)
 (189.425, 331.149, 0)
 104.227 27.344 228.429
9500 (5.26087, 66.1304, 0)
 0 2 3 (189.109, 167.277, 0)
 (5.83333, 425.774, 0)
 (5.83333, 425.774, 0)
 61.0907 nan nan
---- (5.83333, 425.774, 0)
 0 2 3 (5.26087, 66.1304, 0)
 (299.32, 320.92, 0)
 (189.109, 167.277, 0)
 70.4309 35.0029 254.566
---- (189.109, 167.277, 0)
 0 1 3 (189.425, 331.149, 0)
 (189.425, 331.149, 0)
 (299.32, 179.08, 0)
 8.53774e-07 83.7767 276.223
---- (189.425, 331.149, 0)
 0 1 3 (239.32, 140.92, 0)
 (239.309, 359.39, 0)
 (5.26087, 66.1304, 0)
 104.819 154.311 100.87
---- (239.32, 140.92, 0)
 0 1 2 (239.309, 359.39, 0)
 (189.109, 167.277, 0)
 (5.26087, 66.1304, 0)
 62.3008 45.4166 252.283
---- (239.309, 359.39, 0)
 0 1 2 (5.83333, 425.774, 0)
 (299.32, 179.08, 0)
 (299.32, 179.08, 0)
 124.28 0 235.72
---- (299.32, 179.08, 0)
 1 2 3 (299.32, 320.92, 0)
 (239.32, 140.92, 0)
 (299.32, 320.92, 0)
 122.456 122.456 115.087
---- (299.32, 320.92, 0)
 1 2 3 (239.32, 140.92, 0)
 (239.309, 359.39, 0)
 (189.425, 331.149, 0)
 104.227 27.344 228.429
9600 (5.26087, 66.1304, 0)
 0 2 3 (189.109, 167.277, 0)
 (5.76087, 428.641, 0)
 (5.76087, 428.641, 0)
 61.1029 0 298.897
---- (5.76087, 428.641, 0)
 0 2 3 (5.26087, 66.1304, 0)
 (299.32, 320.92, 0)
 (189.109, 167.277, 0)
 69.9285 34.7996 255.272
---- (189.109, 167.277, 0)
 0 1 3 (189.425, 331.149, 0)
 (189.425, 331.149, 0)
 (299.32, 179.08, 0)
 8.53774e-07 83.7767 276.223
---- (189.425, 331.149, 0)
 0 1 3 (239.32, 140.92, 0)
 (239.32, 359.08, 0)
 (5.26087, 66.1304, 0)
 104.543 154.036 101.422
---- (239.32, 140.92, 0)
 0 1 2 (239.32, 359.08, 0)
 (189.109, 167.277, 0)
 (5.26087, 66.1304, 0)
 62.3037 45.4166 252.28
---- (239.32, 359.08, 0)
 0 1 2 (5.76087, 428.641, 0)
 (299.32, 179.08, 0)
 (299.32, 179.08, 0)
 125.02 0 234.98
---- (299.32, 179.08, 0)
 1 2 3 (299.32, 320.92, 0)
 (239.32, 140.92, 0)
 (299.32, 320.92, 0)
 122.456 122.456 115.087
---- (299.32, 320.92, 0)
 1 2 3 (239.32, 140.92, 0)
 (239.32, 359.08, 0)
 (189.425, 331.149, 0)
 104.021 27.1384 228.84
9700 (5.26087, 66.1304, 0)
 0 2 3 (189.109, 167.277, 0)
 (5.76087, 428.641, 0)
 (5.76087, 428.641, 0)
 61.1029 0 298.897
---- (5.76087, 428.641, 0)
 0 2 3 (5.26087, 66.1304, 0)
 (299.32, 320.92, 0)
 (189.109, 167.277, 0)
 69.9285 34.7996 255.272
---- (189.109, 167.277, 0)
 0 1 3 (189.425, 331.149, 0)
 (189.425, 331.149, 0)
 (299.32, 179.08, 0)
 8.53774e-07 83.7767 276.223
---- (189.425, 331.149, 0)
 0 1 3 (239.32, 140.92, 0)
 (239.32, 359.08, 0)
 (5.26087, 66.1304, 0)
 104.543 154.036 101.422
---- (239.32, 140.92, 0)
 0 1 2 (239.32, 359.08, 0)
 (189.109, 167.277, 0)
 (5.26087, 66.1304, 0)
 62.3037 45.4166 252.28
---- (239.32, 359.08, 0)
 0 1 2 (5.76087, 428.641, 0)
 (299.32, 179.08, 0)
 (299.32, 179.08, 0)
 125.02 0 234.98
---- (299.32, 179.08, 0)
 1 2 3 (299.32, 320.92, 0)
 (239.32, 140.92, 0)
 (299.32, 320.92, 0)
 122.456 122.456 115.087
---- (299.32, 320.92, 0)
 1 2 3 (239.32, 140.92, 0)
 (239.32, 359.08, 0)
 (189.425, 331.149, 0)
 104.021 27.1384 228.84
9800 (5.26316, 65.9211, 0)
 0 2 3 (189.109, 167.277, 0)
 (5.76087, 428.641, 0)
 (5.76087, 428.641, 0)
 61.053 0 298.947
---- (5.76087, 428.641, 0)
 0 2 3 (5.26316, 65.9211, 0)
 (299.32, 320.92, 0)
 (189.109, 167.277, 0)
 69.928 34.7996 255.272
---- (189.109, 167.277, 0)
 0 1 3 (189.611, 330.611, 0)
 (189.611, 330.611, 0)
 (299.32, 179.08, 0)
 0 83.7112 276.289
---- (189.611, 330.611, 0)
 0 1 3 (239.32, 140.92, 0)
 (239.32, 359.08, 0)
 (5.26316, 65.9211, 0)
 105.116 154.656 100.228
---- (239.32, 140.92, 0)
 0 1 2 (239.32, 359.08, 0)
 (189.109, 167.277, 0)
 (5.26316, 65.9211, 0)
 62.3037 45.4633 252.233
---- (239.32, 359.08, 0)
 0 1 2 (5.76087, 428.641, 0)
 (299.32, 179.08, 0)
 (299.32, 179.08, 0)
 125.02 0 234.98
---- (299.32, 179.08, 0)
 1 2 3 (299.32, 320.92, 0)
 (239.32, 140.92, 0)
 (299.32, 320.92, 0)
 122.456 122.456 115.087
---- (299.32, 320.92, 0)
 1 2 3 (239.32, 140.92, 0)
 (239.32, 359.08, 0)
 (189.611, 330.611, 0)
 104.021 27.4083 228.57
9900 (5.26316, 65.9211, 0)
 0 2 3 (189.417, 167.524, 0)
 (5.76923, 428.846, 0)
 (5.76923, 428.846, 0)
 61.0333 nan nan
---- (5.76923, 428.846, 0)
 0 2 3 (5.26316, 65.9211, 0)
 (299.32, 320.92, 0)
 (189.417, 167.524, 0)
 69.8936 34.7154 255.391
---- (189.417, 167.524, 0)
 0 1 3 (189.611, 330.611, 0)
 (189.611, 330.611, 0)
 (299.32, 179.08, 0)
 8.53774e-07 83.9296 276.07
---- (189.611, 330.611, 0)
 0 1 3 (239.32, 140.92, 0)
 (239.32, 359.08, 0)
 (5.26316, 65.9211, 0)
 105.116 154.656 100.228
---- (239.32, 140.92, 0)
 0 1 2 (239.32, 359.08, 0)
 (189.417, 167.524, 0)
 (5.26316, 65.9211, 0)
 61.9368 45.8302 252.233
---- (239.32, 359.08, 0)
 0 1 2 (5.76923, 428.846, 0)
 (299.32, 179.08, 0)
 (299.32, 179.08, 0)
 125.067 0 234.933
---- (299.32, 179.08, 0)
 1 2 3 (299.32, 320.92, 0)
 (239.32, 140.92, 0)
 (299.32, 320.92, 0)
 122.456 122.456 115.087
---- (299.32, 320.92, 0)
 1 2 3 (239.32, 140.92, 0)
 (239.32, 359.08, 0)
 (189.611, 330.611, 0)
 104.021 27.4083 228.57
10000 (5.26316, 65.9211, 0)
 0 2 3 (189.417, 167.524, 0)
 (5.76923, 428.846, 0)
 (5.76923, 428.846, 0)
 61.0333 nan nan
---- (5.76923, 428.846, 0)
 0 2 3 (5.26316, 65.9211, 0)
 (299.32, 320.92, 0)
 (189.417, 167.524, 0)
 69.8936 34.7154 255.391
---- (189.417, 167.524, 0)
 0 1 3 (189.611, 330.611, 0)
 (189.611, 330.611, 0)
 (299.32, 179.08, 0)
 8.53774e-07 83.9296 276.07
---- (189.611, 330.611, 0)
 0 1 3 (239.32, 140.92, 0)
 (239.32, 359.08, 0)
 (5.26316, 65.9211, 0)
 105.116 154.656 100.228
---- (239.32, 140.92, 0)
 0 1 2 (239.32, 359.08, 0)
 (189.417, 167.524, 0)
 (5.26316, 65.9211, 0)
 61.9368 45.8302 252.233
---- (239.32, 359.08, 0)
 0 1 2 (5.76923, 428.846, 0)
 (299.32, 179.08, 0)
 (299.32, 179.08, 0)
 125.067 0 234.933
---- (299.32, 179.08, 0)
 1 2 3 (299.32, 320.92, 0)
 (239.32, 140.92, 0)
 (299.32, 320.92, 0)
 122.456 122.456 115.087
---- (299.32, 320.92, 0)
 1 2 3 (239.32, 140.92, 0)
 (239.32, 359.08, 0)
 (189.611, 330.611, 0)
 104.021 27.4083 228.57
