0 64750 59575 59975 65700
100 64750 59525 60050 65675
200 64775 59450 60050 65725
300 64800 59450 60050 65700
400 64850 59475 60050 65625
500 64825 59450 60025 65700
600 64800 59450 60025 65725
700 64775 59475 60050 65700
800 64800 59475 60025 65700
900 64800 59425 60075 65700
1000 64800 59425 60050 65725
1100 64800 59425 60050 65725
1200 64825 59350 60025 65800
1300 64825 59325 60025 65825
1400 64850 59350 59975 65825
1500 64850 59350 60000 65800
1600 64850 59300 60000 65850
1700 64825 59325 60000 65850
1800 64825 59275 60025 65875
1900 64825 59250 60050 65875
2000 64825 59225 60075 65875
2100 64825 59200 60075 65900
2200 64850 59200 60075 65875
2300 64825 59250 60025 65900
2400 64800 59200 60025 65975
2500 64800 59200 60050 65950
2600 64800 59175 60050 65975
2700 64800 59125 60050 66025
2800 64800 59100 60075 66025
2900 64800 59100 60075 66025
3000 64775 59050 60125 66050
3100 64775 59050 60125 66050
3200 64775 59000 60125 66100
3300 64750 59000 60150 66100
3400 64750 59000 60150 66100
3500 64775 58975 60150 66100
3600 64775 58975 60100 66150
3700 64750 58975 60100 66175
3800 64750 58975 60100 66175
3900 64725 59000 60125 66150
4000 64700 59025 60100 66175
4100 64700 59025 60075 66200
4200 64700 59000 60050 66250
4300 64700 59000 60025 66275
4400 64700 58975 60050 66275
4500 64700 58975 60050 66275
4600 64700 58975 60050 66275
4700 64700 58975 60050 66275
4800 64700 58975 60050 66275
4900 64725 58900 60050 66325
5000 64725 58900 60050 66325
5100 64725 58925 60025 66325
5200 64725 58925 60025 66325
5300 64775 58925 60000 66300
5400 64775 58925 60000 66300
5500 64775 58925 59975 66325
5600 64775 58900 60000 66325
5700 64750 58875 60025 66350
5800 64750 58875 60025 66350
5900 64750 58850 60025 66375
6000 64775 58800 60050 66375
6100 64775 58800 60050 66375
6200 64775 58800 60075 66350
6300 64775 58800 60075 66350
6400 64775 58775 60075 66375
6500 64775 58775 60075 66375
6600 64775 58775 60075 66375
6700 64775 58775 60075 66375
6800 64750 58775 60075 66400
6900 64750 58750 60075 66425
7000 64750 58750 60100 66400
7100 64725 58750 60100 66425
7200 64700 58750 60100 66450
7300 64700 58725 60100 66475
7400 64700 58725 60100 66475
7500 64700 58725 60125 66450
7600 64700 58725 60125 66450
7700 64700 58725 60125 66450
7800 64700 58700 60150 66450
7900 64700 58650 60150 66500
8000 64700 58650 60125 66525
8100 64700 58650 60125 66525
8200 64700 58650 60125 66525
8300 64700 58650 60125 66525
8400 64700 58650 60125 66525
8500 64700 58650 60125 66525
8600 64700 58625 60125 66550
8700 64700 58625 60125 66550
8800 64700 58625 60125 66550
8900 64700 58600 60125 66575
9000 64700 58600 60125 66575
9100 64675 58625 60125 66575
9200 64650 58650 60125 66575
9300 64675 58625 60150 66550
9400 64675 58625 60150 66550
9500 64675 58625 60150 66550
9600 64675 58600 60175 66550
9700 64675 58600 60175 66550
9800 64675 58575 60175 66575
9900 64675 58525 60175 66625
10000 64675 58500 60200 66625
10100 64675 58500 60200 66625
10200 64675 58500 60200 66625
10300 64675 58500 60200 66625
10400 64675 58500 60200 66625
10500 64675 58475 60200 66650
10600 64650 58525 60200 66625
10700 64650 58500 60225 66625
10800 64650 58500 60225 66625
10900 64650 58450 60250 66650
11000 64650 58425 60250 66675
11100 64625 58425 60250 66700
11200 64625 58425 60250 66700
11300 64625 58425 60250 66700
11400 64625 58400 60250 66725
11500 64625 58400 60250 66725
11600 64625 58375 60250 66750
11700 64600 58400 60250 66750
11800 64575 58400 60250 66775
11900 64600 58375 60250 66775
12000 64600 58350 60275 66775
12100 64600 58325 60275 66800
12200 64600 58350 60250 66800
12300 64600 58350 60250 66800
12400 64575 58350 60275 66800
12500 64550 58375 60300 66775
12600 64525 58400 60300 66775
12700 64525 58375 60300 66800
12800 64525 58375 60300 66800
12900 64525 58350 60300 66825
13000 64525 58350 60300 66825
13100 64525 58350 60300 66825
13200 64525 58350 60300 66825
13300 64525 58325 60300 66850
13400 64525 58300 60300 66875
13500 64525 58300 60300 66875
13600 64525 58300 60300 66875
13700 64525 58300 60300 66875
13800 64500 58300 60325 66875
13900 64500 58300 60325 66875
14000 64500 58300 60325 66875
14100 64500 58275 60325 66900
14200 64500 58275 60325 66900
14300 64500 58250 60350 66900
14400 64525 58225 60325 66925
14500 64525 58200 60350 66925
14600 64525 58200 60350 66925
14700 64525 58200 60350 66925
14800 64525 58175 60350 66950
14900 64525 58175 60375 66925
15000 64525 58175 60400 66900
15100 64525 58150 60425 66900
15200 64525 58150 60425 66900
15300 64525 58150 60425 66900
15400 64500 58125 60425 66950
15500 64525 58125 60400 66950
15600 64525 58125 60400 66950
15700 64525 58125 60400 66950
15800 64525 58125 60400 66950
15900 64525 58100 60425 66950
16000 64525 58100 60425 66950
16100 64500 58100 60425 66975
16200 64475 58100 60450 66975
16300 64475 58100 60450 66975
16400 64450 58100 60475 66975
16500 64450 58100 60475 66975
16600 64450 58100 60475 66975
16700 64425 58100 60475 67000
16800 64425 58075 60475 67025
16900 64425 58075 60475 67025
17000 64425 58075 60475 67025
17100 64425 58075 60475 67025
17200 64425 58075 60475 67025
17300 64425 58050 60475 67050
17400 64425 58050 60475 67050
17500 64425 58025 60475 67075
17600 64425 58025 60475 67075
17700 64425 58025 60475 67075
17800 64425 58000 60475 67100
17900 64425 58000 60475 67100
18000 64425 58000 60475 67100
18100 64425 58000 60475 67100
18200 64425 58000 60500 67075
18300 64425 57975 60500 67100
18400 64425 57975 60500 67100
18500 64425 57975 60500 67100
18600 64425 57950 60525 67100
18700 64425 57950 60525 67100
18800 64425 57950 60525 67100
18900 64425 57950 60525 67100
19000 64425 57950 60525 67100
19100 64425 57950 60550 67075
19200 64425 57950 60550 67075
19300 64400 57975 60550 67075
19400 64400 57950 60575 67075
19500 64400 57950 60575 67075
19600 64400 57950 60575 67075
19700 64400 57950 60575 67075
19800 64425 57925 60575 67075
19900 64425 57925 60575 67075
20000 64425 57950 60550 67075
20100 64425 57950 60550 67075
20200 64425 57900 60550 67125
20300 64425 57900 60550 67125
20400 64425 57900 60550 67125
20500 64425 57900 60550 67125
20600 64425 57900 60550 67125
20700 64450 57875 60550 67125
20800 64450 57875 60550 67125
20900 64450 57875 60550 67125
21000 64450 57875 60550 67125
21100 64450 57875 60550 67125
21200 64450 57875 60550 67125
21300 64450 57875 60550 67125
21400 64450 57875 60550 67125
21500 64450 57875 60550 67125
21600 64450 57875 60550 67125
21700 64450 57875 60550 67125
21800 64450 57875 60550 67125
21900 64450 57875 60550 67125
22000 64450 57875 60550 67125
22100 64450 57875 60550 67125
22200 64450 57875 60550 67125
22300 64450 57875 60575 67100
22400 64425 57900 60575 67100
22500 64425 57900 60575 67100
22600 64425 57900 60575 67100
22700 64425 57900 60575 67100
22800 64450 57875 60575 67100
22900 64425 57875 60575 67125
23000 64425 57875 60575 67125
23100 64425 57875 60575 67125
23200 64425 57875 60575 67125
23300 64425 57875 60575 67125
23400 64425 57825 60600 67150
23500 64425 57825 60600 67150
23600 64425 57825 60600 67150
23700 64425 57800 60575 67200
23800 64425 57800 60575 67200
23900 64425 57800 60575 67200
24000 64425 57800 60575 67200
24100 64425 57800 60575 67200
24200 64425 57800 60575 67200
24300 64425 57800 60575 67200
24400 64425 57800 60575 67200
24500 64425 57800 60575 67200
24600 64425 57800 60575 67200
24700 64425 57800 60575 67200
24800 64425 57800 60575 67200
24900 64425 57800 60575 67200
25000 64425 57800 60575 67200
25100 64425 57800 60575 67200
25200 64425 57800 60575 67200
25300 64425 57825 60550 67200
25400 64425 57825 60550 67200
25500 64425 57825 60550 67200
25600 64425 57825 60550 67200
25700 64425 57825 60550 67200
25800 64425 57825 60575 67175
25900 64400 57825 60575 67200
26000 64400 57800 60600 67200
26100 64400 57800 60600 67200
26200 64400 57800 60600 67200
26300 64400 57800 60600 67200
26400 64400 57800 60625 67175
26500 64400 57800 60625 67175
26600 64400 57800 60625 67175
26700 64400 57800 60625 67175
26800 64400 57800 60625 67175
26900 64425 57800 60625 67150
27000 64400 57800 60625 67175
27100 64400 57800 60625 67175
27200 64400 57800 60625 67175
27300 64400 57800 60625 67175
27400 64400 57800 60625 67175
27500 64400 57800 60625 67175
27600 64400 57800 60625 67175
27700 64375 57825 60625 67175
27800 64375 57825 60625 67175
27900 64375 57825 60600 67200
28000 64375 57825 60600 67200
28100 64375 57825 60600 67200
28200 64350 57850 60600 67200
28300 64350 57850 60600 67200
28400 64350 57850 60600 67200
28500 64350 57850 60600 67200
28600 64350 57850 60600 67200
28700 64350 57850 60600 67200
28800 64350 57850 60600 67200
28900 64350 57850 60600 67200
29000 64350 57850 60575 67225
29100 64350 57850 60575 67225
29200 64350 57850 60575 67225
29300 64350 57850 60575 67225
29400 64350 57850 60575 67225
29500 64350 57825 60600 67225
29600 64350 57825 60600 67225
29700 64350 57800 60625 67225
29800 64350 57800 60625 67225
29900 64350 57800 60625 67225
30000 64350 57800 60625 67225
30100 64350 57850 60575 67225
30200 64350 57850 60575 67225
30300 64325 57850 60575 67250
30400 64325 57850 60600 67225
30500 64325 57850 60600 67225
30600 64325 57825 60600 67250
30700 64325 57825 60600 67250
30800 64300 57875 60575 67250
30900 64300 57900 60550 67250
31000 64275 57900 60550 67275
31100 64275 57900 60550 67275
31200 64275 57900 60550 67275
31300 64275 57900 60550 67275
31400 64275 57900 60550 67275
31500 64275 57900 60550 67275
31600 64275 57900 60550 67275
31700 64275 57900 60550 67275
31800 64275 57900 60550 67275
31900 64275 57900 60550 67275
32000 64275 57900 60550 67275
32100 64275 57900 60550 67275
32200 64275 57900 60550 67275
32300 64275 57900 60550 67275
32400 64275 57900 60550 67275
32500 64275 57900 60550 67275
32600 64275 57900 60550 67275
32700 64275 57900 60550 67275
32800 64275 57900 60575 67250
32900 64275 57900 60575 67250
33000 64275 57900 60575 67250
33100 64250 57900 60575 67275
33200 64225 57925 60575 67275
33300 64225 57925 60575 67275
33400 64225 57925 60575 67275
33500 64225 57925 60575 67275
33600 64200 57950 60575 67275
33700 64250 57925 60575 67250
33800 64250 57925 60575 67250
33900 64250 57900 60575 67275
34000 64250 57900 60550 67300
34100 64250 57900 60550 67300
34200 64250 57900 60550 67300
34300 64275 57900 60550 67275
34400 64300 57875 60575 67250
34500 64300 57875 60575 67250
34600 64300 57900 60575 67225
34700 64300 57875 60600 67225
34800 64300 57875 60600 67225
34900 64300 57875 60600 67225
35000 64300 57875 60600 67225
35100 64300 57875 60600 67225
35200 64300 57875 60600 67225
35300 64275 57900 60600 67225
35400 64275 57900 60600 67225
35500 64275 57900 60600 67225
35600 64250 57900 60600 67250
35700 64250 57900 60600 67250
35800 64250 57900 60625 67225
35900 64250 57900 60625 67225
36000 64250 57900 60625 67225
36100 64250 57900 60625 67225
36200 64250 57900 60625 67225
36300 64250 57900 60625 67225
36400 64250 57900 60625 67225
36500 64250 57900 60625 67225
36600 64250 57900 60625 67225
36700 64250 57900 60625 67225
36800 64250 57900 60625 67225
36900 64225 57900 60650 67225
37000 64225 57900 60650 67225
37100 64225 57900 60650 67225
37200 64225 57900 60650 67225
37300 64225 57900 60650 67225
37400 64225 57900 60650 67225
37500 64225 57900 60650 67225
37600 64225 57900 60650 67225
37700 64225 57900 60650 67225
37800 64225 57900 60650 67225
37900 64225 57900 60650 67225
38000 64175 57925 60675 67225
38100 64175 57925 60675 67225
38200 64175 57925 60675 67225
38300 64175 57925 60675 67225
38400 64175 57925 60675 67225
38500 64150 57950 60675 67225
38600 64150 57950 60675 67225
38700 64150 57950 60675 67225
38800 64150 57950 60675 67225
38900 64150 57950 60675 67225
39000 64150 57950 60675 67225
39100 64150 57950 60675 67225
39200 64150 57950 60675 67225
39300 64150 57950 60675 67225
39400 64150 57950 60675 67225
39500 64125 57975 60675 67225
39600 64125 57975 60675 67225
39700 64125 57975 60675 67225
39800 64100 57975 60700 67225
39900 64100 57975 60700 67225
40000 64100 57975 60675 67250
40100 64100 57975 60675 67250
40200 64100 57975 60675 67250
40300 64100 57975 60675 67250
40400 64100 57950 60675 67275
40500 64100 57950 60675 67275
40600 64100 57950 60675 67275
40700 64100 57950 60675 67275
40800 64075 57950 60700 67275
40900 64075 57950 60700 67275
41000 64075 57975 60700 67250
41100 64075 57975 60700 67250
41200 64075 57975 60700 67250
41300 64075 57975 60700 67250
41400 64075 57975 60725 67225
41500 64075 57975 60725 67225
41600 64075 57975 60725 67225
41700 64075 57975 60725 67225
41800 64075 57975 60725 67225
41900 64075 57975 60725 67225
42000 64075 57975 60725 67225
42100 64075 57975 60725 67225
42200 64075 57975 60725 67225
42300 64075 57975 60725 67225
42400 64075 57975 60725 67225
42500 64075 57975 60725 67225
42600 64075 57975 60725 67225
42700 64075 57975 60725 67225
42800 64075 57975 60725 67225
42900 64075 57975 60725 67225
43000 64050 57975 60725 67250
43100 64050 57975 60725 67250
43200 64050 57975 60725 67250
43300 64050 57975 60725 67250
43400 64050 57975 60725 67250
43500 64050 57975 60725 67250
43600 64050 57975 60725 67250
43700 64050 57975 60725 67250
43800 64050 57975 60725 67250
43900 64050 57975 60725 67250
44000 64050 57950 60750 67250
44100 64050 57975 60750 67225
44200 64050 57975 60750 67225
44300 64050 57975 60775 67200
44400 64050 57975 60775 67200
44500 64050 57950 60800 67200
44600 64050 57950 60800 67200
44700 64050 57950 60800 67200
44800 64050 57950 60800 67200
44900 64050 57950 60800 67200
45000 64050 57925 60825 67200
45100 64050 57925 60825 67200
45200 64025 57950 60825 67200
45300 64025 57950 60825 67200
45400 64025 57950 60825 67200
45500 64025 57950 60825 67200
45600 64025 57950 60825 67200
45700 64025 57925 60825 67225
45800 64025 57925 60825 67225
45900 64025 57925 60825 67225
46000 64025 57925 60825 67225
46100 64025 57925 60825 67225
46200 64025 57925 60825 67225
46300 64025 57925 60825 67225
46400 64025 57950 60825 67200
46500 64025 57950 60825 67200
46600 64025 57925 60850 67200
46700 64025 57925 60850 67200
46800 64025 57925 60875 67175
46900 64025 57925 60900 67150
47000 64025 57925 60900 67150
47100 64025 57925 60900 67150
47200 64025 57925 60900 67150
47300 64025 57925 60925 67125
47400 64025 57925 60925 67125
47500 64025 57925 60925 67125
47600 64025 57925 60925 67125
47700 64000 57925 60925 67150
47800 64000 57925 60925 67150
47900 64000 57925 60925 67150
48000 63975 57950 60925 67150
48100 63975 57950 60925 67150
48200 63975 57950 60925 67150
48300 63975 57950 60925 67150
48400 63975 57950 60925 67150
48500 63975 57975 60900 67150
48600 63950 57975 60925 67150
48700 63950 57975 60925 67150
48800 63950 57975 60925 67150
48900 63950 57975 60925 67150
49000 63950 57975 60925 67150
49100 63950 57975 60925 67150
49200 63950 57975 60925 67150
49300 63950 57975 60925 67150
49400 63950 57975 60950 67125
49500 63950 57950 60950 67150
49600 63925 57950 60950 67175
49700 63925 57950 60950 67175
49800 63925 57950 60950 67175
49900 63925 57950 60950 67175
50000 63925 57950 60950 67175
50100 63925 57950 60950 67175
50200 63925 57950 60950 67175
50300 63925 57950 60950 67175
50400 63900 58000 60950 67150
50500 63900 58000 60950 67150
50600 63900 58000 60950 67150
50700 63900 58000 60950 67150
50800 63900 58000 60950 67150
50900 63900 58000 60950 67150
51000 63900 58000 60950 67150
51100 63900 58000 60950 67150
51200 63900 58000 60950 67150
51300 63900 58000 60950 67150
51400 63900 58000 60950 67150
51500 63900 58000 60950 67150
51600 63900 58000 60950 67150
51700 63900 58000 60950 67150
51800 63900 58000 60950 67150
51900 63900 58000 60950 67150
52000 63900 58000 60950 67150
52100 63900 58000 60950 67150
52200 63900 58000 60950 67150
52300 63900 58000 60950 67150
52400 63900 57975 60975 67150
52500 63900 57975 60975 67150
52600 63900 57975 60975 67150
52700 63900 57975 60975 67150
52800 63900 57975 60975 67150
52900 63900 57975 60975 67150
53000 63900 57975 60975 67150
53100 63900 57975 60975 67150
53200 63900 57975 60975 67150
53300 63900 57975 60975 67150
53400 63900 57975 60975 67150
53500 63900 57975 60975 67150
53600 63925 57950 61000 67125
53700 63925 57950 61000 67125
53800 63900 57950 61025 67125
53900 63900 57950 61025 67125
54000 63900 57950 61025 67125
54100 63900 57950 61025 67125
54200 63900 57950 61025 67125
54300 63900 57975 61025 67100
54400 63900 57975 61025 67100
54500 63900 57950 61025 67125
54600 63900 57950 61025 67125
54700 63900 57950 61025 67125
54800 63900 57950 61025 67125
54900 63900 57950 61025 67125
55000 63875 57975 61025 67125
55100 63875 57975 61025 67125
55200 63875 57975 61025 67125
55300 63875 57975 61025 67125
55400 63875 57975 61025 67125
55500 63875 57975 61025 67125
55600 63875 57975 61025 67125
55700 63875 57975 61025 67125
55800 63850 57950 61050 67150
55900 63850 57950 61050 67150
56000 63850 57950 61050 67150
56100 63850 57925 61050 67175
56200 63850 57925 61050 67175
56300 63850 57925 61050 67175
56400 63850 57900 61075 67175
56500 63850 57900 61075 67175
56600 63850 57925 61075 67150
56700 63850 57925 61075 67150
56800 63850 57925 61075 67150
56900 63850 57925 61075 67150
57000 63850 57925 61075 67150
57100 63850 57925 61075 67150
57200 63850 57900 61100 67150
57300 63825 57925 61100 67150
57400 63825 57925 61100 67150
57500 63825 57900 61100 67175
57600 63825 57900 61100 67175
57700 63850 57875 61100 67175
57800 63850 57875 61100 67175
57900 63850 57875 61100 67175
58000 63825 57875 61100 67200
58100 63800 57900 61100 67200
58200 63800 57900 61100 67200
58300 63800 57900 61100 67200
58400 63800 57900 61100 67200
58500 63800 57900 61100 67200
58600 63800 57900 61100 67200
58700 63800 57875 61100 67225
58800 63775 57900 61100 67225
58900 63775 57900 61100 67225
59000 63775 57900 61100 67225
59100 63775 57900 61100 67225
59200 63775 57900 61125 67200
59300 63775 57900 61125 67200
59400 63775 57900 61125 67200
59500 63775 57900 61125 67200
59600 63775 57900 61125 67200
59700 63775 57900 61125 67200
59800 63775 57875 61125 67225
59900 63775 57875 61125 67225
60000 63800 57875 61125 67200
60100 63800 57875 61125 67200
60200 63800 57875 61150 67175
60300 63800 57875 61150 67175
60400 63800 57875 61150 67175
60500 63800 57875 61150 67175
60600 63800 57875 61150 67175
60700 63800 57875 61150 67175
60800 63800 57850 61150 67200
60900 63800 57825 61175 67200
61000 63800 57825 61175 67200
61100 63800 57825 61175 67200
61200 63800 57825 61175 67200
61300 63800 57825 61175 67200
61400 63800 57825 61175 67200
61500 63800 57825 61175 67200
61600 63800 57825 61175 67200
61700 63800 57800 61175 67225
61800 63800 57800 61175 67225
61900 63750 57825 61200 67225
62000 63750 57825 61200 67225
62100 63725 57825 61200 67250
62200 63725 57825 61200 67250
62300 63700 57825 61225 67250
62400 63700 57825 61225 67250
62500 63700 57825 61225 67250
62600 63700 57800 61225 67275
62700 63700 57800 61225 67275
62800 63700 57800 61225 67275
62900 63700 57800 61225 67275
63000 63700 57800 61225 67275
63100 63700 57800 61200 67300
63200 63700 57800 61200 67300
63300 63700 57800 61200 67300
63400 63700 57800 61200 67300
63500 63700 57800 61200 67300
63600 63700 57775 61200 67325
63700 63700 57775 61200 67325
63800 63700 57775 61200 67325
63900 63700 57775 61200 67325
64000 63700 57775 61200 67325
64100 63700 57775 61200 67325
64200 63700 57775 61200 67325
64300 63700 57775 61200 67325
64400 63675 57800 61200 67325
64500 63675 57800 61200 67325
64600 63675 57775 61200 67350
64700 63675 57775 61200 67350
64800 63675 57775 61200 67350
64900 63675 57775 61200 67350
65000 63675 57775 61200 67350
65100 63650 57775 61200 67375
65200 63650 57775 61200 67375
65300 63650 57775 61200 67375
65400 63650 57775 61200 67375
65500 63650 57775 61200 67375
65600 63650 57775 61175 67400
65700 63650 57775 61175 67400
65800 63650 57750 61175 67425
65900 63650 57750 61175 67425
66000 63625 57750 61200 67425
66100 63625 57750 61200 67425
66200 63625 57750 61200 67425
66300 63625 57750 61200 67425
66400 63600 57775 61225 67400
66500 63600 57775 61225 67400
66600 63600 57775 61225 67400
66700 63600 57775 61225 67400
66800 63600 57775 61225 67400
66900 63600 57775 61225 67400
67000 63600 57775 61200 67425
67100 63600 57750 61225 67425
67200 63600 57750 61225 67425
67300 63600 57750 61225 67425
67400 63600 57750 61225 67425
67500 63600 57750 61225 67425
67600 63600 57750 61225 67425
67700 63600 57750 61225 67425
67800 63600 57750 61225 67425
67900 63575 57775 61225 67425
68000 63575 57775 61225 67425
68100 63550 57775 61250 67425
68200 63550 57775 61250 67425
68300 63550 57775 61250 67425
68400 63550 57775 61225 67450
68500 63550 57775 61225 67450
68600 63550 57775 61225 67450
68700 63550 57775 61225 67450
68800 63550 57775 61225 67450
68900 63550 57775 61225 67450
69000 63550 57750 61250 67450
69100 63550 57750 61250 67450
69200 63525 57775 61250 67450
69300 63525 57775 61250 67450
69400 63525 57775 61250 67450
69500 63525 57775 61250 67450
69600 63525 57775 61250 67450
69700 63525 57775 61250 67450
69800 63525 57775 61250 67450
69900 63525 57775 61250 67450
70000 63525 57775 61250 67450
70100 63525 57775 61250 67450
70200 63525 57775 61250 67450
70300 63525 57775 61250 67450
70400 63525 57775 61250 67450
70500 63525 57775 61250 67450
70600 63525 57775 61250 67450
70700 63525 57775 61250 67450
70800 63525 57775 61250 67450
70900 63525 57775 61225 67475
71000 63525 57775 61225 67475
71100 63525 57775 61225 67475
71200 63525 57775 61225 67475
71300 63525 57775 61250 67450
71400 63525 57750 61275 67450
71500 63525 57750 61275 67450
71600 63525 57750 61275 67450
71700 63525 57750 61275 67450
71800 63525 57750 61275 67450
71900 63525 57750 61275 67450
72000 63500 57750 61300 67450
72100 63500 57750 61325 67425
72200 63500 57750 61325 67425
72300 63500 57750 61325 67425
72400 63500 57750 61325 67425
72500 63500 57750 61325 67425
72600 63500 57750 61325 67425
72700 63500 57750 61325 67425
72800 63500 57750 61325 67425
72900 63500 57750 61325 67425
73000 63500 57750 61325 67425
73100 63475 57775 61325 67425
73200 63475 57775 61325 67425
73300 63475 57775 61325 67425
73400 63475 57775 61325 67425
73500 63475 57775 61325 67425
73600 63475 57775 61325 67425
73700 63500 57775 61325 67400
73800 63500 57775 61325 67400
73900 63500 57775 61325 67400
74000 63500 57775 61325 67400
74100 63500 57775 61325 67400
74200 63500 57775 61325 67400
74300 63500 57775 61325 67400
74400 63500 57775 61325 67400
74500 63500 57775 61325 67400
74600 63500 57775 61325 67400
74700 63500 57775 61325 67400
74800 63500 57775 61325 67400
74900 63500 57750 61350 67400
75000 63500 57750 61350 67400
75100 63475 57750 61350 67425
75200 63475 57750 61350 67425
75300 63475 57750 61350 67425
75400 63475 57750 61350 67425
75500 63475 57725 61375 67425
75600 63475 57725 61375 67425
75700 63475 57725 61375 67425
75800 63475 57725 61375 67425
75900 63475 57725 61375 67425
76000 63475 57725 61375 67425
76100 63475 57725 61375 67425
76200 63450 57725 61375 67450
76300 63450 57725 61375 67450
76400 63450 57725 61375 67450
76500 63450 57725 61375 67450
76600 63450 57725 61375 67450
76700 63450 57725 61375 67450
76800 63450 57725 61375 67450
76900 63450 57725 61375 67450
77000 63450 57725 61375 67450
77100 63450 57725 61375 67450
77200 63425 57725 61400 67450
77300 63425 57725 61425 67425
77400 63425 57725 61425 67425
77500 63425 57725 61425 67425
77600 63425 57725 61425 67425
77700 63425 57725 61425 67425
77800 63425 57725 61425 67425
77900 63425 57725 61425 67425
78000 63425 57725 61425 67425
78100 63425 57725 61425 67425
78200 63425 57725 61425 67425
78300 63425 57725 61425 67425
78400 63425 57725 61425 67425
78500 63425 57700 61450 67425
78600 63425 57700 61450 67425
78700 63425 57700 61475 67400
78800 63425 57700 61475 67400
78900 63425 57700 61475 67400
79000 63425 57700 61475 67400
79100 63400 57700 61500 67400
79200 63400 57700 61500 67400
79300 63400 57700 61500 67400
79400 63400 57700 61500 67400
79500 63400 57700 61500 67400
79600 63375 57725 61500 67400
79700 63375 57725 61500 67400
79800 63375 57725 61500 67400
79900 63375 57725 61500 67400
80000 63375 57725 61500 67400
80100 63375 57725 61500 67400
80200 63375 57725 61500 67400
80300 63375 57725 61500 67400
80400 63375 57725 61500 67400
80500 63375 57725 61500 67400
80600 63375 57725 61500 67400
80700 63375 57725 61500 67400
80800 63350 57725 61525 67400
80900 63350 57725 61525 67400
81000 63350 57725 61525 67400
81100 63350 57725 61525 67400
81200 63350 57725 61525 67400
81300 63350 57725 61525 67400
81400 63350 57725 61525 67400
81500 63350 57725 61525 67400
81600 63350 57725 61525 67400
81700 63350 57725 61525 67400
81800 63350 57725 61525 67400
81900 63350 57725 61550 67375
82000 63350 57725 61550 67375
82100 63350 57725 61550 67375
82200 63325 57725 61575 67375
82300 63325 57725 61575 67375
82400 63325 57725 61575 67375
82500 63325 57725 61600 67350
82600 63325 57725 61600 67350
82700 63325 57725 61600 67350
82800 63325 57725 61600 67350
82900 63300 57725 61600 67375
83000 63300 57725 61600 67375
83100 63300 57725 61600 67375
83200 63300 57725 61600 67375
83300 63300 57725 61600 67375
83400 63275 57725 61625 67375
83500 63275 57725 61625 67375
83600 63275 57725 61625 67375
83700 63275 57725 61625 67375
83800 63275 57725 61625 67375
83900 63275 57725 61625 67375
84000 63275 57725 61600 67400
84100 63275 57725 61600 67400
84200 63275 57725 61600 67400
84300 63275 57725 61600 67400
84400 63275 57725 61600 67400
84500 63250 57725 61625 67400
84600 63250 57725 61625 67400
84700 63250 57725 61625 67400
84800 63250 57725 61625 67400
84900 63250 57725 61625 67400
85000 63250 57725 61625 67400
85100 63250 57725 61625 67400
85200 63250 57725 61625 67400
85300 63250 57725 61625 67400
85400 63250 57725 61625 67400
85500 63250 57725 61625 67400
85600 63225 57725 61650 67400
85700 63225 57700 61675 67400
85800 63200 57725 61675 67400
85900 63200 57725 61675 67400
86000 63200 57725 61675 67400
86100 63200 57725 61700 67375
86200 63200 57725 61700 67375
86300 63200 57725 61700 67375
86400 63200 57725 61700 67375
86500 63200 57725 61700 67375
86600 63200 57725 61700 67375
86700 63200 57725 61700 67375
86800 63200 57725 61700 67375
86900 63200 57725 61700 67375
87000 63200 57725 61700 67375
87100 63200 57725 61700 67375
87200 63200 57725 61700 67375
87300 63200 57725 61700 67375
87400 63200 57725 61700 67375
87500 63200 57725 61700 67375
87600 63200 57725 61700 67375
87700 63200 57725 61700 67375
87800 63200 57725 61700 67375
87900 63200 57725 61700 67375
88000 63200 57725 61700 67375
88100 63200 57725 61700 67375
88200 63200 57725 61700 67375
88300 63200 57725 61700 67375
88400 63200 57725 61700 67375
88500 63200 57725 61700 67375
88600 63200 57725 61700 67375
88700 63200 57725 61700 67375
88800 63200 57725 61700 67375
88900 63200 57725 61700 67375
89000 63175 57750 61700 67375
89100 63175 57750 61700 67375
89200 63175 57750 61700 67375
89300 63175 57750 61700 67375
89400 63175 57750 61700 67375
89500 63150 57750 61700 67400
89600 63150 57750 61700 67400
89700 63150 57750 61700 67400
89800 63150 57750 61700 67400
89900 63150 57750 61700 67400
90000 63150 57750 61700 67400
90100 63150 57750 61700 67400
90200 63150 57750 61700 67400
90300 63125 57750 61700 67425
90400 63125 57750 61700 67425
90500 63125 57750 61700 67425
90600 63125 57750 61700 67425
90700 63125 57750 61700 67425
90800 63125 57750 61700 67425
90900 63125 57750 61700 67425
91000 63125 57750 61700 67425
91100 63125 57750 61700 67425
91200 63125 57750 61700 67425
91300 63125 57750 61700 67425
91400 63125 57750 61700 67425
91500 63125 57750 61700 67425
91600 63125 57750 61700 67425
91700 63125 57750 61700 67425
91800 63100 57775 61700 67425
91900 63100 57775 61700 67425
92000 63100 57775 61700 67425
92100 63100 57775 61700 67425
92200 63100 57775 61700 67425
92300 63100 57775 61700 67425
92400 63100 57750 61725 67425
92500 63100 57750 61750 67400
92600 63100 57750 61750 67400
92700 63100 57750 61750 67400
92800 63100 57750 61775 67375
92900 63100 57750 61775 67375
93000 63100 57750 61775 67375
93100 63100 57725 61800 67375
93200 63100 57725 61800 67375
93300 63100 57725 61800 67375
93400 63100 57725 61800 67375
93500 63100 57725 61800 67375
93600 63100 57725 61800 67375
93700 63100 57725 61800 67375
93800 63100 57725 61800 67375
93900 63100 57725 61800 67375
94000 63100 57725 61800 67375
94100 63100 57725 61800 67375
94200 63100 57725 61800 67375
94300 63100 57725 61800 67375
94400 63100 57725 61800 67375
94500 63100 57725 61775 67400
94600 63100 57725 61775 67400
94700 63100 57725 61775 67400
94800 63100 57725 61775 67400
94900 63125 57725 61775 67375
95000 63125 57725 61775 67375
95100 63125 57725 61775 67375
95200 63125 57725 61775 67375
95300 63125 57725 61775 67375
95400 63125 57725 61775 67375
95500 63125 57725 61775 67375
95600 63125 57725 61775 67375
95700 63125 57725 61775 67375
95800 63125 57725 61775 67375
95900 63125 57725 61775 67375
96000 63125 57725 61775 67375
96100 63125 57725 61775 67375
96200 63125 57725 61775 67375
96300 63125 57725 61775 67375
96400 63125 57725 61775 67375
96500 63125 57725 61775 67375
96600 63150 57700 61775 67375
96700 63150 57700 61775 67375
96800 63150 57700 61775 67375
96900 63150 57700 61775 67375
97000 63150 57700 61775 67375
97100 63150 57700 61775 67375
97200 63150 57675 61800 67375
97300 63150 57675 61800 67375
97400 63150 57675 61800 67375
97500 63150 57675 61800 67375
97600 63150 57675 61800 67375
97700 63125 57700 61800 67375
97800 63125 57700 61800 67375
97900 63125 57700 61800 67375
98000 63100 57725 61800 67375
98100 63100 57725 61800 67375
98200 63100 57725 61800 67375
98300 63100 57725 61800 67375
98400 63100 57725 61800 67375
98500 63100 57725 61825 67350
98600 63100 57725 61825 67350
98700 63100 57725 61825 67350
98800 63100 57725 61825 67350
98900 63100 57725 61825 67350
99000 63100 57725 61825 67350
99100 63100 57725 61825 67350
99200 63100 57725 61825 67350
99300 63100 57725 61825 67350
99400 63100 57725 61825 67350
99500 63100 57725 61825 67350
99600 63100 57725 61825 67350
99700 63100 57725 61825 67350
99800 63100 57725 61825 67350
99900 63100 57725 61825 67350
100000 63100 57725 61825 67350
