0 66775 60225 63100 59900
100 66775 60225 63100 59900
200 66800 60175 63125 59900
300 66800 60150 63125 59925
400 66875 60175 63050 59900
500 66900 60150 63075 59875
600 66825 60125 63175 59875
700 66800 60100 63150 59950
800 66825 60075 63100 60000
900 66775 60000 63150 60075
1000 66775 59950 63225 60050
1100 66775 59900 63275 60050
1200 66800 59825 63325 60050
1300 66825 59825 63300 60050
1400 66800 59825 63300 60075
1500 66800 59875 63350 59975
1600 66775 59825 63425 59975
1700 66800 59775 63450 59975
1800 66825 59700 63475 60000
1900 66775 59675 63550 60000
2000 66800 59675 63525 60000
2100 66850 59650 63500 60000
2200 66825 59625 63550 60000
2300 66825 59650 63500 60025
2400 66875 59625 63500 60000
2500 66875 59625 63500 60000
2600 66875 59550 63550 60025
2700 66900 59525 63550 60025
2800 66900 59475 63650 59975
2900 66900 59500 63625 59975
3000 66900 59550 63575 59975
3100 66900 59550 63550 60000
3200 66875 59550 63575 60000
3300 66850 59550 63575 60025
3400 66850 59525 63575 60050
3500 66825 59550 63550 60075
3600 66850 59525 63550 60075
3700 66850 59450 63625 60075
3800 66800 59475 63650 60075
3900 66750 59500 63700 60050
4000 66725 59550 63700 60025
4100 66725 59525 63750 60000
4200 66725 59525 63775 59975
4300 66700 59550 63775 59975
4400 66700 59550 63775 59975
4500 66700 59550 63800 59950
4600 66750 59525 63825 59900
4700 66775 59475 63850 59900
4800 66725 59425 63925 59925
4900 66725 59450 63975 59850
5000 66750 59425 63975 59850
5100 66750 59425 63950 59875
5200 66800 59400 63950 59850
5300 66825 59400 63925 59850
5400 66825 59400 63900 59875
5500 66850 59400 63900 59850
5600 66900 59375 63850 59875
5700 66900 59325 63875 59900
5800 66900 59325 63900 59875
5900 66900 59275 63950 59875
6000 66900 59225 64000 59875
6100 66900 59250 64000 59850
6200 66875 59250 64025 59850
6300 66850 59250 64050 59850
6400 66800 59275 64050 59875
6500 66775 59225 64100 59900
6600 66775 59225 64100 59900
6700 66800 59200 64075 59925
6800 66825 59175 64100 59900
6900 66825 59175 64075 59925
7000 66825 59175 64075 59925
7100 66825 59150 64100 59925
7200 66825 59150 64100 59925
7300 66800 59100 64175 59925
7400 66800 59100 64175 59925
7500 66800 59075 64175 59950
7600 66800 59075 64175 59950
7700 66800 59075 64150 59975
7800 66825 59100 64150 59925
7900 66825 59100 64150 59925
8000 66825 59100 64150 59925
8100 66850 59100 64125 59925
8200 66850 59125 64100 59925
8300 66850 59025 64175 59950
8400 66900 58950 64225 59925
8500 66900 58950 64225 59925
8600 66900 58925 64250 59925
8700 66875 58875 64300 59950
8800 66900 58875 64300 59925
8900 66875 58900 64300 59925
9000 66875 58875 64350 59900
9100 66900 58875 64300 59925
9200 66925 58875 64275 59925
9300 66900 58900 64300 59900
9400 66875 58900 64300 59925
9500 66875 58900 64350 59875
9600 66850 58900 64350 59900
9700 66825 58900 64375 59900
9800 66800 58875 64350 59975
9900 66825 58825 64350 60000
10000 66800 58800 64375 60025
10100 66825 58800 64325 60050
10200 66825 58775 64350 60050
10300 66825 58775 64350 60050
10400 66875 58650 64400 60075
10500 66900 58650 64375 60075
10600 66900 58675 64400 60025
10700 66900 58650 64450 60000
10800 66925 58650 64450 59975
10900 66975 58600 64425 60000
11000 67000 58600 64375 60025
11100 67000 58600 64375 60025
11200 67025 58575 64375 60025
11300 67100 58575 64300 60025
11400 67100 58625 64250 60025
11500 67100 58600 64250 60050
11600 67100 58550 64275 60075
11700 67100 58550 64275 60075
11800 67100 58525 64300 60075
11900 67100 58500 64300 60100
12000 67075 58450 64350 60125
12100 67050 58425 64375 60150
12200 67050 58350 64450 60150
12300 67025 58300 64450 60225
12400 67025 58300 64450 60225
12500 67000 58300 64500 60200
12600 67000 58300 64500 60200
12700 66975 58350 64500 60175
12800 66975 58350 64500 60175
12900 66975 58325 64525 60175
13000 66975 58300 64550 60175
13100 66950 58300 64575 60175
13200 66950 58300 64575 60175
13300 66950 58300 64575 60175
13400 66925 58350 64525 60200
13500 66875 58325 64625 60175
13600 66850 58325 64625 60200
13700 66875 58300 64650 60175
13800 66900 58300 64625 60175
13900 66900 58275 64700 60125
14000 66925 58275 64675 60125
14100 66925 58275 64675 60125
14200 66850 58325 64675 60150
14300 66825 58275 64725 60175
14400 66825 58250 64750 60175
14500 66825 58250 64750 60175
14600 66825 58275 64750 60150
14700 66825 58300 64725 60150
14800 66825 58325 64700 60150
14900 66800 58300 64725 60175
15000 66800 58275 64775 60150
15100 66800 58275 64775 60150
15200 66825 58275 64750 60150
15300 66825 58300 64725 60150
15400 66850 58300 64700 60150
15500 66825 58325 64700 60150
15600 66800 58350 64700 60150
15700 66800 58325 64725 60150
15800 66800 58300 64775 60125
15900 66800 58300 64775 60125
16000 66800 58300 64775 60125
16100 66850 58275 64750 60125
16200 66850 58275 64750 60125
16300 66800 58300 64800 60100
16400 66775 58275 64875 60075
16500 66775 58250 64900 60075
16600 66800 58225 64900 60075
16700 66750 58250 64900 60100
16800 66750 58225 64925 60100
16900 66775 58200 64950 60075
17000 66775 58175 64975 60075
17100 66775 58175 64975 60075
17200 66775 58150 65000 60075
17300 66775 58150 65000 60075
17400 66775 58150 65025 60050
17500 66775 58175 65025 60025
17600 66800 58175 65000 60025
17700 66800 58175 65000 60025
17800 66775 58200 65025 60000
17900 66750 58175 65050 60025
18000 66750 58175 65050 60025
18100 66700 58175 65050 60075
18200 66700 58175 65075 60050
18300 66725 58175 65025 60075
18400 66750 58150 65050 60050
18500 66775 58150 65025 60050
18600 66775 58150 65025 60050
18700 66775 58150 65025 60050
18800 66775 58125 65050 60050
18900 66800 58100 65075 60025
19000 66850 58075 65050 60025
19100 66825 58100 65050 60025
19200 66875 58125 65000 60000
19300 66875 58050 65050 60025
19400 66875 58050 65075 60000
19500 66900 58050 65050 60000
19600 66925 58025 65050 60000
19700 66925 58025 65050 60000
19800 66925 58000 65050 60025
19900 66975 58000 65000 60025
20000 66975 58000 65000 60025
20100 67025 58050 64925 60000
20200 67000 58050 64925 60025
20300 67000 58050 64925 60025
20400 66975 58075 64975 59975
20500 66950 58075 64975 60000
20600 66950 58050 65000 60000
20700 66950 58050 64975 60025
20800 66950 58050 64975 60025
20900 66950 58050 64975 60025
21000 66950 58050 64975 60025
21100 66950 58050 64975 60025
21200 66975 58050 64950 60025
21300 66950 58050 64950 60050
21400 66950 58100 64975 59975
21500 66950 58100 64975 59975
21600 66950 58125 64950 59975
21700 66950 58150 64925 59975
21800 66900 58150 64950 60000
21900 66900 58100 65025 59975
22000 66900 58075 65025 60000
22100 66900 58075 65025 60000
22200 66925 58100 65025 59950
22300 66925 58125 65025 59925
22400 66925 58100 65075 59900
22500 66925 58075 65100 59900
22600 66925 58075 65100 59900
22700 66925 58100 65075 59900
22800 66925 58100 65100 59875
22900 66925 58150 65125 59800
23000 66925 58150 65125 59800
23100 66925 58125 65150 59800
23200 66925 58125 65150 59800
23300 66925 58125 65175 59775
23400 66950 58125 65175 59750
23500 66925 58125 65175 59775
23600 66925 58125 65175 59775
23700 66925 58175 65150 59750
23800 66925 58175 65175 59725
23900 66925 58225 65200 59650
24000 66925 58250 65200 59625
24100 66875 58275 65200 59650
24200 66850 58275 65225 59650
24300 66850 58250 65250 59650
24400 66800 58225 65300 59675
24500 66800 58225 65300 59675
24600 66800 58175 65325 59700
24700 66800 58150 65350 59700
24800 66775 58150 65350 59725
24900 66800 58150 65325 59725
25000 66800 58150 65325 59725
25100 66825 58150 65325 59700
25200 66825 58150 65325 59700
25300 66850 58150 65300 59700
25400 66900 58100 65325 59675
25500 66900 58075 65350 59675
25600 66900 58075 65400 59625
25700 66900 58075 65400 59625
25800 66900 58075 65400 59625
25900 66875 58075 65400 59650
26000 66875 58075 65400 59650
26100 66900 58050 65400 59650
26200 66875 58075 65400 59650
26300 66875 58050 65425 59650
26400 66875 58050 65425 59650
26500 66875 58050 65450 59625
26600 66850 58050 65475 59625
26700 66850 58050 65475 59625
26800 66850 58025 65500 59625
26900 66875 58025 65475 59625
27000 66850 58025 65475 59650
27100 66850 58025 65475 59650
27200 66875 58025 65425 59675
27300 66875 58025 65425 59675
27400 66875 58025 65425 59675
27500 66875 58025 65425 59675
27600 66850 58000 65475 59675
27700 66825 58000 65500 59675
27800 66800 58000 65550 59650
27900 66775 57975 65575 59675
28000 66775 57975 65575 59675
28100 66750 57975 65575 59700
28200 66750 57950 65575 59725
28300 66775 57975 65525 59725
28400 66775 57950 65525 59750
28500 66775 57950 65500 59775
28600 66775 57950 65500 59775
28700 66775 57925 65500 59800
28800 66775 57925 65500 59800
28900 66775 57925 65500 59800
29000 66775 57925 65500 59800
29100 66775 57925 65525 59775
29200 66775 57925 65550 59750
29300 66775 57950 65500 59775
29400 66775 57950 65500 59775
29500 66775 57950 65500 59775
29600 66800 57925 65475 59800
29700 66800 57875 65525 59800
29800 66800 57900 65525 59775
29900 66800 57875 65575 59750
30000 66800 57900 65550 59750
30100 66800 57900 65550 59750
30200 66800 57925 65525 59750
30300 66800 57950 65475 59775
30400 66800 57950 65475 59775
30500 66800 58000 65450 59750
30600 66800 58000 65450 59750
30700 66775 58075 65400 59750
30800 66800 58125 65300 59775
30900 66800 58125 65300 59775
31000 66800 58100 65325 59775
31100 66775 58100 65325 59800
31200 66775 58075 65325 59825
31300 66750 58075 65350 59825
31400 66750 58075 65350 59825
31500 66750 58075 65350 59825
31600 66775 58025 65375 59825
31700 66750 58025 65375 59850
31800 66725 58025 65375 59875
31900 66725 58000 65375 59900
32000 66725 58000 65375 59900
32100 66725 57975 65400 59900
32200 66725 57975 65400 59900
32300 66750 57975 65375 59900
32400 66750 57975 65375 59900
32500 66750 57975 65375 59900
32600 66750 57975 65400 59875
32700 66750 57950 65425 59875
32800 66775 57925 65425 59875
32900 66800 57900 65400 59900
33000 66800 57900 65400 59900
33100 66850 57900 65350 59900
33200 66850 57875 65375 59900
33300 66875 57875 65350 59900
33400 66875 57875 65350 59900
33500 66875 57850 65375 59900
33600 66900 57850 65350 59900
33700 66950 57850 65300 59900
33800 66975 57775 65325 59925
33900 66975 57775 65325 59925
34000 66950 57775 65350 59925
34100 66950 57775 65350 59925
34200 66950 57750 65350 59950
34300 66950 57750 65350 59950
34400 66975 57725 65350 59950
34500 66975 57725 65375 59925
34600 66975 57725 65375 59925
34700 67000 57700 65375 59925
34800 67000 57700 65375 59925
34900 67000 57700 65400 59900
35000 67000 57700 65400 59900
35100 67000 57700 65400 59900
35200 66975 57700 65425 59900
35300 66950 57700 65425 59925
35400 66925 57650 65450 59975
35500 66925 57625 65450 60000
35600 66925 57625 65450 60000
35700 66900 57625 65475 60000
35800 66900 57625 65475 60000
35900 66900 57625 65475 60000
36000 66900 57575 65550 59975
36100 66875 57575 65550 60000
36200 66875 57575 65575 59975
36300 66875 57575 65575 59975
36400 66900 57475 65625 60000
36500 66925 57475 65600 60000
36600 66925 57450 65600 60025
36700 66925 57450 65600 60025
36800 66925 57450 65625 60000
36900 66925 57450 65650 59975
37000 66900 57425 65650 60025
37100 66900 57400 65675 60025
37200 66925 57400 65675 60000
37300 66925 57350 65675 60050
37400 66925 57350 65675 60050
37500 66925 57300 65675 60100
37600 66900 57300 65675 60125
37700 66875 57300 65700 60125
37800 66875 57300 65675 60150
37900 66875 57300 65700 60125
38000 66875 57300 65700 60125
38100 66875 57275 65725 60125
38200 66875 57275 65725 60125
38300 66875 57275 65725 60125
38400 66875 57275 65725 60125
38500 66875 57275 65725 60125
38600 66875 57300 65725 60100
38700 66875 57300 65725 60100
38800 66875 57300 65725 60100
38900 66900 57300 65700 60100
39000 66900 57275 65725 60100
39100 66875 57275 65725 60125
39200 66875 57275 65725 60125
39300 66875 57275 65725 60125
39400 66875 57275 65725 60125
39500 66850 57275 65750 60125
39600 66800 57300 65800 60100
39700 66800 57300 65800 60100
39800 66800 57300 65775 60125
39900 66800 57300 65775 60125
40000 66800 57275 65800 60125
40100 66800 57250 65825 60125
40200 66800 57250 65825 60125
40300 66775 57250 65825 60150
40400 66750 57250 65800 60200
40500 66775 57250 65775 60200
40600 66750 57250 65800 60200
40700 66725 57250 65800 60225
40800 66750 57275 65775 60200
40900 66750 57275 65775 60200
41000 66725 57275 65800 60200
41100 66725 57275 65800 60200
41200 66725 57275 65800 60200
41300 66725 57275 65800 60200
41400 66725 57225 65825 60225
41500 66725 57225 65825 60225
41600 66725 57225 65825 60225
41700 66750 57250 65800 60200
41800 66750 57250 65800 60200
41900 66750 57250 65800 60200
42000 66750 57225 65825 60200
42100 66750 57225 65825 60200
42200 66750 57225 65825 60200
42300 66750 57225 65825 60200
42400 66750 57225 65825 60200
42500 66750 57225 65825 60200
42600 66750 57200 65850 60200
42700 66750 57225 65850 60175
42800 66750 57225 65850 60175
42900 66775 57225 65825 60175
43000 66775 57225 65825 60175
43100 66775 57225 65825 60175
43200 66775 57225 65825 60175
43300 66775 57225 65825 60175
43400 66800 57225 65825 60150
43500 66775 57250 65825 60150
43600 66775 57250 65825 60150
43700 66750 57250 65875 60125
43800 66725 57225 65900 60150
43900 66700 57250 65900 60150
44000 66700 57250 65900 60150
44100 66700 57250 65875 60175
44200 66700 57225 65900 60175
44300 66700 57225 65925 60150
44400 66700 57225 65925 60150
44500 66700 57225 65925 60150
44600 66700 57225 65925 60150
44700 66700 57225 65925 60150
44800 66675 57225 65950 60150
44900 66700 57225 65950 60125
45000 66725 57225 65925 60125
45100 66750 57200 65950 60100
45200 66775 57200 65975 60050
45300 66775 57200 66000 60025
45400 66775 57175 66025 60025
45500 66775 57175 66025 60025
45600 66800 57175 66000 60025
45700 66800 57175 66000 60025
45800 66800 57175 66025 60000
45900 66800 57175 66025 60000
46000 66800 57175 66025 60000
46100 66800 57175 66025 60000
46200 66825 57150 66025 60000
46300 66825 57150 66000 60025
46400 66850 57150 66000 60000
46500 66825 57150 66025 60000
46600 66825 57150 66025 60000
46700 66850 57175 66000 59975
46800 66850 57175 66000 59975
46900 66850 57150 66000 60000
47000 66850 57150 65950 60050
47100 66850 57150 65925 60075
47200 66850 57150 65950 60050
47300 66850 57150 65950 60050
47400 66850 57125 65975 60050
47500 66850 57125 65950 60075
47600 66825 57150 65950 60075
47700 66825 57150 65950 60075
47800 66825 57125 65975 60075
47900 66800 57125 65975 60100
48000 66800 57100 66000 60100
48100 66800 57100 66000 60100
48200 66800 57100 66000 60100
48300 66800 57100 66000 60100
48400 66800 57100 66000 60100
48500 66800 57100 66000 60100
48600 66800 57125 65975 60100
48700 66800 57125 65975 60100
48800 66825 57125 65950 60100
48900 66825 57125 65950 60100
49000 66825 57125 65950 60100
49100 66825 57125 65950 60100
49200 66825 57125 65950 60100
49300 66825 57125 65950 60100
49400 66825 57125 65950 60100
49500 66825 57100 65975 60100
49600 66800 57100 65975 60125
49700 66800 57100 65975 60125
49800 66800 57100 65975 60125
49900 66800 57100 65975 60125
50000 66800 57100 65975 60125
50100 66800 57075 66025 60100
50200 66800 57075 66050 60075
50300 66800 57075 66050 60075
50400 66825 57075 66025 60075
50500 66825 57050 66050 60075
50600 66825 57050 66050 60075
50700 66825 57025 66075 60075
50800 66825 57050 66050 60075
50900 66825 57050 66050 60075
51000 66825 57050 66050 60075
51100 66825 57050 66050 60075
51200 66800 57050 66075 60075
51300 66800 57050 66075 60075
51400 66800 57050 66075 60075
51500 66800 57050 66075 60075
51600 66800 57050 66075 60075
51700 66775 57050 66075 60100
51800 66775 57050 66100 60075
51900 66800 57050 66075 60075
52000 66800 57050 66075 60075
52100 66775 57050 66075 60100
52200 66775 57050 66075 60100
52300 66775 57050 66075 60100
52400 66775 57050 66075 60100
52500 66750 57050 66100 60100
52600 66725 57050 66100 60125
52700 66725 57050 66100 60125
52800 66725 57050 66125 60100
52900 66725 57050 66125 60100
53000 66725 57050 66125 60100
53100 66750 57050 66075 60125
53200 66750 57050 66075 60125
53300 66750 57075 66050 60125
53400 66750 57075 66025 60150
53500 66750 57075 66025 60150
53600 66750 57075 66025 60150
53700 66750 57075 66025 60150
53800 66775 57075 66000 60150
53900 66775 57050 66025 60150
54000 66775 57050 66025 60150
54100 66800 57050 65975 60175
54200 66750 57075 66000 60175
54300 66725 57100 66025 60150
54400 66725 57100 66025 60150
54500 66725 57100 66025 60150
54600 66700 57100 66075 60125
54700 66700 57050 66100 60150
54800 66700 57050 66100 60150
54900 66700 57025 66125 60150
55000 66725 57025 66100 60150
55100 66700 57025 66100 60175
55200 66675 57050 66100 60175
55300 66650 57050 66125 60175
55400 66675 57025 66125 60175
55500 66675 57025 66125 60175
55600 66675 57025 66125 60175
55700 66700 57025 66125 60150
55800 66700 57050 66100 60150
55900 66700 57050 66100 60150
56000 66675 57050 66075 60200
56100 66675 57050 66075 60200
56200 66675 57050 66075 60200
56300 66700 57050 66050 60200
56400 66725 57050 66025 60200
56500 66725 57050 66050 60175
56600 66750 57050 66025 60175
56700 66775 57050 66025 60150
56800 66775 57025 66050 60150
56900 66825 57000 66025 60150
57000 66900 57000 65975 60125
57100 66900 57000 65975 60125
57200 66900 57000 65975 60125
57300 66900 56975 65975 60150
57400 66900 56975 65975 60150
57500 66900 56975 65975 60150
57600 66900 56975 65975 60150
57700 66900 56975 65975 60150
57800 66900 56975 65975 60150
57900 66875 56975 66000 60150
58000 66875 56975 66000 60150
58100 66875 56975 66000 60150
58200 66875 57000 65975 60150
58300 66875 57000 65975 60150
58400 66875 57000 65975 60150
58500 66900 56975 65975 60150
58600 66900 57000 65975 60125
58700 66900 57000 65975 60125
58800 66875 57000 66000 60125
58900 66875 57000 66000 60125
59000 66875 56975 66025 60125
59100 66850 57000 66025 60125
59200 66850 57000 66025 60125
59300 66850 57000 66000 60150
59400 66850 57000 66000 60150
59500 66850 57000 66025 60125
59600 66850 57000 66025 60125
59700 66850 57000 66025 60125
59800 66850 56975 66025 60150
59900 66850 56975 66025 60150
60000 66850 56975 66050 60125
60100 66850 56975 66050 60125
60200 66850 56975 66050 60125
60300 66850 56975 66050 60125
60400 66850 57000 66025 60125
60500 66875 57000 66000 60125
60600 66875 57025 65975 60125
60700 66875 57025 65975 60125
60800 66875 57025 65975 60125
60900 66900 57025 65950 60125
61000 66900 57025 65950 60125
61100 66900 57025 65950 60125
61200 66900 57025 65950 60125
61300 66900 57025 65950 60125
61400 66900 57025 65950 60125
61500 66900 57025 65950 60125
61600 66900 57025 65950 60125
61700 66900 57025 65950 60125
61800 66850 57025 65975 60150
61900 66850 57000 66000 60150
62000 66850 57000 66000 60150
62100 66850 57000 66025 60125
62200 66850 57000 66025 60125
62300 66850 57000 66025 60125
62400 66850 56975 66025 60150
62500 66850 57000 66000 60150
62600 66850 57025 65975 60150
62700 66850 57025 65975 60150
62800 66850 57000 66000 60150
62900 66875 56975 66025 60125
63000 66875 56975 66025 60125
63100 66875 56975 66025 60125
63200 66875 56975 66025 60125
63300 66875 56975 66025 60125
63400 66875 56975 66025 60125
63500 66875 56975 66025 60125
63600 66875 56975 66050 60100
63700 66875 56975 66050 60100
63800 66875 56975 66050 60100
63900 66850 57000 66050 60100
64000 66850 57000 66025 60125
64100 66850 56975 66050 60125
64200 66825 56975 66075 60125
64300 66825 56975 66075 60125
64400 66825 56975 66050 60150
64500 66825 56975 66050 60150
64600 66825 57000 66025 60150
64700 66825 57000 66025 60150
64800 66825 57000 66000 60175
64900 66800 56975 66000 60225
65000 66800 56975 66000 60225
65100 66800 56975 66025 60200
65200 66775 56975 66025 60225
65300 66775 57000 66025 60200
65400 66775 57000 66025 60200
65500 66775 57000 66025 60200
65600 66775 57000 66025 60200
65700 66800 57000 66000 60200
65800 66800 57000 66000 60200
65900 66800 57000 66000 60200
66000 66800 57025 65975 60200
66100 66800 57025 65975 60200
66200 66800 57000 66000 60200
66300 66775 56975 66050 60200
66400 66775 56975 66050 60200
66500 66775 56975 66050 60200
66600 66775 56975 66050 60200
66700 66775 56975 66050 60200
66800 66775 56975 66050 60200
66900 66775 57000 66025 60200
67000 66775 57000 66025 60200
67100 66775 57000 66025 60200
67200 66750 57000 66025 60225
67300 66750 57000 66025 60225
67400 66750 57000 66025 60225
67500 66775 56975 66025 60225
67600 66775 56975 66050 60200
67700 66800 56975 66075 60150
67800 66800 56950 66100 60150
67900 66800 56950 66100 60150
68000 66775 56950 66125 60150
68100 66775 56950 66125 60150
68200 66775 56950 66125 60150
68300 66775 56950 66125 60150
68400 66775 56950 66125 60150
68500 66800 56950 66100 60150
68600 66800 56950 66100 60150
68700 66800 56950 66125 60125
68800 66775 56975 66125 60125
68900 66750 56975 66125 60150
69000 66750 56975 66125 60150
69100 66750 56975 66125 60150
69200 66750 56975 66125 60150
69300 66750 56975 66125 60150
69400 66725 56975 66150 60150
69500 66725 56950 66175 60150
69600 66725 56950 66175 60150
69700 66725 56975 66175 60125
69800 66725 56975 66175 60125
69900 66700 56975 66200 60125
70000 66700 56950 66200 60150
70100 66725 56975 66175 60125
70200 66725 56975 66150 60150
70300 66725 56975 66150 60150
70400 66750 56950 66150 60150
70500 66750 56950 66150 60150
70600 66750 56950 66175 60125
70700 66700 56950 66200 60150
70800 66700 56950 66200 60150
70900 66700 56950 66200 60150
71000 66700 56950 66200 60150
71100 66700 56950 66175 60175
71200 66700 56950 66175 60175
71300 66700 56950 66175 60175
71400 66700 56950 66175 60175
71500 66725 56950 66200 60125
71600 66725 56950 66200 60125
71700 66725 56950 66200 60125
71800 66700 56950 66225 60125
71900 66700 56950 66225 60125
72000 66700 56950 66225 60125
72100 66700 56950 66225 60125
72200 66700 56950 66225 60125
72300 66700 56925 66250 60125
72400 66675 56950 66225 60150
72500 66675 56950 66225 60150
72600 66650 56925 66250 60175
72700 66650 56925 66250 60175
72800 66625 56925 66275 60175
72900 66625 56925 66275 60175
73000 66625 56925 66275 60175
73100 66625 56925 66275 60175
73200 66625 56925 66275 60175
73300 66625 56950 66275 60150
73400 66625 56950 66275 60150
73500 66625 56950 66300 60125
73600 66625 56950 66300 60125
73700 66625 56950 66300 60125
73800 66600 56950 66300 60150
73900 66600 56950 66300 60150
74000 66600 56975 66300 60125
74100 66625 56975 66275 60125
74200 66625 56975 66275 60125
74300 66650 56975 66250 60125
74400 66650 56975 66250 60125
74500 66650 56975 66250 60125
74600 66650 56975 66250 60125
74700 66625 57000 66250 60125
74800 66625 57000 66275 60100
74900 66625 56975 66300 60100
75000 66625 56975 66300 60100
75100 66625 56950 66300 60125
75200 66625 56950 66300 60125
75300 66625 56950 66300 60125
75400 66625 56950 66300 60125
75500 66625 56925 66325 60125
75600 66625 56925 66325 60125
75700 66625 56925 66325 60125
75800 66625 56950 66275 60150
75900 66625 56950 66275 60150
76000 66625 56950 66275 60150
76100 66650 56950 66250 60150
76200 66675 56950 66250 60125
76300 66675 56975 66250 60100
76400 66675 56975 66250 60100
76500 66675 56975 66250 60100
76600 66675 56975 66250 60100
76700 66675 56975 66250 60100
76800 66675 56975 66250 60100
76900 66675 56975 66250 60100
77000 66675 57000 66250 60075
77100 66675 57000 66250 60075
77200 66675 57000 66250 60075
77300 66700 56975 66275 60050
77400 66700 56975 66275 60050
77500 66700 56975 66275 60050
77600 66700 56950 66275 60075
77700 66725 56950 66275 60050
77800 66725 56950 66275 60050
77900 66750 56950 66275 60025
78000 66750 56950 66275 60025
78100 66750 56950 66275 60025
78200 66750 56950 66275 60025
78300 66750 56950 66275 60025
78400 66725 56950 66275 60050
78500 66725 56950 66275 60050
78600 66725 56950 66275 60050
78700 66725 56950 66275 60050
78800 66725 56975 66275 60025
78900 66725 56975 66275 60025
79000 66725 56975 66275 60025
79100 66725 56975 66275 60025
79200 66725 56975 66275 60025
79300 66725 56975 66275 60025
79400 66725 56975 66300 60000
79500 66725 56975 66300 60000
79600 66725 56975 66300 60000
79700 66725 56975 66300 60000
79800 66725 56975 66300 60000
79900 66725 57000 66275 60000
80000 66725 56975 66275 60025
80100 66725 56975 66275 60025
80200 66725 56975 66275 60025
80300 66725 56975 66275 60025
80400 66725 56975 66275 60025
80500 66725 56975 66275 60025
80600 66725 56975 66300 60000
80700 66725 56950 66325 60000
80800 66725 56975 66325 59975
80900 66750 56950 66325 59975
81000 66750 56950 66325 59975
81100 66750 56950 66325 59975
81200 66750 56925 66350 59975
81300 66750 56925 66325 60000
81400 66750 56975 66300 59975
81500 66750 56975 66300 59975
81600 66725 56975 66350 59950
81700 66725 56975 66350 59950
81800 66725 56975 66350 59950
81900 66725 56975 66375 59925
82000 66725 56975 66375 59925
82100 66725 56975 66375 59925
82200 66700 57000 66375 59925
82300 66700 56975 66375 59950
82400 66700 56975 66375 59950
82500 66700 57000 66375 59925
82600 66700 57000 66375 59925
82700 66700 57000 66375 59925
82800 66700 57000 66375 59925
82900 66700 57000 66375 59925
83000 66700 57025 66375 59900
83100 66700 57025 66375 59900
83200 66700 57025 66375 59900
83300 66700 57025 66375 59900
83400 66700 57025 66375 59900
83500 66700 57025 66350 59925
83600 66700 57025 66350 59925
83700 66675 57025 66350 59950
83800 66675 57050 66350 59925
83900 66700 57050 66325 59925
84000 66700 57050 66325 59925
84100 66700 57050 66325 59925
84200 66700 57050 66325 59925
84300 66725 57075 66325 59875
84400 66700 57075 66325 59900
84500 66700 57075 66325 59900
84600 66700 57075 66325 59900
84700 66700 57075 66325 59900
84800 66700 57075 66325 59900
84900 66725 57100 66300 59875
85000 66725 57075 66300 59900
85100 66725 57100 66275 59900
85200 66725 57100 66275 59900
85300 66725 57125 66275 59875
85400 66725 57125 66275 59875
85500 66725 57125 66275 59875
85600 66725 57125 66300 59850
85700 66700 57125 66300 59875
85800 66700 57150 66300 59850
85900 66700 57150 66300 59850
86000 66700 57150 66300 59850
86100 66700 57175 66300 59825
86200 66700 57175 66300 59825
86300 66700 57175 66300 59825
86400 66700 57150 66300 59850
86500 66700 57175 66300 59825
86600 66700 57175 66300 59825
86700 66700 57200 66300 59800
86800 66700 57200 66300 59800
86900 66700 57200 66300 59800
87000 66700 57225 66300 59775
87100 66700 57225 66300 59775
87200 66700 57250 66300 59750
87300 66700 57250 66300 59750
87400 66700 57275 66300 59725
87500 66700 57300 66300 59700
87600 66700 57350 66300 59650
87700 66700 57375 66300 59625
87800 66700 57375 66300 59625
87900 66700 57375 66300 59625
88000 66700 57375 66325 59600
88100 66725 57375 66300 59600
88200 66725 57350 66300 59625
88300 66725 57350 66300 59625
88400 66725 57350 66300 59625
88500 66700 57350 66300 59650
88600 66675 57350 66300 59675
88700 66650 57325 66350 59675
88800 66650 57325 66350 59675
88900 66650 57325 66350 59675
89000 66650 57325 66350 59675
89100 66650 57325 66350 59675
89200 66650 57325 66350 59675
89300 66650 57325 66375 59650
89400 66650 57325 66375 59650
89500 66650 57325 66375 59650
89600 66650 57325 66375 59650
89700 66650 57325 66400 59625
89800 66650 57300 66400 59650
89900 66650 57300 66400 59650
90000 66650 57300 66400 59650
90100 66650 57300 66400 59650
90200 66650 57300 66400 59650
90300 66650 57300 66400 59650
90400 66650 57300 66400 59650
90500 66650 57300 66400 59650
90600 66650 57300 66400 59650
90700 66650 57300 66400 59650
90800 66650 57300 66400 59650
90900 66650 57300 66400 59650
91000 66675 57300 66375 59650
91100 66675 57300 66375 59650
91200 66675 57275 66375 59675
91300 66675 57275 66350 59700
91400 66675 57275 66350 59700
91500 66675 57275 66350 59700
91600 66675 57250 66375 59700
91700 66675 57250 66375 59700
91800 66675 57250 66375 59700
91900 66675 57250 66375 59700
92000 66675 57250 66375 59700
92100 66675 57250 66375 59700
92200 66675 57250 66350 59725
92300 66675 57250 66350 59725
92400 66650 57250 66350 59750
92500 66650 57275 66325 59750
92600 66650 57275 66325 59750
92700 66650 57275 66325 59750
92800 66650 57275 66325 59750
92900 66675 57250 66325 59750
93000 66675 57250 66325 59750
93100 66675 57250 66325 59750
93200 66675 57250 66350 59725
93300 66650 57250 66350 59750
93400 66650 57225 66350 59775
93500 66650 57225 66350 59775
93600 66650 57225 66350 59775
93700 66675 57225 66325 59775
93800 66675 57225 66325 59775
93900 66675 57225 66325 59775
94000 66675 57225 66300 59800
94100 66675 57225 66300 59800
94200 66675 57200 66325 59800
94300 66675 57175 66350 59800
94400 66675 57175 66350 59800
94500 66675 57175 66350 59800
94600 66700 57150 66350 59800
94700 66700 57150 66350 59800
94800 66700 57125 66350 59825
94900 66700 57100 66350 59850
95000 66700 57100 66350 59850
95100 66675 57100 66375 59850
95200 66675 57100 66375 59850
95300 66675 57075 66375 59875
95400 66675 57050 66375 59900
95500 66675 57050 66375 59900
95600 66675 57050 66375 59900
95700 66675 57050 66375 59900
95800 66675 57000 66375 59950
95900 66675 57000 66375 59950
96000 66675 56975 66375 59975
96100 66700 56950 66350 60000
96200 66700 56900 66350 60050
96300 66700 56875 66375 60050
96400 66700 56875 66375 60050
96500 66700 56875 66375 60050
96600 66700 56875 66375 60050
96700 66700 56875 66350 60075
96800 66700 56875 66350 60075
96900 66700 56875 66350 60075
97000 66700 56875 66325 60100
97100 66700 56875 66325 60100
97200 66700 56875 66325 60100
97300 66675 56875 66325 60125
97400 66700 56875 66325 60100
97500 66700 56875 66325 60100
97600 66700 56875 66325 60100
97700 66700 56875 66325 60100
97800 66700 56875 66325 60100
97900 66700 56875 66325 60100
98000 66700 56850 66350 60100
98100 66725 56850 66325 60100
98200 66725 56850 66325 60100
98300 66725 56850 66325 60100
98400 66725 56850 66325 60100
98500 66700 56850 66350 60100
98600 66700 56850 66350 60100
98700 66700 56850 66350 60100
98800 66700 56850 66375 60075
98900 66700 56850 66400 60050
99000 66700 56850 66400 60050
99100 66700 56850 66400 60050
99200 66700 56850 66400 60050
99300 66700 56850 66400 60050
99400 66700 56850 66400 60050
99500 66700 56825 66425 60050
99600 66700 56825 66425 60050
99700 66700 56825 66425 60050
99800 66700 56825 66400 60075
99900 66725 56825 66375 60075
100000 66725 56825 66375 60075
