0 61775 64150 62025 62050
100 61775 64125 62050 62050
200 61800 64075 62075 62050
300 61825 64025 62075 62075
400 61850 63975 62075 62100
500 61850 64000 62075 62075
600 61825 63975 62075 62125
700 61825 63975 62075 62125
800 61825 64000 62075 62100
900 61800 64025 62050 62125
1000 61775 63975 62075 62175
1100 61800 64000 62050 62150
1200 61800 64000 62050 62150
1300 61775 63950 62075 62200
1400 61750 63950 62100 62200
1500 61750 63900 62100 62250
1600 61775 63850 62100 62275
1700 61775 63800 62100 62325
1800 61775 63775 62100 62350
1900 61775 63800 62100 62325
2000 61750 63775 62100 62375
2100 61750 63800 62075 62375
2200 61750 63800 62100 62350
2300 61750 63800 62075 62375
2400 61800 63750 62100 62350
2500 61800 63750 62125 62325
2600 61800 63700 62125 62375
2700 61800 63700 62125 62375
2800 61800 63675 62125 62400
2900 61800 63700 62100 62400
3000 61850 63700 62100 62350
3100 61875 63650 62100 62375
3200 61900 63650 62125 62325
3300 61900 63600 62125 62375
3400 61900 63625 62125 62350
3500 61875 63600 62125 62400
3600 61875 63600 62125 62400
3700 61875 63550 62100 62475
3800 61850 63575 62100 62475
3900 61875 63525 62125 62475
4000 61875 63500 62100 62525
4100 61875 63525 62100 62500
4200 61875 63550 62075 62500
4300 61850 63550 62100 62500
4400 61850 63450 62125 62575
4500 61850 63475 62100 62575
4600 61875 63475 62100 62550
4700 61850 63500 62050 62600
4800 61825 63575 62025 62575
4900 61800 63550 62025 62625
5000 61775 63550 62025 62650
5100 61725 63525 62075 62675
5200 61750 63550 62050 62650
5300 61750 63575 62050 62625
5400 61750 63525 62050 62675
5500 61750 63500 62075 62675
5600 61800 63500 62075 62625
5700 61775 63500 62075 62650
5800 61775 63475 62100 62650
5900 61775 63475 62100 62650
6000 61750 63425 62125 62700
6100 61750 63425 62100 62725
6200 61750 63425 62125 62700
6300 61725 63425 62125 62725
6400 61750 63400 62100 62750
6500 61750 63400 62100 62750
6600 61750 63350 62150 62750
6700 61750 63350 62125 62775
6800 61750 63325 62150 62775
6900 61775 63275 62150 62800
7000 61775 63300 62100 62825
7100 61775 63275 62125 62825
7200 61775 63275 62150 62800
7300 61775 63200 62175 62850
7400 61775 63200 62175 62850
7500 61825 63200 62175 62800
7600 61825 63150 62175 62850
7700 61825 63150 62175 62850
7800 61775 63125 62225 62875
7900 61775 63150 62200 62875
8000 61750 63150 62200 62900
8100 61775 63125 62200 62900
8200 61750 63150 62175 62925
8300 61750 63150 62150 62950
8400 61775 63150 62150 62925
8500 61750 63150 62175 62925
8600 61750 63150 62125 62975
8700 61775 63150 62150 62925
8800 61800 63050 62150 63000
8900 61800 63000 62175 63025
9000 61800 63050 62150 63000
9100 61825 63050 62150 62975
9200 61825 63100 62150 62925
9300 61800 63100 62150 62950
9400 61800 63100 62125 62975
9500 61800 63075 62125 63000
9600 61775 63075 62125 63025
9700 61775 63075 62150 63000
9800 61800 63075 62125 63000
9900 61800 63075 62125 63000
10000 61800 63025 62125 63050
10100 61775 63025 62150 63050
10200 61775 63025 62150 63050
10300 61775 63025 62150 63050
10400 61800 62975 62125 63100
10500 61775 62950 62125 63150
10600 61775 62950 62125 63150
10700 61775 62975 62125 63125
10800 61775 63000 62100 63125
10900 61800 63050 62050 63100
11000 61800 62975 62050 63175
11100 61800 62950 62075 63175
11200 61800 62900 62075 63225
11300 61825 62925 62050 63200
11400 61850 62925 62075 63150
11500 61850 62900 62050 63200
11600 61825 62875 62075 63225
11700 61850 62875 62075 63200
11800 61850 62875 62075 63200
11900 61850 62850 62075 63225
12000 61875 62825 62075 63225
12100 61900 62825 62075 63200
12200 61900 62850 62075 63175
12300 61900 62875 62075 63150
12400 61925 62875 62075 63125
12500 61950 62825 62125 63100
12600 61925 62825 62150 63100
12700 61950 62825 62125 63100
12800 61975 62850 62100 63075
12900 61975 62825 62125 63075
13000 61975 62775 62125 63125
13100 61975 62775 62125 63125
13200 61975 62775 62150 63100
13300 61975 62800 62125 63100
13400 61950 62775 62125 63150
13500 61975 62800 62100 63125
13600 61975 62800 62100 63125
13700 61975 62850 62075 63100
13800 61950 62825 62100 63125
13900 61925 62750 62125 63200
14000 61925 62750 62125 63200
14100 61925 62750 62125 63200
14200 61900 62800 62125 63175
14300 61875 62800 62125 63200
14400 61875 62775 62150 63200
14500 61875 62775 62150 63200
14600 61850 62775 62175 63200
14700 61875 62775 62150 63200
14800 61875 62775 62150 63200
14900 61900 62750 62150 63200
15000 61900 62750 62150 63200
15100 61875 62775 62175 63175
15200 61900 62750 62150 63200
15300 61925 62725 62125 63225
15400 61900 62725 62150 63225
15500 61900 62700 62150 63250
15600 61875 62725 62125 63275
15700 61875 62725 62125 63275
15800 61875 62675 62125 63325
15900 61875 62650 62125 63350
16000 61875 62650 62125 63350
16100 61850 62650 62150 63350
16200 61775 62675 62175 63375
16300 61800 62675 62150 63375
16400 61800 62675 62125 63400
16500 61825 62625 62150 63400
16600 61825 62600 62150 63425
16700 61825 62575 62150 63450
16800 61825 62600 62175 63400
16900 61825 62575 62150 63450
17000 61825 62525 62175 63475
17100 61850 62525 62200 63425
17200 61850 62525 62200 63425
17300 61850 62550 62150 63450
17400 61850 62550 62150 63450
17500 61800 62525 62175 63500
17600 61800 62500 62150 63550
17700 61775 62500 62200 63525
17800 61825 62500 62175 63500
17900 61800 62525 62175 63500
18000 61825 62500 62175 63500
18100 61825 62475 62200 63500
18200 61825 62475 62175 63525
18300 61825 62475 62150 63550
18400 61825 62475 62125 63575
18500 61825 62475 62100 63600
18600 61825 62475 62100 63600
18700 61800 62475 62100 63625
18800 61800 62475 62075 63650
18900 61800 62450 62075 63675
19000 61800 62450 62075 63675
19100 61800 62475 62075 63650
19200 61775 62475 62100 63650
19300 61775 62450 62100 63675
19400 61775 62450 62100 63675
19500 61775 62450 62100 63675
19600 61800 62450 62100 63650
19700 61825 62450 62100 63625
19800 61825 62425 62100 63650
19900 61825 62400 62100 63675
20000 61825 62400 62100 63675
20100 61825 62400 62100 63675
20200 61850 62400 62075 63675
20300 61875 62400 62050 63675
20400 61925 62400 62050 63625
20500 61900 62425 62075 63600
20600 61900 62425 62100 63575
20700 61900 62400 62075 63625
20800 61875 62450 62075 63600
20900 61875 62425 62075 63625
21000 61875 62425 62075 63625
21100 61875 62400 62075 63650
21200 61850 62425 62075 63650
21300 61850 62400 62075 63675
21400 61850 62375 62100 63675
21500 61850 62350 62100 63700
21600 61825 62375 62125 63675
21700 61825 62400 62125 63650
21800 61825 62375 62125 63675
21900 61825 62375 62125 63675
22000 61825 62375 62125 63675
22100 61825 62350 62125 63700
22200 61825 62325 62125 63725
22300 61825 62325 62125 63725
22400 61850 62300 62150 63700
22500 61875 62300 62150 63675
22600 61850 62275 62175 63700
22700 61875 62250 62200 63675
22800 61875 62275 62200 63650
22900 61825 62300 62200 63675
23000 61825 62275 62200 63700
23100 61825 62275 62200 63700
23200 61825 62275 62200 63700
23300 61825 62275 62200 63700
23400 61825 62225 62225 63725
23500 61775 62200 62275 63750
23600 61775 62200 62275 63750
23700 61775 62200 62250 63775
23800 61825 62225 62225 63725
23900 61825 62250 62250 63675
24000 61825 62250 62225 63700
24100 61825 62250 62225 63700
24200 61800 62225 62250 63725
24300 61775 62250 62250 63725
24400 61775 62275 62225 63725
24500 61775 62300 62225 63700
24600 61800 62300 62225 63675
24700 61800 62300 62250 63650
24800 61775 62275 62250 63700
24900 61700 62350 62275 63675
25000 61750 62350 62250 63650
25100 61750 62325 62250 63675
25200 61750 62350 62275 63625
25300 61725 62350 62300 63625
25400 61700 62375 62300 63625
25500 61650 62375 62325 63650
25600 61575 62375 62375 63675
25700 61575 62350 62400 63675
25800 61600 62350 62375 63675
25900 61600 62350 62400 63650
26000 61600 62375 62400 63625
26100 61625 62300 62400 63675
26200 61600 62275 62400 63725
26300 61625 62275 62400 63700
26400 61625 62275 62400 63700
26500 61625 62250 62425 63700
26600 61600 62250 62400 63750
26700 61600 62250 62400 63750
26800 61600 62250 62400 63750
26900 61600 62250 62400 63750
27000 61650 62275 62350 63725
27100 61650 62250 62350 63750
27200 61650 62275 62350 63725
27300 61650 62275 62350 63725
27400 61650 62250 62375 63725
27500 61650 62275 62350 63725
27600 61650 62225 62375 63750
27700 61650 62200 62375 63775
27800 61700 62200 62350 63750
27900 61725 62200 62325 63750
28000 61725 62200 62325 63750
28100 61725 62175 62325 63775
28200 61725 62175 62325 63775
28300 61725 62175 62325 63775
28400 61750 62175 62300 63775
28500 61775 62200 62250 63775
28600 61775 62200 62250 63775
28700 61775 62200 62250 63775
28800 61800 62175 62250 63775
28900 61825 62150 62225 63800
29000 61825 62200 62175 63800
29100 61825 62175 62200 63800
29200 61850 62125 62200 63825
29300 61850 62125 62200 63825
29400 61875 62150 62150 63825
29500 61925 62125 62100 63850
29600 61950 62150 62075 63825
29700 61950 62150 62075 63825
29800 61950 62150 62075 63825
29900 61950 62150 62025 63875
30000 61950 62125 62025 63900
30100 61950 62075 62050 63925
30200 61950 62125 62025 63900
30300 61950 62100 62050 63900
30400 61950 62075 62075 63900
30500 61950 62050 62125 63875
30600 61950 62050 62075 63925
30700 61950 62050 62075 63925
30800 61950 62025 62075 63950
30900 61950 62000 62100 63950
31000 61950 61950 62075 64025
31100 61950 61950 62075 64025
31200 61950 61950 62075 64025
31300 61950 61950 62075 64025
31400 61950 61950 62075 64025
31500 61950 61925 62075 64050
31600 61925 61950 62075 64050
31700 61950 61925 62075 64050
31800 61950 61950 62075 64025
31900 61950 61925 62075 64050
32000 61950 61925 62075 64050
32100 61950 61900 62075 64075
32200 61950 61900 62075 64075
32300 61950 61900 62075 64075
32400 61950 61875 62075 64100
32500 61975 61875 62075 64075
32600 61975 61875 62075 64075
32700 61975 61875 62075 64075
32800 61975 61875 62075 64075
32900 61975 61875 62075 64075
33000 61975 61850 62075 64100
33100 61975 61825 62075 64125
33200 61975 61825 62075 64125
33300 61975 61800 62075 64150
33400 61975 61800 62075 64150
33500 61975 61800 62050 64175
33600 62000 61825 62050 64125
33700 62000 61850 62075 64075
33800 62000 61850 62075 64075
33900 61975 61875 62075 64075
34000 61975 61875 62075 64075
34100 61950 61900 62075 64075
34200 61950 61900 62075 64075
34300 61950 61875 62075 64100
34400 61975 61875 62075 64075
34500 61975 61850 62075 64100
34600 61900 61925 62075 64100
34700 61900 61925 62075 64100
34800 61950 61925 62075 64050
34900 61925 61925 62100 64050
35000 61950 61925 62075 64050
35100 61950 61925 62075 64050
35200 61950 61925 62075 64050
35300 61925 61950 62075 64050
35400 61900 62000 62050 64050
35500 61900 62025 62025 64050
35600 61900 62000 62050 64050
35700 61900 61975 62050 64075
35800 61900 61975 62050 64075
35900 61900 61975 62050 64075
36000 61900 61950 62050 64100
36100 61875 61975 62050 64100
36200 61825 62025 62050 64100
36300 61825 62025 62075 64075
36400 61825 62025 62075 64075
36500 61850 62025 62075 64050
36600 61825 62025 62075 64075
36700 61850 62050 62075 64025
36800 61850 62025 62075 64050
36900 61825 62000 62075 64100
37000 61825 62025 62100 64050
37100 61825 62025 62100 64050
37200 61825 62025 62100 64050
37300 61825 62025 62100 64050
37400 61825 62050 62075 64050
37500 61825 62050 62075 64050
37600 61850 62075 62075 64000
37700 61850 62075 62075 64000
37800 61875 62050 62100 63975
37900 61875 62050 62100 63975
38000 61900 62000 62125 63975
38100 61900 62025 62125 63950
38200 61900 62025 62125 63950
38300 61900 62025 62125 63950
38400 61900 62025 62125 63950
38500 61900 62050 62125 63925
38600 61900 62025 62125 63950
38700 61900 62025 62125 63950
38800 61875 62025 62150 63950
38900 61875 62025 62150 63950
39000 61875 62025 62150 63950
39100 61875 62025 62150 63950
39200 61875 62000 62125 64000
39300 61875 62050 62100 63975
39400 61875 62050 62100 63975
39500 61900 62025 62125 63950
39600 61900 62025 62125 63950
39700 61925 62000 62150 63925
39800 61925 62025 62125 63925
39900 61925 62025 62125 63925
40000 61925 62025 62125 63925
40100 61900 62075 62125 63900
40200 61900 62050 62125 63925
40300 61900 62050 62125 63925
40400 61900 62050 62100 63950
40500 61900 62025 62100 63975
40600 61900 62025 62100 63975
40700 61900 62050 62100 63950
40800 61875 62050 62125 63950
40900 61875 62025 62125 63975
41000 61875 62025 62125 63975
41100 61875 62025 62125 63975
41200 61875 62025 62125 63975
41300 61875 62025 62125 63975
41400 61875 62025 62125 63975
41500 61875 62050 62100 63975
41600 61875 62025 62100 64000
41700 61875 62000 62100 64025
41800 61875 62000 62100 64025
41900 61875 62000 62100 64025
42000 61875 62000 62100 64025
42100 61875 61975 62150 64000
42200 61875 61950 62125 64050
42300 61875 61950 62125 64050
42400 61875 61950 62150 64025
42500 61850 61950 62175 64025
42600 61850 61950 62175 64025
42700 61850 61950 62175 64025
42800 61850 61925 62175 64050
42900 61850 61900 62175 64075
43000 61850 61900 62175 64075
43100 61850 61875 62200 64075
43200 61850 61850 62225 64075
43300 61875 61825 62200 64100
43400 61875 61825 62200 64100
43500 61875 61850 62200 64075
43600 61875 61850 62200 64075
43700 61875 61850 62200 64075
43800 61850 61875 62200 64075
43900 61850 61850 62200 64100
44000 61850 61825 62200 64125
44100 61850 61825 62200 64125
44200 61850 61825 62200 64125
44300 61850 61825 62200 64125
44400 61850 61825 62200 64125
44500 61850 61800 62175 64175
44600 61850 61825 62175 64150
44700 61850 61825 62175 64150
44800 61850 61825 62175 64150
44900 61850 61825 62175 64150
45000 61850 61850 62175 64125
45100 61850 61800 62175 64175
45200 61850 61800 62175 64175
45300 61850 61825 62150 64175
45400 61850 61825 62150 64175
45500 61875 61825 62150 64150
45600 61875 61800 62175 64150
45700 61875 61800 62175 64150
45800 61875 61800 62175 64150
45900 61875 61800 62175 64150
46000 61875 61800 62125 64200
46100 61850 61775 62125 64250
46200 61850 61775 62125 64250
46300 61850 61750 62150 64250
46400 61850 61750 62150 64250
46500 61850 61775 62150 64225
46600 61875 61775 62150 64200
46700 61850 61800 62125 64225
46800 61850 61825 62100 64225
46900 61850 61825 62100 64225
47000 61850 61825 62100 64225
47100 61875 61825 62050 64250
47200 61875 61800 62050 64275
47300 61875 61775 62050 64300
47400 61875 61775 62050 64300
47500 61875 61775 62050 64300
47600 61875 61775 62075 64275
47700 61875 61775 62075 64275
47800 61850 61775 62075 64300
47900 61850 61800 62075 64275
48000 61850 61800 62075 64275
48100 61850 61800 62075 64275
48200 61850 61800 62075 64275
48300 61850 61800 62075 64275
48400 61850 61800 62050 64300
48500 61850 61775 62050 64325
48600 61850 61775 62050 64325
48700 61850 61775 62050 64325
48800 61850 61800 62050 64300
48900 61850 61800 62050 64300
49000 61825 61825 62050 64300
49100 61825 61825 62025 64325
49200 61825 61825 62025 64325
49300 61825 61850 62025 64300
49400 61850 61825 62050 64275
49500 61850 61825 62025 64300
49600 61850 61825 62025 64300
49700 61825 61800 62050 64325
49800 61825 61775 62050 64350
49900 61825 61775 62050 64350
50000 61825 61775 62050 64350
50100 61825 61775 62075 64325
50200 61825 61775 62075 64325
50300 61825 61775 62075 64325
50400 61825 61775 62075 64325
50500 61825 61775 62075 64325
50600 61800 61800 62075 64325
50700 61800 61800 62075 64325
50800 61775 61850 62075 64300
50900 61775 61850 62075 64300
51000 61800 61850 62050 64300
51100 61800 61825 62050 64325
51200 61800 61825 62050 64325
51300 61825 61800 62075 64300
51400 61850 61800 62075 64275
51500 61850 61800 62075 64275
51600 61875 61825 62050 64250
51700 61875 61850 62050 64225
51800 61875 61850 62050 64225
51900 61850 61850 62050 64250
52000 61850 61850 62050 64250
52100 61825 61875 62075 64225
52200 61825 61850 62100 64225
52300 61825 61825 62100 64250
52400 61825 61825 62075 64275
52500 61800 61825 62075 64300
52600 61775 61875 62075 64275
52700 61725 61925 62075 64275
52800 61700 61925 62075 64300
52900 61700 61925 62075 64300
53000 61700 61925 62075 64300
53100 61700 61925 62075 64300
53200 61700 61925 62075 64300
53300 61700 61925 62075 64300
53400 61700 61925 62100 64275
53500 61700 61925 62100 64275
53600 61700 61925 62100 64275
53700 61700 61950 62100 64250
53800 61700 61950 62100 64250
53900 61700 61925 62100 64275
54000 61725 61925 62100 64250
54100 61750 61900 62100 64250
54200 61750 61900 62100 64250
54300 61750 61925 62125 64200
54400 61750 61925 62125 64200
54500 61775 61950 62125 64150
54600 61775 61950 62125 64150
54700 61775 61950 62125 64150
54800 61775 61925 62150 64150
54900 61800 61900 62150 64150
55000 61825 61925 62100 64150
55100 61850 61925 62100 64125
55200 61850 61925 62100 64125
55300 61850 61925 62100 64125
55400 61850 61925 62100 64125
55500 61850 61925 62100 64125
55600 61825 61950 62100 64125
55700 61825 61950 62100 64125
55800 61825 62000 62075 64100
55900 61825 62000 62075 64100
56000 61825 62025 62075 64075
56100 61825 62025 62075 64075
56200 61825 62025 62075 64075
56300 61850 62025 62075 64050
56400 61850 62025 62075 64050
56500 61850 62025 62075 64050
56600 61850 62000 62075 64075
56700 61850 62000 62100 64050
56800 61850 61975 62125 64050
56900 61850 61975 62100 64075
57000 61825 61975 62125 64075
57100 61825 61975 62125 64075
57200 61825 62000 62125 64050
57300 61825 61975 62125 64075
57400 61825 62000 62125 64050
57500 61825 62000 62125 64050
57600 61825 62025 62100 64050
57700 61825 62025 62100 64050
57800 61850 62000 62100 64050
57900 61850 62000 62100 64050
58000 61850 62025 62075 64050
58100 61850 62050 62050 64050
58200 61850 62075 62050 64025
58300 61850 62075 62050 64025
58400 61850 62075 62050 64025
58500 61850 62100 62050 64000
58600 61850 62100 62050 64000
58700 61850 62100 62050 64000
58800 61850 62050 62075 64025
58900 61850 62025 62100 64025
59000 61850 62050 62100 64000
59100 61850 62050 62100 64000
59200 61875 62050 62075 64000
59300 61850 62075 62075 64000
59400 61850 62050 62075 64025
59500 61850 62050 62075 64025
59600 61850 62050 62075 64025
59700 61850 62050 62075 64025
59800 61850 62025 62075 64050
59900 61850 62050 62075 64025
60000 61850 62050 62075 64025
60100 61850 62050 62075 64025
60200 61850 62025 62100 64025
60300 61850 62025 62100 64025
60400 61825 62050 62100 64025
60500 61875 62000 62125 64000
60600 61850 61950 62175 64025
60700 61850 61950 62175 64025
60800 61850 61950 62175 64025
60900 61850 61925 62200 64025
61000 61850 61925 62200 64025
61100 61850 61900 62200 64050
61200 61850 61900 62200 64050
61300 61850 61875 62200 64075
61400 61850 61875 62200 64075
61500 61850 61875 62200 64075
61600 61850 61850 62225 64075
61700 61850 61850 62225 64075
61800 61850 61850 62225 64075
61900 61850 61850 62225 64075
62000 61850 61825 62225 64100
62100 61850 61825 62225 64100
62200 61850 61825 62225 64100
62300 61850 61825 62225 64100
62400 61850 61825 62225 64100
62500 61850 61800 62250 64100
62600 61850 61800 62250 64100
62700 61850 61775 62250 64125
62800 61850 61775 62250 64125
62900 61850 61775 62250 64125
63000 61850 61775 62250 64125
63100 61850 61775 62250 64125
63200 61850 61775 62250 64125
63300 61850 61750 62250 64150
63400 61850 61750 62250 64150
63500 61850 61750 62250 64150
63600 61875 61750 62225 64150
63700 61875 61750 62225 64150
63800 61875 61750 62250 64125
63900 61900 61725 62250 64125
64000 61900 61725 62250 64125
64100 61900 61725 62250 64125
64200 61875 61700 62275 64150
64300 61900 61700 62275 64125
64400 61875 61725 62275 64125
64500 61875 61725 62275 64125
64600 61875 61725 62275 64125
64700 61875 61725 62275 64125
64800 61875 61725 62275 64125
64900 61900 61700 62250 64150
65000 61900 61700 62225 64175
65100 61900 61700 62225 64175
65200 61900 61675 62225 64200
65300 61900 61675 62225 64200
65400 61900 61650 62225 64225
65500 61900 61650 62225 64225
65600 61900 61650 62225 64225
65700 61900 61625 62250 64225
65800 61900 61625 62250 64225
65900 61900 61625 62250 64225
66000 61900 61625 62250 64225
66100 61900 61625 62250 64225
66200 61900 61625 62250 64225
66300 61900 61625 62250 64225
66400 61900 61650 62250 64200
66500 61900 61650 62250 64200
66600 61900 61625 62250 64225
66700 61900 61625 62250 64225
66800 61900 61625 62250 64225
66900 61900 61625 62250 64225
67000 61900 61625 62250 64225
67100 61900 61625 62250 64225
67200 61900 61625 62250 64225
67300 61900 61625 62250 64225
67400 61900 61625 62250 64225
67500 61900 61625 62250 64225
67600 61900 61625 62225 64250
67700 61875 61650 62225 64250
67800 61850 61625 62225 64300
67900 61875 61625 62225 64275
68000 61900 61625 62200 64275
68100 61900 61625 62200 64275
68200 61900 61625 62200 64275
68300 61900 61600 62225 64275
68400 61900 61600 62225 64275
68500 61900 61625 62225 64250
68600 61900 61625 62225 64250
68700 61900 61625 62225 64250
68800 61875 61650 62225 64250
68900 61875 61650 62225 64250
69000 61875 61625 62225 64275
69100 61850 61650 62225 64275
69200 61850 61650 62225 64275
69300 61850 61650 62225 64275
69400 61850 61650 62225 64275
69500 61850 61650 62225 64275
69600 61850 61625 62250 64275
69700 61850 61625 62250 64275
69800 61850 61625 62250 64275
69900 61850 61625 62250 64275
70000 61850 61625 62250 64275
70100 61850 61625 62225 64300
70200 61850 61625 62225 64300
70300 61850 61625 62225 64300
70400 61850 61600 62225 64325
70500 61850 61600 62225 64325
70600 61875 61600 62225 64300
70700 61850 61650 62225 64275
70800 61850 61650 62225 64275
70900 61850 61650 62225 64275
71000 61850 61650 62225 64275
71100 61875 61650 62225 64250
71200 61850 61650 62250 64250
71300 61850 61650 62250 64250
71400 61850 61650 62250 64250
71500 61850 61650 62250 64250
71600 61850 61650 62250 64250
71700 61850 61650 62250 64250
71800 61850 61625 62225 64300
71900 61850 61625 62225 64300
72000 61850 61625 62225 64300
72100 61850 61625 62225 64300
72200 61850 61625 62225 64300
72300 61825 61625 62225 64325
72400 61825 61625 62225 64325
72500 61825 61625 62225 64325
72600 61825 61625 62200 64350
72700 61850 61625 62175 64350
72800 61850 61625 62200 64325
72900 61850 61625 62200 64325
73000 61850 61650 62200 64300
73100 61850 61650 62175 64325
73200 61850 61650 62175 64325
73300 61850 61625 62175 64350
73400 61825 61625 62200 64350
73500 61825 61625 62200 64350
73600 61825 61625 62200 64350
73700 61825 61625 62200 64350
73800 61825 61625 62200 64350
73900 61875 61625 62200 64300
74000 61875 61625 62200 64300
74100 61900 61600 62200 64300
74200 61900 61600 62175 64325
74300 61900 61600 62175 64325
74400 61900 61600 62175 64325
74500 61900 61600 62150 64350
74600 61875 61600 62175 64350
74700 61875 61600 62175 64350
74800 61875 61600 62175 64350
74900 61875 61600 62175 64350
75000 61875 61575 62175 64375
75100 61875 61550 62200 64375
75200 61875 61575 62200 64350
75300 61875 61575 62200 64350
75400 61875 61575 62200 64350
75500 61875 61575 62200 64350
75600 61875 61575 62200 64350
75700 61875 61575 62200 64350
75800 61875 61575 62200 64350
75900 61850 61600 62200 64350
76000 61825 61625 62200 64350
76100 61825 61625 62200 64350
76200 61800 61625 62200 64375
76300 61800 61625 62200 64375
76400 61825 61625 62200 64350
76500 61825 61625 62200 64350
76600 61825 61625 62225 64325
76700 61825 61625 62225 64325
76800 61800 61600 62225 64375
76900 61800 61600 62225 64375
77000 61800 61600 62225 64375
77100 61800 61575 62250 64375
77200 61825 61600 62250 64325
77300 61825 61600 62250 64325
77400 61850 61600 62225 64325
77500 61850 61600 62225 64325
77600 61850 61600 62200 64350
77700 61850 61600 62200 64350
77800 61825 61600 62225 64350
77900 61825 61600 62225 64350
78000 61825 61600 62225 64350
78100 61825 61600 62225 64350
78200 61825 61600 62225 64350
78300 61825 61600 62225 64350
78400 61825 61600 62225 64350
78500 61850 61600 62225 64325
78600 61825 61625 62225 64325
78700 61800 61625 62225 64350
78800 61800 61600 62225 64375
78900 61800 61625 62225 64350
79000 61800 61625 62225 64350
79100 61800 61625 62225 64350
79200 61800 61625 62225 64350
79300 61800 61625 62225 64350
79400 61800 61625 62225 64350
79500 61800 61625 62225 64350
79600 61800 61625 62225 64350
79700 61800 61625 62225 64350
79800 61800 61625 62225 64350
79900 61800 61625 62250 64325
80000 61800 61625 62250 64325
80100 61825 61625 62250 64300
80200 61825 61625 62250 64300
80300 61825 61625 62250 64300
80400 61825 61625 62250 64300
80500 61825 61625 62275 64275
80600 61825 61625 62275 64275
80700 61825 61625 62275 64275
80800 61775 61625 62300 64300
80900 61750 61625 62300 64325
81000 61750 61625 62275 64350
81100 61750 61625 62275 64350
81200 61750 61625 62275 64350
81300 61775 61625 62275 64325
81400 61775 61625 62275 64325
81500 61775 61625 62275 64325
81600 61750 61625 62275 64350
81700 61750 61625 62275 64350
81800 61750 61650 62275 64325
81900 61750 61650 62275 64325
82000 61750 61675 62250 64325
82100 61750 61675 62250 64325
82200 61775 61650 62250 64325
82300 61775 61650 62250 64325
82400 61775 61650 62250 64325
82500 61775 61650 62250 64325
82600 61750 61675 62250 64325
82700 61750 61675 62250 64325
82800 61725 61650 62250 64375
82900 61725 61675 62250 64350
83000 61700 61700 62250 64350
83100 61700 61700 62250 64350
83200 61725 61700 62250 64325
83300 61725 61700 62250 64325
83400 61750 61700 62250 64300
83500 61750 61700 62250 64300
83600 61725 61700 62275 64300
83700 61725 61675 62300 64300
83800 61750 61675 62300 64275
83900 61750 61700 62300 64250
84000 61775 61675 62300 64250
84100 61775 61675 62300 64250
84200 61725 61675 62300 64300
84300 61725 61675 62300 64300
84400 61725 61675 62300 64300
84500 61725 61675 62300 64300
84600 61725 61675 62300 64300
84700 61725 61675 62300 64300
84800 61725 61675 62300 64300
84900 61725 61675 62300 64300
85000 61725 61675 62300 64300
85100 61725 61675 62300 64300
85200 61700 61675 62300 64325
85300 61700 61675 62300 64325
85400 61675 61700 62275 64350
85500 61675 61725 62275 64325
85600 61650 61725 62275 64350
85700 61650 61725 62275 64350
85800 61650 61725 62275 64350
85900 61650 61725 62275 64350
86000 61650 61725 62275 64350
86100 61650 61725 62275 64350
86200 61625 61750 62300 64325
86300 61625 61750 62300 64325
86400 61625 61725 62300 64350
86500 61625 61725 62300 64350
86600 61625 61700 62325 64350
86700 61625 61700 62325 64350
86800 61625 61725 62325 64325
86900 61625 61725 62325 64325
87000 61625 61725 62325 64325
87100 61650 61725 62300 64325
87200 61650 61725 62300 64325
87300 61650 61725 62300 64325
87400 61650 61725 62300 64325
87500 61650 61750 62300 64300
87600 61650 61750 62275 64325
87700 61650 61750 62275 64325
87800 61650 61750 62275 64325
87900 61650 61725 62275 64350
88000 61650 61725 62275 64350
88100 61650 61700 62300 64350
88200 61650 61725 62300 64325
88300 61650 61725 62300 64325
88400 61650 61725 62300 64325
88500 61650 61725 62300 64325
88600 61625 61750 62300 64325
88700 61625 61750 62300 64325
88800 61625 61775 62300 64300
88900 61650 61775 62300 64275
89000 61650 61750 62325 64275
89100 61625 61775 62325 64275
89200 61625 61725 62350 64300
89300 61625 61725 62350 64300
89400 61625 61725 62350 64300
89500 61625 61725 62350 64300
89600 61625 61750 62350 64275
89700 61625 61750 62350 64275
89800 61650 61725 62350 64275
89900 61650 61725 62350 64275
90000 61650 61725 62350 64275
90100 61650 61725 62350 64275
90200 61650 61725 62350 64275
90300 61650 61700 62350 64300
90400 61650 61700 62350 64300
90500 61675 61700 62350 64275
90600 61675 61700 62350 64275
90700 61650 61700 62375 64275
90800 61675 61675 62375 64275
90900 61675 61675 62375 64275
91000 61675 61675 62375 64275
91100 61675 61675 62375 64275
91200 61675 61675 62375 64275
91300 61675 61650 62375 64300
91400 61675 61625 62400 64300
91500 61675 61625 62425 64275
91600 61675 61625 62425 64275
91700 61675 61650 62400 64275
91800 61675 61650 62400 64275
91900 61700 61650 62375 64275
92000 61700 61650 62375 64275
92100 61700 61650 62375 64275
92200 61700 61625 62375 64300
92300 61700 61625 62375 64300
92400 61700 61625 62375 64300
92500 61700 61625 62375 64300
92600 61675 61625 62400 64300
92700 61675 61625 62400 64300
92800 61675 61625 62425 64275
92900 61675 61600 62425 64300
93000 61675 61600 62425 64300
93100 61675 61600 62425 64300
93200 61675 61600 62425 64300
93300 61675 61600 62425 64300
93400 61675 61600 62425 64300
93500 61675 61575 62450 64300
93600 61675 61550 62450 64325
93700 61675 61550 62450 64325
93800 61675 61550 62450 64325
93900 61700 61550 62450 64300
94000 61700 61550 62450 64300
94100 61700 61550 62450 64300
94200 61700 61550 62450 64300
94300 61675 61525 62475 64325
94400 61675 61525 62475 64325
94500 61675 61525 62475 64325
94600 61675 61550 62425 64350
94700 61675 61550 62425 64350
94800 61675 61550 62425 64350
94900 61650 61550 62425 64375
95000 61650 61550 62425 64375
95100 61650 61550 62425 64375
95200 61650 61525 62450 64375
95300 61650 61525 62450 64375
95400 61650 61500 62450 64400
95500 61650 61500 62450 64400
95600 61650 61500 62450 64400
95700 61625 61475 62500 64400
95800 61625 61475 62500 64400
95900 61625 61475 62500 64400
96000 61625 61450 62500 64425
96100 61625 61450 62500 64425
96200 61625 61450 62500 64425
96300 61625 61450 62500 64425
96400 61625 61450 62500 64425
96500 61650 61450 62475 64425
96600 61650 61450 62475 64425
96700 61650 61425 62475 64450
96800 61650 61425 62475 64450
96900 61650 61425 62475 64450
97000 61625 61425 62500 64450
97100 61625 61425 62500 64450
97200 61625 61425 62500 64450
97300 61625 61400 62500 64475
97400 61625 61425 62475 64475
97500 61625 61425 62475 64475
97600 61625 61425 62475 64475
97700 61625 61425 62475 64475
97800 61625 61425 62475 64475
97900 61650 61425 62475 64450
98000 61650 61425 62475 64450
98100 61625 61425 62500 64450
98200 61625 61425 62500 64450
98300 61625 61425 62500 64450
98400 61625 61425 62500 64450
98500 61625 61425 62500 64450
98600 61625 61425 62500 64450
98700 61625 61425 62500 64450
98800 61625 61425 62500 64450
98900 61650 61425 62500 64425
99000 61625 61425 62525 64425
99100 61625 61425 62525 64425
99200 61625 61425 62525 64425
99300 61625 61425 62525 64425
99400 61625 61425 62525 64425
99500 61625 61425 62525 64425
99600 61625 61425 62525 64425
99700 61625 61425 62525 64425
99800 61600 61425 62550 64425
99900 61575 61450 62550 64425
100000 61575 61450 62550 64425
