0 68600 59575 55850 65975
100 68600 59650 55775 65975
200 68650 59600 55775 65975
300 68650 59650 55750 65950
400 68600 59725 55725 65950
500 68675 59675 55725 65925
600 68650 59675 55700 65975
700 68625 59775 55650 65950
800 68600 59800 55650 65950
900 68650 59825 55550 65975
1000 68600 59850 55600 65950
1100 68600 59875 55600 65925
1200 68575 59900 55600 65925
1300 68600 59950 55550 65900
1400 68600 59950 55550 65900
1500 68575 59950 55550 65925
1600 68575 59975 55525 65925
1700 68550 60000 55475 65975
1800 68600 60000 55450 65950
1900 68625 59975 55425 65975
2000 68600 60025 55400 65975
2100 68550 60100 55350 66000
2200 68600 60100 55325 65975
2300 68600 60125 55275 66000
2400 68625 60100 55275 66000
2500 68700 60150 55225 65925
2600 68700 60175 55200 65925
2700 68725 60225 55125 65925
2800 68750 60250 55100 65900
2900 68725 60300 55100 65875
3000 68725 60325 55050 65900
3100 68700 60325 55125 65850
3200 68700 60325 55125 65850
3300 68700 60350 55175 65775
3400 68725 60325 55175 65775
3500 68675 60375 55100 65850
3600 68725 60350 55125 65800
3700 68650 60450 55100 65800
3800 68650 60450 55075 65825
3900 68625 60525 55050 65800
4000 68600 60550 55025 65825
4100 68575 60625 54975 65825
4200 68550 60650 54975 65825
4300 68600 60650 54900 65850
4400 68600 60675 54875 65850
4500 68575 60650 54875 65900
4600 68600 60650 54825 65925
4700 68625 60650 54850 65875
4800 68650 60650 54850 65850
4900 68675 60650 54825 65850
5000 68700 60625 54800 65875
5100 68700 60625 54775 65900
5200 68675 60625 54800 65900
5300 68625 60700 54800 65875
5400 68625 60725 54775 65875
5500 68625 60750 54750 65875
5600 68700 60725 54700 65875
5700 68700 60775 54600 65925
5800 68700 60775 54625 65900
5900 68725 60775 54625 65875
6000 68725 60800 54625 65850
6100 68700 60850 54600 65850
6200 68675 60825 54700 65800
6300 68700 60825 54700 65775
6400 68700 60875 54625 65800
6500 68700 60875 54650 65775
6600 68750 60875 54600 65775
6700 68725 60925 54550 65800
6800 68700 60950 54525 65825
6900 68700 61000 54475 65825
7000 68675 61025 54425 65875
7100 68650 61025 54400 65925
7200 68625 61050 54400 65925
7300 68675 61000 54400 65925
7400 68675 61050 54350 65925
7500 68675 61050 54375 65900
7600 68675 61050 54375 65900
7700 68625 61050 54375 65950
7800 68625 61075 54375 65925
7900 68600 61100 54375 65925
8000 68575 61175 54325 65925
8100 68575 61200 54275 65950
8200 68625 61200 54275 65900
8300 68575 61300 54200 65925
8400 68575 61300 54225 65900
8500 68550 61325 54225 65900
8600 68525 61400 54175 65900
8700 68550 61400 54150 65900
8800 68550 61400 54200 65850
8900 68550 61400 54200 65850
9000 68525 61425 54200 65850
9100 68475 61475 54200 65850
9200 68450 61500 54200 65850
9300 68475 61500 54175 65850
9400 68475 61475 54150 65900
9500 68450 61500 54175 65875
9600 68475 61500 54175 65850
9700 68475 61500 54200 65825
9800 68475 61500 54200 65825
9900 68450 61525 54225 65800
10000 68425 61550 54200 65825
10100 68450 61525 54225 65800
10200 68475 61550 54200 65775
10300 68475 61575 54175 65775
10400 68475 61600 54175 65750
10500 68500 61600 54200 65700
10600 68525 61625 54125 65725
10700 68525 61625 54125 65725
10800 68575 61650 54100 65675
10900 68575 61700 54025 65700
11000 68575 61700 54025 65700
11100 68575 61700 53975 65750
11200 68575 61700 53975 65750
11300 68550 61725 53950 65775
11400 68475 61750 53975 65800
11500 68450 61750 53975 65825
11600 68450 61775 53950 65825
11700 68450 61775 53950 65825
11800 68450 61800 53925 65825
11900 68450 61800 53925 65825
12000 68500 61825 53875 65800
12100 68500 61800 53900 65800
12200 68525 61800 53900 65775
12300 68475 61825 53925 65775
12400 68500 61900 53850 65750
12500 68500 61925 53825 65750
12600 68500 61925 53800 65775
12700 68500 61925 53825 65750
12800 68550 61950 53825 65675
12900 68550 61950 53800 65700
13000 68525 61975 53775 65725
13100 68525 62000 53750 65725
13200 68525 62025 53725 65725
13300 68525 62025 53725 65725
13400 68500 62050 53725 65725
13500 68500 62050 53725 65725
13600 68475 62025 53750 65750
13700 68475 62050 53725 65750
13800 68500 62050 53700 65750
13900 68500 62050 53700 65750
14000 68500 62075 53700 65725
14100 68525 62075 53700 65700
14200 68525 62050 53675 65750
14300 68550 62100 53600 65750
14400 68550 62100 53600 65750
14500 68575 62100 53575 65750
14600 68575 62100 53575 65750
14700 68575 62100 53600 65725
14800 68575 62150 53550 65725
14900 68575 62150 53525 65750
15000 68575 62150 53525 65750
15100 68625 62175 53475 65725
15200 68650 62125 53500 65725
15300 68650 62125 53500 65725
15400 68650 62150 53475 65725
15500 68675 62175 53450 65700
15600 68725 62175 53450 65650
15700 68725 62150 53450 65675
15800 68700 62175 53425 65700
15900 68700 62175 53425 65700
16000 68700 62175 53400 65725
16100 68700 62150 53450 65700
16200 68700 62125 53450 65725
16300 68700 62125 53450 65725
16400 68700 62175 53400 65725
16500 68700 62175 53400 65725
16600 68700 62175 53400 65725
16700 68700 62200 53375 65725
16800 68675 62225 53350 65750
16900 68675 62250 53350 65725
17000 68700 62250 53350 65700
17100 68700 62250 53350 65700
17200 68700 62250 53325 65725
17300 68750 62250 53325 65675
17400 68725 62250 53325 65700
17500 68700 62275 53325 65700
17600 68700 62300 53300 65700
17700 68725 62275 53300 65700
17800 68700 62300 53300 65700
17900 68675 62300 53300 65725
18000 68650 62350 53275 65725
18100 68650 62350 53275 65725
18200 68650 62350 53250 65750
18300 68650 62350 53250 65750
18400 68650 62350 53250 65750
18500 68650 62350 53250 65750
18600 68675 62350 53225 65750
18700 68675 62375 53200 65750
18800 68650 62425 53225 65700
18900 68625 62475 53175 65725
19000 68650 62475 53200 65675
19100 68675 62475 53200 65650
19200 68700 62475 53175 65650
19300 68675 62500 53175 65650
19400 68700 62550 53125 65625
19500 68675 62575 53125 65625
19600 68650 62575 53125 65650
19700 68650 62575 53125 65650
19800 68650 62600 53100 65650
19900 68650 62575 53100 65675
20000 68625 62625 53075 65675
20100 68625 62625 53075 65675
20200 68625 62625 53075 65675
20300 68625 62625 53075 65675
20400 68600 62625 53100 65675
20500 68600 62625 53100 65675
20600 68575 62650 53075 65700
20700 68575 62675 53050 65700
20800 68575 62675 53050 65700
20900 68600 62675 53025 65700
21000 68600 62700 53025 65675
21100 68600 62700 53025 65675
21200 68600 62700 53025 65675
21300 68600 62700 53000 65700
21400 68600 62700 53000 65700
21500 68600 62700 52975 65725
21600 68625 62700 52975 65700
21700 68625 62725 52950 65700
21800 68625 62725 52950 65700
21900 68625 62725 52950 65700
22000 68600 62725 52975 65700
22100 68575 62725 53025 65675
22200 68600 62725 53025 65650
22300 68625 62750 52975 65650
22400 68625 62775 52950 65650
22500 68625 62775 52975 65625
22600 68600 62775 52975 65650
22700 68550 62800 53000 65650
22800 68550 62850 52950 65650
22900 68575 62850 52950 65625
23000 68575 62900 52925 65600
23100 68575 62900 52925 65600
23200 68575 62900 52925 65600
23300 68575 62850 52950 65625
23400 68575 62850 52950 65625
23500 68575 62850 52950 65625
23600 68600 62850 52925 65625
23700 68600 62850 52925 65625
23800 68600 62900 52850 65650
23900 68600 62900 52875 65625
24000 68600 62900 52825 65675
24100 68600 62900 52825 65675
24200 68600 62900 52825 65675
24300 68625 62900 52825 65650
24400 68625 62925 52800 65650
24500 68650 62925 52800 65625
24600 68650 62925 52800 65625
24700 68650 62925 52800 65625
24800 68625 62975 52775 65625
24900 68625 62975 52775 65625
25000 68625 62950 52800 65625
25100 68625 63000 52750 65625
25200 68625 63000 52750 65625
25300 68625 63025 52725 65625
25400 68625 63025 52725 65625
25500 68625 63025 52725 65625
25600 68625 63050 52700 65625
25700 68625 63050 52700 65625
25800 68600 63075 52675 65650
25900 68625 63075 52650 65650
26000 68600 63100 52675 65625
26100 68600 63075 52675 65650
26200 68600 63100 52650 65650
26300 68600 63125 52625 65650
26400 68625 63125 52600 65650
26500 68600 63150 52600 65650
26600 68600 63125 52600 65675
26700 68600 63125 52600 65675
26800 68600 63125 52600 65675
26900 68625 63125 52600 65650
27000 68625 63125 52575 65675
27100 68600 63150 52575 65675
27200 68600 63150 52575 65675
27300 68600 63150 52550 65700
27400 68600 63200 52500 65700
27500 68600 63225 52475 65700
27600 68600 63225 52475 65700
27700 68600 63225 52475 65700
27800 68600 63225 52475 65700
27900 68600 63225 52475 65700
28000 68625 63200 52475 65700
28100 68625 63200 52475 65700
28200 68625 63200 52475 65700
28300 68600 63200 52475 65725
28400 68625 63200 52475 65700
28500 68625 63225 52450 65700
28600 68625 63225 52450 65700
28700 68625 63225 52450 65700
28800 68650 63225 52450 65675
28900 68650 63275 52425 65650
29000 68650 63275 52450 65625
29100 68650 63275 52475 65600
29200 68650 63250 52475 65625
29300 68650 63250 52475 65625
29400 68625 63275 52475 65625
29500 68625 63275 52475 65625
29600 68625 63300 52450 65625
29700 68625 63300 52450 65625
29800 68650 63300 52425 65625
29900 68625 63275 52450 65650
30000 68625 63300 52425 65650
30100 68625 63300 52425 65650
30200 68600 63300 52475 65625
30300 68600 63300 52450 65650
30400 68575 63325 52450 65650
30500 68575 63325 52450 65650
30600 68600 63325 52425 65650
30700 68600 63350 52400 65650
30800 68600 63350 52425 65625
30900 68600 63350 52425 65625
31000 68600 63350 52450 65600
31100 68600 63350 52450 65600
31200 68600 63325 52450 65625
31300 68600 63300 52450 65650
31400 68600 63300 52400 65700
31500 68625 63300 52400 65675
31600 68650 63300 52400 65650
31700 68625 63350 52350 65675
31800 68625 63400 52300 65675
31900 68625 63400 52300 65675
32000 68600 63375 52325 65700
32100 68600 63350 52325 65725
32200 68600 63350 52325 65725
32300 68600 63350 52325 65725
32400 68600 63350 52325 65725
32500 68600 63350 52325 65725
32600 68550 63375 52300 65775
32700 68550 63375 52300 65775
32800 68550 63350 52300 65800
32900 68525 63350 52300 65825
33000 68500 63375 52300 65825
33100 68500 63375 52275 65850
33200 68525 63375 52275 65825
33300 68500 63375 52275 65850
33400 68475 63400 52275 65850
33500 68475 63375 52275 65875
33600 68425 63400 52275 65900
33700 68425 63375 52275 65925
33800 68425 63325 52275 65975
33900 68425 63325 52275 65975
34000 68425 63325 52275 65975
34100 68450 63325 52250 65975
34200 68450 63325 52250 65975
34300 68475 63325 52250 65950
34400 68475 63325 52250 65950
34500 68475 63325 52250 65950
34600 68475 63350 52225 65950
34700 68475 63350 52250 65925
34800 68475 63350 52250 65925
34900 68475 63350 52225 65950
35000 68475 63350 52225 65950
35100 68475 63350 52250 65925
35200 68475 63350 52250 65925
35300 68475 63350 52250 65925
35400 68475 63400 52200 65925
35500 68475 63400 52200 65925
35600 68475 63400 52200 65925
35700 68475 63400 52200 65925
35800 68475 63400 52200 65925
35900 68475 63400 52200 65925
36000 68500 63425 52175 65900
36100 68475 63425 52200 65900
36200 68475 63425 52200 65900
36300 68500 63425 52200 65875
36400 68500 63425 52200 65875
36500 68500 63425 52200 65875
36600 68475 63425 52225 65875
36700 68475 63425 52225 65875
36800 68500 63425 52225 65850
36900 68525 63425 52225 65825
37000 68525 63425 52225 65825
37100 68525 63425 52225 65825
37200 68500 63425 52225 65850
37300 68500 63450 52200 65850
37400 68525 63425 52200 65850
37500 68525 63450 52175 65850
37600 68525 63450 52175 65850
37700 68525 63450 52175 65850
37800 68525 63475 52150 65850
37900 68525 63475 52150 65850
38000 68525 63475 52175 65825
38100 68525 63475 52150 65850
38200 68525 63475 52150 65850
38300 68525 63475 52150 65850
38400 68525 63475 52150 65850
38500 68525 63475 52150 65850
38600 68525 63475 52150 65850
38700 68525 63475 52150 65850
38800 68500 63475 52175 65850
38900 68500 63475 52175 65850
39000 68525 63475 52175 65825
39100 68525 63475 52150 65850
39200 68525 63500 52125 65850
39300 68525 63525 52100 65850
39400 68525 63525 52125 65825
39500 68525 63525 52125 65825
39600 68550 63500 52125 65825
39700 68550 63500 52125 65825
39800 68550 63500 52125 65825
39900 68550 63500 52125 65825
40000 68550 63500 52125 65825
40100 68550 63525 52100 65825
40200 68550 63525 52100 65825
40300 68550 63525 52100 65825
40400 68550 63525 52100 65825
40500 68550 63525 52100 65825
40600 68550 63525 52100 65825
40700 68575 63500 52100 65825
40800 68575 63500 52100 65825
40900 68575 63500 52125 65800
41000 68575 63500 52125 65800
41100 68600 63500 52100 65800
41200 68575 63525 52100 65800
41300 68575 63525 52100 65800
41400 68575 63525 52100 65800
41500 68575 63525 52100 65800
41600 68575 63500 52125 65800
41700 68575 63500 52100 65825
41800 68575 63500 52100 65825
41900 68575 63500 52100 65825
42000 68575 63500 52100 65825
42100 68550 63525 52100 65825
42200 68575 63525 52100 65800
42300 68575 63525 52075 65825
42400 68575 63525 52075 65825
42500 68575 63550 52050 65825
42600 68575 63550 52050 65825
42700 68575 63550 52050 65825
42800 68575 63550 52050 65825
42900 68575 63575 52025 65825
43000 68575 63575 52025 65825
43100 68575 63575 52025 65825
43200 68575 63575 52025 65825
43300 68550 63600 52025 65825
43400 68550 63600 52050 65800
43500 68550 63600 52050 65800
43600 68550 63600 52050 65800
43700 68525 63600 52050 65825
43800 68550 63575 52050 65825
43900 68550 63575 52050 65825
44000 68550 63575 52050 65825
44100 68550 63575 52050 65825
44200 68550 63575 52050 65825
44300 68550 63575 52050 65825
44400 68550 63575 52050 65825
44500 68550 63575 52050 65825
44600 68550 63575 52050 65825
44700 68550 63575 52050 65825
44800 68575 63550 52050 65825
44900 68575 63575 52025 65825
45000 68575 63575 52025 65825
45100 68550 63575 52050 65825
45200 68550 63575 52050 65825
45300 68575 63575 52050 65800
45400 68575 63575 52050 65800
45500 68575 63600 52025 65800
45600 68575 63600 52000 65825
45700 68575 63600 52000 65825
45800 68575 63625 51975 65825
45900 68575 63625 51975 65825
46000 68575 63625 51975 65825
46100 68600 63625 51950 65825
46200 68600 63625 51950 65825
46300 68600 63625 51950 65825
46400 68600 63600 51975 65825
46500 68600 63600 51975 65825
46600 68575 63600 52000 65825
46700 68575 63600 52000 65825
46800 68550 63625 52025 65800
46900 68550 63625 52050 65775
47000 68550 63625 52050 65775
47100 68550 63625 52050 65775
47200 68550 63625 52050 65775
47300 68550 63625 52050 65775
47400 68550 63625 52050 65775
47500 68600 63650 52025 65725
47600 68575 63675 52000 65750
47700 68575 63675 52000 65750
47800 68575 63700 51975 65750
47900 68550 63700 52000 65750
48000 68575 63700 51975 65750
48100 68575 63700 52000 65725
48200 68575 63700 51975 65750
48300 68575 63700 51975 65750
48400 68575 63700 51975 65750
48500 68575 63700 51975 65750
48600 68575 63700 51975 65750
48700 68575 63725 51925 65775
48800 68575 63725 51925 65775
48900 68575 63725 51925 65775
49000 68575 63725 51950 65750
49100 68575 63725 51950 65750
49200 68575 63700 51975 65750
49300 68600 63700 51975 65725
49400 68600 63700 51975 65725
49500 68625 63700 51950 65725
49600 68650 63700 51975 65675
49700 68650 63700 51975 65675
49800 68625 63700 52000 65675
49900 68650 63700 52000 65650
50000 68650 63700 52000 65650
50100 68650 63700 52025 65625
50200 68650 63725 52000 65625
50300 68650 63725 52000 65625
50400 68650 63725 52000 65625
50500 68650 63725 52000 65625
50600 68625 63750 52000 65625
50700 68625 63750 52000 65625
50800 68625 63750 51975 65650
50900 68625 63750 51975 65650
51000 68625 63750 51975 65650
51100 68600 63750 52000 65650
51200 68600 63750 52000 65650
51300 68600 63750 52000 65650
51400 68600 63750 52000 65650
51500 68600 63750 52000 65650
51600 68600 63775 51975 65650
51700 68600 63800 51950 65650
51800 68600 63800 51975 65625
51900 68650 63800 51950 65600
52000 68650 63800 51950 65600
52100 68650 63800 51950 65600
52200 68650 63775 51975 65600
52300 68625 63800 51975 65600
52400 68625 63800 51975 65600
52500 68625 63800 51975 65600
52600 68625 63800 51975 65600
52700 68625 63800 51975 65600
52800 68650 63800 51950 65600
52900 68650 63800 51950 65600
53000 68650 63825 51925 65600
53100 68650 63825 51925 65600
53200 68650 63825 51925 65600
53300 68650 63825 51925 65600
53400 68650 63825 51925 65600
53500 68650 63850 51900 65600
53600 68675 63850 51925 65550
53700 68675 63850 51925 65550
53800 68675 63850 51925 65550
53900 68675 63850 51925 65550
54000 68675 63850 51925 65550
54100 68675 63850 51925 65550
54200 68700 63850 51875 65575
54300 68700 63850 51875 65575
54400 68700 63850 51875 65575
54500 68700 63850 51875 65575
54600 68700 63850 51900 65550
54700 68700 63850 51900 65550
54800 68700 63875 51875 65550
54900 68700 63875 51875 65550
55000 68700 63875 51900 65525
55100 68700 63875 51900 65525
55200 68700 63875 51900 65525
55300 68700 63875 51900 65525
55400 68700 63875 51900 65525
55500 68675 63900 51900 65525
55600 68675 63900 51900 65525
55700 68675 63900 51900 65525
55800 68675 63900 51900 65525
55900 68675 63900 51900 65525
56000 68675 63925 51875 65525
56100 68675 63925 51875 65525
56200 68675 63925 51875 65525
56300 68650 63950 51875 65525
56400 68650 63950 51875 65525
56500 68650 63950 51875 65525
56600 68650 63950 51875 65525
56700 68650 63950 51875 65525
56800 68650 63950 51875 65525
56900 68650 63950 51875 65525
57000 68650 63950 51875 65525
57100 68650 63950 51875 65525
57200 68650 63950 51875 65525
57300 68625 63950 51875 65550
57400 68625 63950 51875 65550
57500 68625 63950 51875 65550
57600 68625 63950 51875 65550
57700 68625 63950 51875 65550
57800 68625 63950 51875 65550
57900 68625 63950 51875 65550
58000 68625 63950 51875 65550
58100 68625 63975 51850 65550
58200 68625 63975 51850 65550
58300 68625 63975 51850 65550
58400 68625 63975 51850 65550
58500 68625 63975 51850 65550
58600 68650 63975 51850 65525
58700 68650 63975 51850 65525
58800 68650 63975 51825 65550
58900 68650 63975 51800 65575
59000 68650 63975 51800 65575
59100 68650 63975 51800 65575
59200 68625 64000 51800 65575
59300 68625 64025 51775 65575
59400 68600 64075 51750 65575
59500 68600 64075 51750 65575
59600 68600 64075 51750 65575
59700 68600 64075 51750 65575
59800 68600 64050 51775 65575
59900 68600 64050 51775 65575
60000 68600 64050 51775 65575
60100 68600 64050 51775 65575
60200 68600 64050 51775 65575
60300 68600 64050 51775 65575
60400 68600 64050 51775 65575
60500 68600 64050 51800 65550
60600 68600 64050 51800 65550
60700 68600 64050 51800 65550
60800 68600 64050 51800 65550
60900 68600 64050 51800 65550
61000 68600 64050 51800 65550
61100 68575 64075 51800 65550
61200 68575 64075 51800 65550
61300 68575 64075 51800 65550
61400 68575 64075 51800 65550
61500 68575 64075 51800 65550
61600 68575 64075 51800 65550
61700 68575 64075 51800 65550
61800 68575 64075 51800 65550
61900 68575 64100 51775 65550
62000 68575 64100 51775 65550
62100 68575 64100 51775 65550
62200 68575 64100 51775 65550
62300 68575 64100 51775 65550
62400 68600 64100 51775 65525
62500 68600 64100 51750 65550
62600 68575 64125 51750 65550
62700 68575 64125 51750 65550
62800 68575 64125 51750 65550
62900 68575 64125 51750 65550
63000 68575 64125 51775 65525
63100 68600 64125 51775 65500
63200 68600 64125 51775 65500
63300 68600 64125 51750 65525
63400 68600 64125 51750 65525
63500 68600 64125 51750 65525
63600 68600 64175 51700 65525
63700 68600 64175 51700 65525
63800 68600 64175 51700 65525
63900 68600 64175 51700 65525
64000 68600 64175 51700 65525
64100 68600 64175 51700 65525
64200 68600 64175 51700 65525
64300 68600 64175 51700 65525
64400 68600 64175 51700 65525
64500 68600 64175 51700 65525
64600 68600 64175 51700 65525
64700 68600 64175 51700 65525
64800 68600 64175 51700 65525
64900 68600 64175 51700 65525
65000 68600 64175 51700 65525
65100 68600 64175 51700 65525
65200 68600 64175 51700 65525
65300 68600 64175 51700 65525
65400 68600 64175 51700 65525
65500 68600 64175 51700 65525
65600 68600 64175 51700 65525
65700 68575 64200 51700 65525
65800 68575 64200 51700 65525
65900 68575 64200 51700 65525
66000 68575 64200 51700 65525
66100 68575 64200 51725 65500
66200 68575 64225 51700 65500
66300 68575 64225 51700 65500
66400 68575 64225 51700 65500
66500 68575 64225 51675 65525
66600 68550 64225 51675 65550
66700 68550 64225 51675 65550
66800 68550 64225 51675 65550
66900 68550 64225 51675 65550
67000 68550 64225 51675 65550
67100 68550 64225 51675 65550
67200 68575 64225 51675 65525
67300 68575 64225 51675 65525
67400 68575 64225 51675 65525
67500 68575 64225 51675 65525
67600 68575 64225 51650 65550
67700 68550 64225 51675 65550
67800 68550 64225 51675 65550
67900 68550 64225 51675 65550
68000 68550 64225 51675 65550
68100 68550 64225 51675 65550
68200 68550 64225 51675 65550
68300 68550 64225 51675 65550
68400 68550 64225 51675 65550
68500 68550 64225 51675 65550
68600 68525 64275 51650 65550
68700 68525 64275 51650 65550
68800 68525 64275 51650 65550
68900 68525 64275 51650 65550
69000 68525 64275 51650 65550
69100 68525 64275 51650 65550
69200 68500 64275 51675 65550
69300 68500 64275 51675 65550
69400 68500 64275 51675 65550
69500 68500 64275 51675 65550
69600 68500 64275 51675 65550
69700 68500 64275 51675 65550
69800 68500 64275 51675 65550
69900 68500 64275 51675 65550
70000 68500 64275 51675 65550
70100 68500 64275 51675 65550
70200 68500 64300 51650 65550
70300 68500 64300 51650 65550
70400 68500 64300 51650 65550
70500 68500 64300 51650 65550
70600 68500 64300 51650 65550
70700 68500 64300 51650 65550
70800 68500 64300 51650 65550
70900 68500 64300 51650 65550
71000 68500 64300 51650 65550
71100 68500 64300 51650 65550
71200 68525 64300 51650 65525
71300 68550 64300 51650 65500
71400 68550 64300 51650 65500
71500 68550 64325 51625 65500
71600 68550 64325 51650 65475
71700 68550 64325 51650 65475
71800 68550 64325 51650 65475
71900 68525 64350 51650 65475
72000 68525 64350 51650 65475
72100 68525 64350 51650 65475
72200 68525 64350 51650 65475
72300 68525 64350 51650 65475
72400 68525 64350 51650 65475
72500 68525 64350 51650 65475
72600 68525 64350 51650 65475
72700 68525 64350 51675 65450
72800 68525 64350 51675 65450
72900 68525 64350 51675 65450
73000 68525 64350 51675 65450
73100 68525 64350 51675 65450
73200 68525 64350 51675 65450
73300 68525 64350 51675 65450
73400 68525 64350 51675 65450
73500 68525 64350 51675 65450
73600 68525 64350 51675 65450
73700 68525 64350 51675 65450
73800 68525 64350 51675 65450
73900 68525 64350 51675 65450
74000 68525 64350 51675 65450
74100 68525 64350 51675 65450
74200 68525 64350 51675 65450
74300 68525 64350 51675 65450
74400 68525 64350 51675 65450
74500 68525 64350 51675 65450
74600 68525 64350 51675 65450
74700 68525 64350 51675 65450
74800 68525 64350 51675 65450
74900 68525 64350 51675 65450
75000 68525 64375 51650 65450
75100 68525 64375 51625 65475
75200 68525 64375 51625 65475
75300 68525 64375 51625 65475
75400 68550 64375 51625 65450
75500 68550 64375 51625 65450
75600 68550 64375 51625 65450
75700 68550 64375 51625 65450
75800 68550 64375 51625 65450
75900 68550 64375 51625 65450
76000 68550 64375 51625 65450
76100 68550 64375 51625 65450
76200 68550 64375 51625 65450
76300 68550 64375 51625 65450
76400 68550 64375 51625 65450
76500 68550 64375 51625 65450
76600 68550 64375 51625 65450
76700 68550 64375 51625 65450
76800 68550 64375 51625 65450
76900 68550 64375 51625 65450
77000 68550 64375 51650 65425
77100 68550 64375 51650 65425
77200 68550 64375 51650 65425
77300 68550 64375 51650 65425
77400 68550 64375 51650 65425
77500 68550 64375 51650 65425
77600 68550 64375 51650 65425
77700 68550 64375 51625 65450
77800 68550 64375 51625 65450
77900 68550 64375 51625 65450
78000 68550 64400 51600 65450
78100 68550 64400 51600 65450
78200 68550 64400 51600 65450
78300 68550 64400 51600 65450
78400 68550 64400 51600 65450
78500 68550 64400 51600 65450
78600 68550 64425 51575 65450
78700 68550 64425 51575 65450
78800 68550 64425 51575 65450
78900 68550 64425 51575 65450
79000 68550 64425 51575 65450
79100 68550 64425 51575 65450
79200 68550 64425 51575 65450
79300 68550 64425 51575 65450
79400 68550 64425 51575 65450
79500 68550 64425 51575 65450
79600 68550 64425 51575 65450
79700 68525 64450 51575 65450
79800 68550 64450 51575 65425
79900 68550 64450 51575 65425
80000 68550 64450 51575 65425
80100 68525 64475 51575 65425
80200 68550 64475 51575 65400
80300 68550 64475 51550 65425
80400 68550 64475 51550 65425
80500 68550 64475 51550 65425
80600 68550 64475 51550 65425
80700 68550 64475 51550 65425
80800 68550 64475 51550 65425
80900 68550 64475 51550 65425
81000 68550 64475 51550 65425
81100 68550 64475 51550 65425
81200 68550 64475 51550 65425
81300 68525 64500 51550 65425
81400 68525 64500 51550 65425
81500 68525 64500 51550 65425
81600 68525 64500 51550 65425
81700 68525 64500 51550 65425
81800 68525 64500 51550 65425
81900 68525 64500 51550 65425
82000 68525 64500 51550 65425
82100 68550 64500 51550 65400
82200 68550 64500 51550 65400
82300 68550 64500 51550 65400
82400 68550 64500 51550 65400
82500 68550 64500 51575 65375
82600 68550 64500 51575 65375
82700 68550 64500 51575 65375
82800 68550 64500 51575 65375
82900 68550 64500 51575 65375
83000 68550 64500 51575 65375
83100 68550 64500 51575 65375
83200 68550 64500 51575 65375
83300 68550 64525 51550 65375
83400 68550 64525 51550 65375
83500 68550 64525 51550 65375
83600 68550 64525 51550 65375
83700 68550 64525 51550 65375
83800 68550 64525 51550 65375
83900 68550 64525 51550 65375
84000 68550 64525 51550 65375
84100 68550 64525 51550 65375
84200 68550 64525 51550 65375
84300 68550 64525 51550 65375
84400 68550 64525 51550 65375
84500 68550 64525 51550 65375
84600 68550 64525 51550 65375
84700 68550 64525 51550 65375
84800 68550 64525 51550 65375
84900 68550 64525 51550 65375
85000 68550 64525 51550 65375
85100 68550 64525 51550 65375
85200 68550 64525 51550 65375
85300 68550 64525 51550 65375
85400 68550 64525 51550 65375
85500 68550 64525 51550 65375
85600 68550 64525 51550 65375
85700 68550 64525 51550 65375
85800 68550 64525 51550 65375
85900 68550 64525 51550 65375
86000 68550 64525 51550 65375
86100 68550 64525 51550 65375
86200 68550 64550 51525 65375
86300 68550 64550 51525 65375
86400 68550 64550 51525 65375
86500 68550 64550 51525 65375
86600 68550 64550 51525 65375
86700 68575 64550 51525 65350
86800 68575 64550 51525 65350
86900 68575 64550 51525 65350
87000 68575 64550 51525 65350
87100 68600 64550 51525 65325
87200 68600 64550 51525 65325
87300 68600 64550 51525 65325
87400 68600 64550 51525 65325
87500 68600 64550 51525 65325
87600 68600 64550 51525 65325
87700 68600 64550 51525 65325
87800 68600 64550 51525 65325
87900 68600 64550 51525 65325
88000 68600 64550 51525 65325
88100 68600 64550 51525 65325
88200 68600 64550 51525 65325
88300 68600 64550 51525 65325
88400 68600 64550 51550 65300
88500 68600 64550 51550 65300
88600 68600 64550 51550 65300
88700 68600 64550 51550 65300
88800 68625 64550 51550 65275
88900 68625 64550 51550 65275
89000 68625 64550 51550 65275
89100 68625 64550 51525 65300
89200 68625 64550 51525 65300
89300 68625 64550 51525 65300
89400 68625 64550 51525 65300
89500 68625 64550 51525 65300
89600 68625 64550 51525 65300
89700 68625 64550 51525 65300
89800 68625 64550 51525 65300
89900 68625 64550 51525 65300
90000 68625 64575 51500 65300
90100 68625 64575 51500 65300
90200 68625 64575 51500 65300
90300 68600 64575 51500 65325
90400 68600 64575 51500 65325
90500 68600 64575 51500 65325
90600 68600 64575 51500 65325
90700 68600 64575 51500 65325
90800 68600 64575 51500 65325
90900 68600 64575 51500 65325
91000 68600 64575 51500 65325
91100 68600 64575 51500 65325
91200 68600 64575 51500 65325
91300 68600 64575 51500 65325
91400 68600 64575 51500 65325
91500 68600 64575 51500 65325
91600 68600 64575 51500 65325
91700 68600 64575 51500 65325
91800 68600 64575 51500 65325
91900 68600 64575 51500 65325
92000 68600 64575 51525 65300
92100 68600 64575 51525 65300
92200 68575 64600 51525 65300
92300 68575 64600 51525 65300
92400 68575 64600 51525 65300
92500 68575 64600 51525 65300
92600 68575 64600 51525 65300
92700 68575 64600 51525 65300
92800 68575 64600 51525 65300
92900 68575 64600 51525 65300
93000 68575 64600 51525 65300
93100 68575 64600 51525 65300
93200 68575 64600 51525 65300
93300 68575 64600 51525 65300
93400 68575 64600 51525 65300
93500 68575 64600 51525 65300
93600 68575 64600 51525 65300
93700 68575 64600 51525 65300
93800 68575 64575 51550 65300
93900 68575 64575 51550 65300
94000 68575 64575 51550 65300
94100 68575 64575 51550 65300
94200 68575 64575 51550 65300
94300 68575 64575 51550 65300
94400 68575 64575 51550 65300
94500 68575 64600 51525 65300
94600 68575 64600 51525 65300
94700 68575 64600 51500 65325
94800 68575 64600 51500 65325
94900 68575 64600 51500 65325
95000 68575 64600 51525 65300
95100 68575 64600 51525 65300
95200 68575 64600 51525 65300
95300 68575 64600 51525 65300
95400 68575 64600 51525 65300
95500 68575 64600 51525 65300
95600 68575 64600 51525 65300
95700 68575 64600 51525 65300
95800 68575 64600 51525 65300
95900 68575 64600 51525 65300
96000 68575 64600 51525 65300
96100 68575 64600 51525 65300
96200 68575 64600 51525 65300
96300 68575 64600 51525 65300
96400 68575 64600 51525 65300
96500 68575 64600 51525 65300
96600 68575 64600 51500 65325
96700 68575 64600 51500 65325
96800 68575 64600 51500 65325
96900 68575 64600 51500 65325
97000 68575 64600 51500 65325
97100 68575 64600 51500 65325
97200 68575 64600 51500 65325
97300 68575 64600 51500 65325
97400 68575 64600 51500 65325
97500 68575 64600 51500 65325
97600 68575 64600 51500 65325
97700 68575 64600 51500 65325
97800 68575 64600 51500 65325
97900 68600 64600 51500 65300
98000 68600 64600 51500 65300
98100 68600 64600 51500 65300
98200 68600 64600 51500 65300
98300 68600 64600 51500 65300
98400 68600 64600 51500 65300
98500 68600 64600 51500 65300
98600 68575 64625 51500 65300
98700 68575 64625 51500 65300
98800 68575 64625 51500 65300
98900 68575 64625 51500 65300
99000 68575 64625 51500 65300
99100 68575 64625 51500 65300
99200 68575 64625 51500 65300
99300 68600 64625 51500 65275
99400 68600 64625 51500 65275
99500 68600 64625 51500 65275
99600 68600 64625 51500 65275
99700 68600 64625 51500 65275
99800 68600 64625 51500 65275
99900 68600 64625 51500 65275
100000 68600 64625 51500 65275
