0 66775 60225 63100 59900
100 66725 60250 63100 59925
200 66700 60275 63100 59925
300 66675 60275 63100 59950
400 66675 60225 63150 59950
500 66650 60275 63125 59950
600 66600 60325 63150 59925
700 66575 60375 63100 59950
800 66550 60450 63050 59950
900 66600 60400 63050 59950
1000 66550 60375 63075 60000
1100 66550 60375 63100 59975
1200 66575 60325 63150 59950
1300 66575 60300 63150 59975
1400 66525 60350 63125 60000
1500 66525 60350 63150 59975
1600 66450 60400 63150 60000
1700 66450 60425 63175 59950
1800 66425 60425 63175 59975
1900 66400 60450 63200 59950
2000 66200 60600 63200 60000
2100 66200 60575 63250 59975
2200 66175 60525 63275 60025
2300 66175 60575 63200 60050
2400 66175 60575 63175 60075
2500 66175 60575 63175 60075
2600 66200 60550 63175 60075
2700 66200 60600 63150 60050
2800 66175 60575 63200 60050
2900 66125 60575 63225 60075
3000 66175 60600 63175 60050
3100 66150 60625 63125 60100
3200 66175 60625 63125 60075
3300 66150 60650 63125 60075
3400 66125 60650 63100 60125
3500 66150 60675 63025 60150
3600 66175 60650 63025 60150
3700 66225 60675 62975 60125
3800 66225 60650 63000 60125
3900 66175 60675 63025 60125
4000 66150 60725 63000 60125
4100 66125 60750 62975 60150
4200 66100 60775 62975 60150
4300 66100 60775 62975 60150
4400 66100 60775 63000 60125
4500 66025 60850 63000 60125
4600 66000 60875 63025 60100
4700 65975 60900 63050 60075
4800 65875 60950 63100 60075
4900 65850 60975 63100 60075
5000 65825 61025 63100 60050
5100 65650 61200 63075 60075
5200 65675 61175 63075 60075
5300 65675 61175 63050 60100
5400 65625 61200 63025 60150
5500 65625 61200 63025 60150
5600 65650 61225 63050 60075
5700 65675 61225 63025 60075
5800 65625 61250 63050 60075
5900 65625 61225 63100 60050
6000 65600 61225 63100 60075
6100 65575 61250 63125 60050
6200 65575 61275 63100 60050
6300 65575 61275 63125 60025
6400 65575 61300 63100 60025
6500 65550 61350 63075 60025
6600 65550 61350 63100 60000
6700 65575 61300 63125 60000
6800 65575 61325 63125 59975
6900 65525 61300 63175 60000
7000 65500 61300 63225 59975
7100 65475 61325 63225 59975
7200 65475 61325 63250 59950
7300 65500 61325 63225 59950
7400 65425 61325 63300 59950
7500 65400 61350 63300 59950
7600 65400 61350 63300 59950
7700 65375 61375 63250 60000
7800 65325 61400 63275 60000
7900 65350 61400 63250 60000
8000 65375 61400 63225 60000
8100 65375 61425 63175 60025
8200 65375 61450 63150 60025
8300 65375 61500 63125 60000
8400 65375 61500 63125 60000
8500 65400 61500 63100 60000
8600 65425 61525 63050 60000
8700 65400 61525 63050 60025
8800 65475 61525 62975 60025
8900 65475 61525 62975 60025
9000 65450 61575 62950 60025
9100 65450 61575 62950 60025
9200 65475 61575 62925 60025
9300 65475 61575 62900 60050
9400 65425 61625 62900 60050
9500 65400 61625 62950 60025
9600 65375 61625 63000 60000
9700 65375 61625 63000 60000
9800 65350 61575 63050 60025
9900 65300 61625 63050 60025
10000 65275 61625 63075 60025
10100 65250 61650 63075 60025
10200 65300 61625 63025 60050
10300 65300 61625 63025 60050
10400 65250 61675 63000 60075
10500 65150 61675 63000 60175
10600 65150 61675 63000 60175
10700 65125 61700 63000 60175
10800 65100 61675 63050 60175
10900 65075 61750 63050 60125
11000 65050 61775 63050 60125
11100 65075 61775 63025 60125
11200 65100 61775 63000 60125
11300 65100 61775 63000 60125
11400 65100 61800 62975 60125
11500 65100 61775 63025 60100
11600 65050 61825 63025 60100
11700 65025 61825 63050 60100
11800 65075 61825 63025 60075
11900 65050 61825 63025 60100
12000 65050 61825 63050 60075
12100 65025 61850 63075 60050
12200 65050 61850 63075 60025
12300 65000 61900 63075 60025
12400 65000 61900 63100 60000
12500 64975 61900 63125 60000
12600 64950 61900 63150 60000
12700 64950 61875 63175 60000
12800 64925 61875 63225 59975
12900 64900 61850 63200 60050
13000 64900 61925 63125 60050
13100 64825 61975 63100 60100
13200 64825 61975 63125 60075
13300 64800 62000 63125 60075
13400 64775 62025 63175 60025
13500 64775 62025 63175 60025
13600 64775 62050 63175 60000
13700 64775 62050 63125 60050
13800 64750 62050 63125 60075
13900 64750 62025 63150 60075
14000 64775 62025 63125 60075
14100 64725 62075 63125 60075
14200 64725 62050 63125 60100
14300 64725 62050 63125 60100
14400 64700 62075 63125 60100
14500 64675 62075 63125 60125
14600 64625 62125 63150 60100
14700 64625 62125 63150 60100
14800 64650 62125 63125 60100
14900 64650 62100 63125 60125
15000 64650 62150 63075 60125
15100 64625 62150 63100 60125
15200 64600 62150 63125 60125
15300 64550 62200 63125 60125
15400 64575 62175 63150 60100
15500 64575 62200 63150 60075
15600 64600 62200 63125 60075
15700 64625 62250 63100 60025
15800 64600 62250 63100 60050
15900 64600 62275 63075 60050
16000 64650 62275 63050 60025
16100 64650 62275 63050 60025
16200 64700 62250 63000 60050
16300 64750 62275 62950 60025
16400 64775 62275 62925 60025
16500 64750 62300 62900 60050
16600 64725 62325 62900 60050
16700 64725 62325 62900 60050
16800 64700 62325 62900 60075
16900 64650 62350 62900 60100
17000 64650 62350 62900 60100
17100 64625 62325 62950 60100
17200 64625 62350 62925 60100
17300 64625 62350 62925 60100
17400 64600 62350 62925 60125
17500 64575 62350 62975 60100
17600 64575 62325 63000 60100
17700 64575 62325 63000 60100
17800 64525 62375 63000 60100
17900 64525 62400 62975 60100
18000 64500 62425 62975 60100
18100 64500 62450 62950 60100
18200 64525 62475 62925 60075
18300 64475 62500 63000 60025
18400 64500 62500 62975 60025
18500 64475 62525 62950 60050
18600 64475 62550 62950 60025
18700 64450 62550 62950 60050
18800 64450 62550 62950 60050
18900 64450 62525 62975 60050
19000 64450 62500 63000 60050
19100 64425 62550 63050 59975
19200 64400 62575 63050 59975
19300 64375 62625 63025 59975
19400 64375 62625 63025 59975
19500 64375 62625 63050 59950
19600 64350 62650 63075 59925
19700 64350 62675 63075 59900
19800 64325 62700 63075 59900
19900 64325 62725 63075 59875
20000 64325 62775 63125 59775
20100 64325 62775 63150 59750
20200 64325 62775 63125 59775
20300 64350 62775 63125 59750
20400 64325 62800 63125 59750
20500 64300 62800 63150 59750
20600 64300 62800 63150 59750
20700 64275 62800 63150 59775
20800 64300 62800 63125 59775
20900 64300 62800 63125 59775
21000 64275 62800 63150 59775
21100 64250 62825 63150 59775
21200 64250 62800 63150 59800
21300 64225 62800 63150 59825
21400 64225 62800 63150 59825
21500 64275 62800 63125 59800
21600 64250 62800 63125 59825
21700 64225 62825 63125 59825
21800 64150 62875 63150 59825
21900 64150 62875 63150 59825
22000 64150 62875 63175 59800
22100 64150 62875 63175 59800
22200 64175 62875 63150 59800
22300 64175 62900 63125 59800
22400 64175 62900 63125 59800
22500 64175 62900 63125 59800
22600 64175 62900 63125 59800
22700 64150 62900 63150 59800
22800 64100 62950 63150 59800
22900 64125 62950 63125 59800
23000 64125 62950 63125 59800
23100 64125 62925 63125 59825
23200 64125 62925 63125 59825
23300 64075 63000 63100 59825
23400 64025 63000 63125 59850
23500 64025 63000 63100 59875
23600 64000 63000 63100 59900
23700 64000 63025 63075 59900
23800 64000 63025 63075 59900
23900 63975 63050 63050 59925
24000 63975 63050 63050 59925
24100 63975 63050 63050 59925
24200 63975 63075 63025 59925
24300 64000 63075 63025 59900
24400 64000 63075 63025 59900
24500 64000 63075 63025 59900
24600 64000 63075 63050 59875
24700 64000 63075 63050 59875
24800 63975 63075 63075 59875
24900 63975 63075 63075 59875
25000 63975 63075 63075 59875
25100 63975 63075 63075 59875
25200 63950 63100 63050 59900
25300 63925 63100 63050 59925
25400 63925 63100 63050 59925
25500 63900 63100 63050 59950
25600 63900 63050 63100 59950
25700 63875 63050 63100 59975
25800 63875 63050 63100 59975
25900 63875 63075 63075 59975
26000 63875 63075 63075 59975
26100 63875 63075 63050 60000
26200 63900 63050 63000 60050
26300 63900 63050 63000 60050
26400 63925 63050 62975 60050
26500 63900 63050 63000 60050
26600 63875 63050 63050 60025
26700 63850 63100 63050 60000
26800 63825 63150 63000 60025
26900 63825 63150 63000 60025
27000 63850 63150 63000 60000
27100 63875 63150 62975 60000
27200 63950 63150 62900 60000
27300 63950 63150 62875 60025
27400 63900 63150 62900 60050
27500 63900 63150 62900 60050
27600 63900 63150 62950 60000
27700 63875 63175 62950 60000
27800 63900 63175 62925 60000
27900 63875 63150 62975 60000
28000 63875 63150 63025 59950
28100 63875 63150 63025 59950
28200 63875 63150 63025 59950
28300 63875 63125 63025 59975
28400 63875 63125 63025 59975
28500 63900 63125 63000 59975
28600 63900 63125 63000 59975
28700 63875 63125 63000 60000
28800 63875 63125 63000 60000
28900 63850 63150 63000 60000
29000 63875 63175 62975 59975
29100 63900 63125 62975 60000
29200 63925 63125 62975 59975
29300 63925 63125 62975 59975
29400 63925 63125 62975 59975
29500 63900 63125 62975 60000
29600 63900 63125 62975 60000
29700 63875 63125 62975 60025
29800 63875 63150 62975 60000
29900 63900 63175 62975 59950
30000 63900 63150 62975 59975
30100 63900 63150 62975 59975
30200 63875 63150 62975 60000
30300 63925 63175 62900 60000
30400 63925 63125 62925 60025
30500 63925 63100 62925 60050
30600 63925 63100 62925 60050
30700 63900 63050 62950 60100
30800 63900 63000 62975 60125
30900 63875 63025 62975 60125
31000 63875 63000 63000 60125
31100 63875 63025 63000 60100
31200 63875 63025 63000 60100
31300 63825 63025 63000 60150
31400 63825 63025 63000 60150
31500 63825 63025 63000 60150
31600 63850 63025 62975 60150
31700 63900 63025 62975 60100
31800 63850 63025 62975 60150
31900 63850 63000 63000 60150
32000 63825 63075 62950 60150
32100 63775 63075 62950 60200
32200 63775 63075 62950 60200
32300 63750 63100 62950 60200
32400 63725 63100 62950 60225
32500 63750 63100 62950 60200
32600 63725 63050 63025 60200
32700 63725 63100 62975 60200
32800 63750 63050 63000 60200
32900 63750 63050 63000 60200
33000 63750 63050 63000 60200
33100 63700 63075 63000 60225
33200 63700 63100 63000 60200
33300 63700 63100 63000 60200
33400 63700 63100 63000 60200
33500 63700 63100 63000 60200
33600 63675 63100 63000 60225
33700 63675 63100 63000 60225
33800 63675 63100 63000 60225
33900 63675 63100 63025 60200
34000 63675 63100 63025 60200
34100 63675 63100 63025 60200
34200 63600 63125 63050 60225
34300 63625 63125 63025 60225
34400 63625 63125 63025 60225
34500 63625 63125 63025 60225
34600 63625 63150 63025 60200
34700 63575 63200 63025 60200
34800 63575 63200 63025 60200
34900 63550 63200 63025 60225
35000 63550 63200 63025 60225
35100 63550 63225 63025 60200
35200 63550 63225 63025 60200
35300 63575 63225 63025 60175
35400 63575 63225 63025 60175
35500 63575 63225 63025 60175
35600 63575 63225 63025 60175
35700 63575 63225 63025 60175
35800 63575 63225 63025 60175
35900 63575 63225 63025 60175
36000 63600 63225 63000 60175
36100 63600 63225 63025 60150
36200 63575 63225 63050 60150
36300 63550 63200 63075 60175
36400 63575 63200 63050 60175
36500 63575 63200 63050 60175
36600 63600 63200 63050 60150
36700 63600 63200 63050 60150
36800 63600 63175 63050 60175
36900 63600 63175 63075 60150
37000 63600 63200 63075 60125
37100 63575 63200 63100 60125
37200 63550 63200 63100 60150
37300 63550 63200 63100 60150
37400 63550 63200 63125 60125
37500 63500 63250 63125 60125
37600 63525 63250 63100 60125
37700 63525 63250 63100 60125
37800 63500 63275 63125 60100
37900 63450 63300 63125 60125
38000 63450 63325 63125 60100
38100 63450 63325 63125 60100
38200 63450 63325 63125 60100
38300 63450 63300 63150 60100
38400 63450 63300 63150 60100
38500 63400 63300 63150 60150
38600 63400 63275 63175 60150
38700 63400 63275 63175 60150
38800 63375 63300 63175 60150
38900 63375 63300 63175 60150
39000 63375 63300 63150 60175
39100 63375 63325 63150 60150
39200 63375 63325 63150 60150
39300 63375 63325 63150 60150
39400 63375 63325 63150 60150
39500 63375 63300 63175 60150
39600 63350 63300 63200 60150
39700 63300 63300 63225 60175
39800 63300 63300 63225 60175
39900 63275 63325 63225 60175
40000 63275 63300 63250 60175
40100 63275 63300 63250 60175
40200 63350 63275 63200 60175
40300 63350 63275 63200 60175
40400 63350 63250 63225 60175
40500 63350 63250 63250 60150
40600 63350 63250 63250 60150
40700 63375 63225 63250 60150
40800 63350 63250 63250 60150
40900 63350 63250 63250 60150
41000 63350 63250 63250 60150
41100 63350 63250 63250 60150
41200 63375 63250 63225 60150
41300 63375 63250 63225 60150
41400 63375 63250 63225 60150
41500 63375 63250 63225 60150
41600 63375 63225 63225 60175
41700 63375 63275 63150 60200
41800 63375 63275 63150 60200
41900 63350 63275 63175 60200
42000 63350 63275 63175 60200
42100 63350 63300 63150 60200
42200 63350 63300 63150 60200
42300 63325 63300 63150 60225
42400 63325 63300 63150 60225
42500 63325 63300 63150 60225
42600 63325 63300 63150 60225
42700 63300 63325 63150 60225
42800 63325 63325 63125 60225
42900 63325 63350 63100 60225
43000 63325 63350 63100 60225
43100 63325 63325 63125 60225
43200 63300 63350 63125 60225
43300 63325 63350 63100 60225
43400 63325 63350 63100 60225
43500 63325 63400 63100 60175
43600 63325 63400 63100 60175
43700 63350 63400 63075 60175
43800 63350 63400 63075 60175
43900 63350 63400 63075 60175
44000 63350 63425 63050 60175
44100 63325 63450 63025 60200
44200 63400 63450 62975 60175
44300 63425 63450 62950 60175
44400 63400 63450 62950 60200
44500 63375 63450 62950 60225
44600 63375 63450 62950 60225
44700 63375 63475 62950 60200
44800 63375 63475 62950 60200
44900 63350 63500 62950 60200
45000 63350 63500 62950 60200
45100 63350 63500 62950 60200
45200 63350 63500 62950 60200
45300 63375 63500 62950 60175
45400 63375 63525 62925 60175
45500 63375 63525 62925 60175
45600 63375 63550 62900 60175
45700 63375 63550 62900 60175
45800 63350 63575 62900 60175
45900 63325 63550 62900 60225
46000 63325 63550 62900 60225
46100 63325 63525 62925 60225
46200 63325 63525 62950 60200
46300 63325 63525 62950 60200
46400 63325 63500 62975 60200
46500 63300 63525 62950 60225
46600 63275 63550 62925 60250
46700 63275 63575 62925 60225
46800 63200 63600 62925 60275
46900 63175 63625 62925 60275
47000 63200 63625 62925 60250
47100 63225 63600 62925 60250
47200 63200 63600 62950 60250
47300 63200 63600 62975 60225
47400 63175 63625 62975 60225
47500 63175 63650 62975 60200
47600 63175 63650 62975 60200
47700 63200 63650 62950 60200
47800 63200 63675 62950 60175
47900 63250 63675 62900 60175
48000 63250 63675 62900 60175
48100 63275 63700 62875 60150
48200 63275 63700 62875 60150
48300 63275 63700 62875 60150
48400 63300 63675 62875 60150
48500 63300 63650 62900 60150
48600 63300 63675 62900 60125
48700 63325 63675 62900 60100
48800 63325 63675 62900 60100
48900 63325 63675 62925 60075
49000 63325 63675 62925 60075
49100 63325 63675 62925 60075
49200 63325 63725 62925 60025
49300 63325 63775 62925 59975
49400 63325 63775 62925 59975
49500 63300 63775 62925 60000
49600 63325 63775 62975 59925
49700 63350 63750 63000 59900
49800 63350 63725 63025 59900
49900 63350 63725 63025 59900
50000 63350 63725 63025 59900
50100 63325 63725 63050 59900
50200 63325 63725 63050 59900
50300 63325 63725 63050 59900
50400 63350 63725 63050 59875
50500 63350 63725 63050 59875
50600 63350 63725 63050 59875
50700 63350 63725 63050 59875
50800 63350 63725 63050 59875
50900 63375 63725 63025 59875
51000 63375 63725 63025 59875
51100 63375 63725 63025 59875
51200 63375 63725 63000 59900
51300 63375 63725 63025 59875
51400 63375 63725 63025 59875
51500 63350 63725 63025 59900
51600 63350 63725 63025 59900
51700 63350 63725 63050 59875
51800 63350 63725 63050 59875
51900 63350 63750 63050 59850
52000 63350 63750 63050 59850
52100 63325 63750 63050 59875
52200 63325 63750 63050 59875
52300 63325 63725 63075 59875
52400 63325 63725 63100 59850
52500 63300 63750 63100 59850
52600 63300 63750 63100 59850
52700 63300 63750 63125 59825
52800 63300 63750 63125 59825
52900 63300 63750 63150 59800
53000 63275 63750 63175 59800
53100 63250 63750 63175 59825
53200 63250 63750 63150 59850
53300 63250 63750 63150 59850
53400 63250 63750 63150 59850
53500 63250 63750 63150 59850
53600 63275 63750 63125 59850
53700 63275 63725 63125 59875
53800 63275 63725 63125 59875
53900 63275 63725 63125 59875
54000 63250 63725 63125 59900
54100 63275 63725 63075 59925
54200 63250 63750 63075 59925
54300 63250 63750 63075 59925
54400 63225 63775 63075 59925
54500 63225 63775 63075 59925
54600 63225 63775 63075 59925
54700 63225 63775 63075 59925
54800 63200 63775 63075 59950
54900 63200 63775 63075 59950
55000 63200 63775 63075 59950
55100 63200 63775 63075 59950
55200 63175 63775 63075 59975
55300 63175 63775 63075 59975
55400 63175 63775 63075 59975
55500 63175 63775 63075 59975
55600 63175 63800 63075 59950
55700 63150 63800 63075 59975
55800 63125 63800 63075 60000
55900 63125 63800 63075 60000
56000 63125 63800 63075 60000
56100 63150 63825 63050 59975
56200 63150 63825 63050 59975
56300 63150 63825 63050 59975
56400 63150 63825 63050 59975
56500 63125 63800 63075 60000
56600 63125 63800 63075 60000
56700 63125 63800 63075 60000
56800 63100 63800 63075 60025
56900 63100 63800 63075 60025
57000 63100 63800 63075 60025
57100 63100 63800 63075 60025
57200 63075 63825 63075 60025
57300 63075 63825 63075 60025
57400 63075 63825 63075 60025
57500 63075 63825 63050 60050
57600 63075 63825 63050 60050
57700 63075 63825 63050 60050
57800 63075 63825 63050 60050
57900 63050 63825 63075 60050
58000 63025 63850 63075 60050
58100 63025 63850 63075 60050
58200 63025 63850 63075 60050
58300 63025 63850 63075 60050
58400 63025 63850 63075 60050
58500 63050 63850 63050 60050
58600 63025 63850 63050 60075
58700 63025 63850 63050 60075
58800 63025 63850 63050 60075
58900 63025 63850 63050 60075
59000 63025 63875 63025 60075
59100 63050 63850 63050 60050
59200 63050 63850 63050 60050
59300 63025 63875 63050 60050
59400 63025 63850 63075 60050
59500 63025 63850 63075 60050
59600 63025 63850 63075 60050
59700 63025 63850 63075 60050
59800 63025 63850 63075 60050
59900 63025 63850 63075 60050
60000 63025 63850 63075 60050
60100 63025 63850 63075 60050
60200 63025 63850 63075 60050
60300 63025 63850 63075 60050
60400 63025 63850 63075 60050
60500 63025 63850 63075 60050
60600 63025 63850 63075 60050
60700 63025 63850 63050 60075
60800 63025 63875 63025 60075
60900 63050 63875 63025 60050
61000 63050 63875 63025 60050
61100 63075 63875 63025 60025
61200 63075 63875 63025 60025
61300 63075 63825 63050 60050
61400 63075 63825 63075 60025
61500 63075 63825 63075 60025
61600 63050 63825 63075 60050
61700 63050 63825 63075 60050
61800 63050 63825 63075 60050
61900 63050 63825 63075 60050
62000 63025 63825 63100 60050
62100 63025 63825 63100 60050
62200 63025 63800 63125 60050
62300 63025 63800 63125 60050
62400 63025 63800 63150 60025
62500 63025 63800 63150 60025
62600 63025 63800 63150 60025
62700 63025 63775 63175 60025
62800 63050 63775 63150 60025
62900 63050 63775 63150 60025
63000 63050 63775 63150 60025
63100 63050 63775 63150 60025
63200 63050 63775 63150 60025
63300 63050 63775 63150 60025
63400 63050 63775 63150 60025
63500 63025 63775 63150 60050
63600 63025 63775 63150 60050
63700 63000 63775 63150 60075
63800 63000 63775 63150 60075
63900 63000 63775 63150 60075
64000 63000 63775 63150 60075
64100 62950 63825 63100 60125
64200 62975 63825 63100 60100
64300 62975 63825 63100 60100
64400 62975 63825 63100 60100
64500 62975 63825 63100 60100
64600 62975 63825 63100 60100
64700 62975 63825 63100 60100
64800 63025 63825 63075 60075
64900 63025 63825 63075 60075
65000 63025 63800 63075 60100
65100 63025 63800 63075 60100
65200 63025 63800 63075 60100
65300 63000 63825 63075 60100
65400 63000 63825 63075 60100
65500 62975 63850 63100 60075
65600 62975 63850 63100 60075
65700 62975 63850 63100 60075
65800 62950 63850 63100 60100
65900 62950 63850 63100 60100
66000 62950 63850 63100 60100
66100 62950 63850 63100 60100
66200 62950 63850 63100 60100
66300 62950 63850 63100 60100
66400 62950 63850 63100 60100
66500 62950 63825 63125 60100
66600 62975 63850 63075 60100
66700 62975 63850 63075 60100
66800 62950 63850 63075 60125
66900 62950 63850 63075 60125
67000 62925 63875 63075 60125
67100 62925 63875 63050 60150
67200 62925 63875 63050 60150
67300 62925 63875 63050 60150
67400 62975 63850 63050 60125
67500 62975 63850 63050 60125
67600 62975 63850 63050 60125
67700 63000 63850 63025 60125
67800 63000 63850 63025 60125
67900 62975 63850 63050 60125
68000 62975 63850 63050 60125
68100 63000 63850 63025 60125
68200 63000 63850 63025 60125
68300 63000 63850 63025 60125
68400 63000 63850 63025 60125
68500 63000 63875 63025 60100
68600 63000 63900 63025 60075
68700 63000 63950 62975 60075
68800 63000 63925 62975 60100
68900 63000 63925 62975 60100
69000 62975 63925 63000 60100
69100 63000 63925 63000 60075
69200 63000 63925 63000 60075
69300 62975 63950 63000 60075
69400 62975 63950 63000 60075
69500 63000 63950 62975 60075
69600 63000 63950 62975 60075
69700 63000 63975 62975 60050
69800 63000 63975 62975 60050
69900 63000 63975 62975 60050
70000 63000 63975 62975 60050
70100 63000 63975 63000 60025
70200 63000 63975 63000 60025
70300 63025 64000 62975 60000
70400 63025 64000 62975 60000
70500 62975 64025 62975 60025
70600 63000 64025 62950 60025
70700 63000 64025 62950 60025
70800 63000 64050 62925 60025
70900 63000 64050 62925 60025
71000 63000 64050 62925 60025
71100 63000 64050 62925 60025
71200 63000 64050 62925 60025
71300 63000 64050 62925 60025
71400 63000 64075 62900 60025
71500 63000 64100 62900 60000
71600 63025 64075 62900 60000
71700 63025 64100 62875 60000
71800 63025 64100 62875 60000
71900 63000 64125 62875 60000
72000 63000 64125 62875 60000
72100 63000 64125 62875 60000
72200 63000 64125 62875 60000
72300 63000 64125 62875 60000
72400 63025 64125 62825 60025
72500 63025 64100 62850 60025
72600 63025 64100 62850 60025
72700 63025 64100 62850 60025
72800 63025 64100 62850 60025
72900 63025 64100 62850 60025
73000 63050 64100 62825 60025
73100 63025 64100 62825 60050
73200 63025 64100 62825 60050
73300 63025 64100 62825 60050
73400 63025 64100 62825 60050
73500 63025 64100 62825 60050
73600 63025 64100 62825 60050
73700 63025 64100 62825 60050
73800 63025 64100 62825 60050
73900 63075 64100 62775 60050
74000 63075 64100 62775 60050
74100 63100 64075 62775 60050
74200 63150 64075 62725 60050
74300 63150 64075 62725 60050
74400 63150 64100 62725 60025
74500 63175 64075 62725 60025
74600 63175 64075 62725 60025
74700 63150 64075 62725 60050
74800 63150 64075 62725 60050
74900 63150 64075 62725 60050
75000 63150 64075 62725 60050
75100 63150 64075 62725 60050
75200 63150 64075 62725 60050
75300 63150 64050 62750 60050
75400 63150 64050 62750 60050
75500 63150 64050 62750 60050
75600 63150 64050 62750 60050
75700 63150 64050 62750 60050
75800 63150 64025 62775 60050
75900 63150 64025 62800 60025
76000 63150 64025 62800 60025
76100 63125 64025 62825 60025
76200 63125 64000 62825 60050
76300 63100 64000 62825 60075
76400 63100 64000 62825 60075
76500 63100 64000 62825 60075
76600 63100 64000 62825 60075
76700 63100 64000 62825 60075
76800 63100 64000 62825 60075
76900 63100 64000 62825 60075
77000 63100 64000 62825 60075
77100 63100 64000 62825 60075
77200 63100 64025 62825 60050
77300 63100 64025 62825 60050
77400 63100 64025 62825 60050
77500 63100 64025 62825 60050
77600 63075 64025 62825 60075
77700 63050 64000 62850 60100
77800 63050 63975 62875 60100
77900 63050 63975 62875 60100
78000 63050 63975 62875 60100
78100 63050 63975 62875 60100
78200 63050 63975 62875 60100
78300 63050 63975 62875 60100
78400 63050 63975 62875 60100
78500 63075 63950 62875 60100
78600 63050 63950 62875 60125
78700 63050 63950 62875 60125
78800 63050 63950 62875 60125
78900 63050 63950 62875 60125
79000 63050 63950 62875 60125
79100 63050 63950 62900 60100
79200 63050 63925 62950 60075
79300 63050 63900 62975 60075
79400 63050 63900 62975 60075
79500 63050 63900 62975 60075
79600 63025 63900 62975 60100
79700 63050 63900 62950 60100
79800 63050 63875 62950 60125
79900 63050 63875 62975 60100
80000 63050 63850 63000 60100
80100 63050 63850 63000 60100
80200 63025 63850 63000 60125
80300 63025 63850 63000 60125
80400 63025 63850 63000 60125
80500 63025 63850 63000 60125
80600 63025 63850 63000 60125
80700 63025 63850 63000 60125
80800 63025 63850 63000 60125
80900 63000 63875 62975 60150
81000 62975 63900 62975 60150
81100 62950 63900 62975 60175
81200 62975 63875 62975 60175
81300 62975 63875 62975 60175
81400 62950 63875 62975 60200
81500 62950 63900 62975 60175
81600 62950 63900 62975 60175
81700 62950 63900 62975 60175
81800 62950 63900 62975 60175
81900 62950 63900 62975 60175
82000 62950 63900 62950 60200
82100 62950 63900 62950 60200
82200 62950 63900 62950 60200
82300 62950 63900 62950 60200
82400 62950 63925 62950 60175
82500 62950 63925 62950 60175
82600 62975 63925 62925 60175
82700 62975 63925 62950 60150
82800 62975 63925 62950 60150
82900 62975 63925 62950 60150
83000 62975 63950 62950 60125
83100 62975 63950 62950 60125
83200 62975 63925 62950 60150
83300 62950 63925 62950 60175
83400 62950 63925 62950 60175
83500 62950 63925 62950 60175
83600 62950 63925 62950 60175
83700 62950 63925 62950 60175
83800 62950 63925 62950 60175
83900 62950 63925 62950 60175
84000 62950 63925 62950 60175
84100 62975 63925 62950 60150
84200 62975 63925 62950 60150
84300 62975 63925 62950 60150
84400 62975 63925 62950 60150
84500 63000 63925 62925 60150
84600 63000 63950 62925 60125
84700 63000 63950 62925 60125
84800 63000 63950 62925 60125
84900 63000 63950 62925 60125
85000 63000 63950 62925 60125
85100 63000 63950 62925 60125
85200 63000 63950 62925 60125
85300 63000 63950 62925 60125
85400 63000 63950 62925 60125
85500 63000 63950 62925 60125
85600 63000 63950 62925 60125
85700 63000 63950 62950 60100
85800 63000 63950 62950 60100
85900 63000 63950 62950 60100
86000 62975 63950 62975 60100
86100 62975 63975 62950 60100
86200 62975 63975 62950 60100
86300 63000 63975 62950 60075
86400 63000 63950 62950 60100
86500 63000 63950 62950 60100
86600 63000 63950 62950 60100
86700 63000 63975 62975 60050
86800 63000 63975 62975 60050
86900 63000 63975 62975 60050
87000 63000 63975 62975 60050
87100 63000 63975 62975 60050
87200 63000 63975 62975 60050
87300 63000 63975 62975 60050
87400 63025 63950 62975 60050
87500 63025 63950 62975 60050
87600 63025 63950 62975 60050
87700 63025 63950 62975 60050
87800 63025 63950 62975 60050
87900 63000 63950 62975 60075
88000 63000 63950 62975 60075
88100 63000 63950 62975 60075
88200 63000 63950 62975 60075
88300 63000 63950 63000 60050
88400 63000 63975 63000 60025
88500 63000 63975 63000 60025
88600 63000 63975 63025 60000
88700 63000 63975 63025 60000
88800 63000 63975 63025 60000
88900 63025 63975 63000 60000
89000 63025 63975 63000 60000
89100 63050 63975 63000 59975
89200 63050 63975 63000 59975
89300 63050 63950 63000 60000
89400 63050 63950 63000 60000
89500 63050 63950 63000 60000
89600 63075 63925 63000 60000
89700 63075 63925 63000 60000
89800 63075 63925 63000 60000
89900 63075 63925 63000 60000
90000 63075 63950 63000 59975
90100 63075 63950 63000 59975
90200 63075 63950 63000 59975
90300 63075 63950 63000 59975
90400 63075 63950 63000 59975
90500 63075 63950 63000 59975
90600 63075 63950 63000 59975
90700 63075 63950 63000 59975
90800 63075 63975 62975 59975
90900 63075 63975 62975 59975
91000 63075 63975 62975 59975
91100 63075 63975 62975 59975
91200 63075 63975 62975 59975
91300 63125 64000 62975 59900
91400 63125 64000 62975 59900
91500 63100 64025 62975 59900
91600 63100 64025 62975 59900
91700 63125 64025 62950 59900
91800 63100 64025 62950 59925
91900 63100 64000 62950 59950
92000 63100 64000 62950 59950
92100 63100 64000 62950 59950
92200 63100 64000 62950 59950
92300 63100 64000 62950 59950
92400 63100 64025 62950 59925
92500 63100 64025 62950 59925
92600 63100 64025 62950 59925
92700 63100 64025 62975 59900
92800 63100 64025 62975 59900
92900 63125 64025 62950 59900
93000 63150 64025 62950 59875
93100 63150 64025 62950 59875
93200 63175 64000 62975 59850
93300 63175 64025 62975 59825
93400 63175 64025 62975 59825
93500 63175 64025 62975 59825
93600 63175 64025 62975 59825
93700 63175 64025 62975 59825
93800 63175 64000 63000 59825
93900 63175 64000 63000 59825
94000 63200 64025 63000 59775
94100 63175 64025 63000 59800
94200 63200 64000 63000 59800
94300 63200 64000 63000 59800
94400 63200 64000 63000 59800
94500 63225 64000 63000 59775
94600 63225 64025 63000 59750
94700 63225 64025 63000 59750
94800 63225 64025 63000 59750
94900 63200 64025 63000 59775
95000 63200 64050 63000 59750
95100 63200 64050 63000 59750
95200 63200 64075 62975 59750
95300 63200 64100 62975 59725
95400 63200 64100 62975 59725
95500 63200 64125 62975 59700
95600 63175 64175 63000 59650
95700 63175 64175 63000 59650
95800 63175 64175 63000 59650
95900 63150 64175 63000 59675
96000 63150 64175 62975 59700
96100 63150 64175 62950 59725
96200 63150 64175 62950 59725
96300 63150 64150 62950 59750
96400 63150 64150 62950 59750
96500 63150 64150 62975 59725
96600 63125 64150 62975 59750
96700 63125 64150 62975 59750
96800 63125 64150 62975 59750
96900 63150 64150 62950 59750
97000 63150 64150 62950 59750
97100 63150 64150 62950 59750
97200 63150 64125 62975 59750
97300 63125 64125 62975 59775
97400 63125 64125 62975 59775
97500 63125 64125 62975 59775
97600 63125 64125 62975 59775
97700 63125 64125 62975 59775
97800 63125 64125 62975 59775
97900 63125 64125 62975 59775
98000 63125 64100 62975 59800
98100 63125 64100 62975 59800
98200 63125 64100 62975 59800
98300 63100 64125 62975 59800
98400 63100 64125 62975 59800
98500 63100 64125 62975 59800
98600 63100 64125 62975 59800
98700 63075 64125 62975 59825
98800 63075 64125 62975 59825
98900 63050 64100 63000 59850
99000 63050 64100 63000 59850
99100 63050 64125 62975 59850
99200 63050 64125 62975 59850
99300 63050 64125 62975 59850
99400 63050 64125 62975 59850
99500 63050 64100 62975 59875
99600 63050 64100 62975 59875
99700 63050 64100 62975 59875
99800 63025 64075 63000 59900
99900 63000 64075 63000 59925
100000 63000 64075 63000 59925
