0 62775 64925 62850 59450
100 62750 64950 62800 59500
200 62750 64950 62800 59500
300 62750 64975 62800 59475
400 62750 64975 62775 59500
500 62750 65000 62750 59500
600 62800 65000 62700 59500
700 62725 65000 62800 59475
800 62875 64975 62675 59475
900 62925 64975 62625 59475
1000 62800 65025 62625 59550
1100 62775 65025 62650 59550
1200 62800 65025 62625 59550
1300 62775 65025 62625 59575
1400 62825 65025 62575 59575
1500 62850 65025 62550 59575
1600 62850 65050 62550 59550
1700 62825 65075 62525 59575
1800 62900 65025 62500 59575
1900 62925 65000 62525 59550
2000 62925 65000 62500 59575
2100 62900 64975 62525 59600
2200 62875 64950 62575 59600
2300 62925 64950 62500 59625
2400 62925 65000 62500 59575
2500 62975 65000 62450 59575
2600 63000 65000 62425 59575
2700 62975 64975 62425 59625
2800 63000 64950 62425 59625
2900 62950 64950 62475 59625
3000 62950 64950 62450 59650
3100 63025 64925 62400 59650
3200 63050 64950 62375 59625
3300 63050 64975 62400 59575
3400 63075 65000 62325 59600
3500 63075 64925 62350 59650
3600 63075 64975 62350 59600
3700 63050 64975 62350 59625
3800 63050 64950 62350 59650
3900 63025 64975 62325 59675
4000 63075 64975 62275 59675
4100 63050 64975 62300 59675
4200 63100 64975 62250 59675
4300 63100 65000 62250 59650
4400 63125 65000 62225 59650
4500 63125 65000 62250 59625
4600 63125 65000 62250 59625
4700 63175 64950 62250 59625
4800 63200 64975 62275 59550
4900 63175 64950 62250 59625
5000 63175 64925 62275 59625
5100 63200 64925 62275 59600
5200 63175 64950 62275 59600
5300 63150 64975 62300 59575
5400 63175 64975 62275 59575
5500 63175 64950 62300 59575
5600 63150 64975 62275 59600
5700 63200 64950 62250 59600
5800 63225 64975 62250 59550
5900 63225 64975 62200 59600
6000 63250 64975 62175 59600
6100 63250 64950 62200 59600
6200 63275 64925 62200 59600
6300 63250 64925 62225 59600
6400 63275 64950 62175 59600
6500 63300 64950 62150 59600
6600 63350 64975 62100 59575
6700 63400 64975 62075 59550
6800 63425 64950 62075 59550
6900 63425 64925 62100 59550
7000 63425 64925 62150 59500
7100 63450 64925 62125 59500
7200 63475 64925 62100 59500
7300 63450 64925 62075 59550
7400 63450 64925 62075 59550
7500 63450 64925 62025 59600
7600 63425 64950 61975 59650
7700 63475 64925 61950 59650
7800 63425 64950 61950 59675
7900 63450 64950 61925 59675
8000 63525 64925 61875 59675
8100 63525 64925 61875 59675
8200 63525 64925 61875 59675
8300 63525 64925 61900 59650
8400 63525 64925 61875 59675
8500 63550 64900 61875 59675
8600 63625 64875 61850 59650
8700 63650 64875 61825 59650
8800 63650 64900 61825 59625
8900 63650 64925 61825 59600
9000 63625 64950 61825 59600
9100 63625 64975 61825 59575
9200 63625 64950 61900 59525
9300 63650 64950 61875 59525
9400 63650 64950 61875 59525
9500 63650 64950 61875 59525
9600 63675 64950 61875 59500
9700 63675 64950 61875 59500
9800 63700 64950 61825 59525
9900 63650 64975 61900 59475
10000 63650 64950 61875 59525
10100 63625 64925 61875 59575
10200 63650 64925 61850 59575
10300 63650 64925 61850 59575
10400 63650 64925 61850 59575
10500 63700 64900 61800 59600
10600 63725 64900 61800 59575
10700 63700 64925 61800 59575
10800 63700 64950 61750 59600
10900 63700 64950 61775 59575
11000 63750 64925 61750 59575
11100 63775 64900 61750 59575
11200 63750 64925 61775 59550
11300 63750 64925 61775 59550
11400 63750 64950 61775 59525
11500 63825 64950 61725 59500
11600 63825 64950 61725 59500
11700 63850 64950 61700 59500
11800 63875 64950 61675 59500
11900 63850 64975 61675 59500
12000 63800 65025 61650 59525
12100 63825 65000 61625 59550
12200 63825 65025 61600 59550
12300 63825 65025 61600 59550
12400 63825 65025 61600 59550
12500 63800 65025 61625 59550
12600 63750 65075 61600 59575
12700 63800 65075 61550 59575
12800 63800 65075 61550 59575
12900 63775 65075 61575 59575
13000 63800 65050 61575 59575
13100 63800 65050 61575 59575
13200 63825 65050 61550 59575
13300 63825 65050 61575 59550
13400 63825 65050 61575 59550
13500 63825 65075 61550 59550
13600 63825 65100 61550 59525
13700 63825 65100 61550 59525
13800 63825 65100 61550 59525
13900 63850 65075 61550 59525
14000 63900 65025 61525 59550
14100 63925 65000 61525 59550
14200 63925 65000 61500 59575
14300 63950 65000 61475 59575
14400 63950 65000 61500 59550
14500 63975 65000 61425 59600
14600 63925 65025 61450 59600
14700 63950 65025 61425 59600
14800 63950 65025 61400 59625
14900 63950 65050 61400 59600
15000 63975 65050 61375 59600
15100 63975 65025 61375 59625
15200 63950 65000 61425 59625
15300 63925 65025 61425 59625
15400 63975 64975 61425 59625
15500 64025 64975 61375 59625
15600 64025 64975 61350 59650
15700 64050 64925 61400 59625
15800 64050 64925 61400 59625
15900 64050 64925 61375 59650
16000 64050 64925 61350 59675
16100 64100 64875 61350 59675
16200 64100 64875 61350 59675
16300 64100 64875 61350 59675
16400 64150 64875 61275 59700
16500 64150 64875 61275 59700
16600 64150 64875 61300 59675
16700 64200 64875 61300 59625
16800 64175 64900 61300 59625
16900 64150 64900 61325 59625
17000 64150 64925 61300 59625
17100 64100 64975 61300 59625
17200 64125 64975 61275 59625
17300 64150 64975 61275 59600
17400 64150 64975 61275 59600
17500 64150 64975 61275 59600
17600 64150 64950 61250 59650
17700 64150 64950 61250 59650
17800 64150 64950 61250 59650
17900 64150 64975 61200 59675
18000 64150 64950 61250 59650
18100 64175 64950 61225 59650
18200 64175 64950 61225 59650
18300 64175 64950 61200 59675
18400 64225 64900 61200 59675
18500 64225 64900 61250 59625
18600 64225 64900 61250 59625
18700 64225 64900 61250 59625
18800 64200 64900 61225 59675
18900 64175 64950 61225 59650
19000 64150 64975 61225 59650
19100 64150 64950 61225 59675
19200 64200 64950 61200 59650
19300 64200 64950 61175 59675
19400 64225 64925 61125 59725
19500 64250 64925 61125 59700
19600 64275 64900 61125 59700
19700 64325 64850 61100 59725
19800 64325 64850 61100 59725
19900 64325 64850 61100 59725
20000 64275 64900 61100 59725
20100 64275 64900 61100 59725
20200 64250 64900 61125 59725
20300 64250 64850 61150 59750
20400 64250 64875 61125 59750
20500 64250 64875 61100 59775
20600 64250 64900 61100 59750
20700 64250 64900 61100 59750
20800 64250 64900 61100 59750
20900 64250 64900 61100 59750
21000 64200 64950 61125 59725
21100 64200 64950 61125 59725
21200 64250 64950 61100 59700
21300 64250 64950 61100 59700
21400 64225 64925 61125 59725
21500 64250 64925 61100 59725
21600 64275 64900 61100 59725
21700 64325 64875 61075 59725
21800 64325 64875 61075 59725
21900 64325 64875 61075 59725
22000 64325 64875 61075 59725
22100 64325 64900 61075 59700
22200 64350 64875 61075 59700
22300 64350 64875 61075 59700
22400 64350 64875 61075 59700
22500 64350 64875 61050 59725
22600 64350 64900 61050 59700
22700 64325 64900 61100 59675
22800 64350 64900 61050 59700
22900 64350 64900 61050 59700
23000 64375 64875 61050 59700
23100 64425 64825 61050 59700
23200 64425 64825 61025 59725
23300 64400 64850 61025 59725
23400 64400 64875 61025 59700
23500 64400 64875 61025 59700
23600 64400 64875 61050 59675
23700 64425 64875 61025 59675
23800 64450 64825 61075 59650
23900 64425 64850 61075 59650
24000 64400 64875 61050 59675
24100 64375 64875 61075 59675
24200 64375 64875 61075 59675
24300 64375 64900 61050 59675
24400 64425 64875 61025 59675
24500 64425 64875 61000 59700
24600 64425 64900 60975 59700
24700 64425 64900 60975 59700
24800 64425 64900 60975 59700
24900 64450 64900 60975 59675
25000 64450 64875 61000 59675
25100 64450 64875 61000 59675
25200 64475 64875 60975 59675
25300 64475 64875 60975 59675
25400 64475 64875 60975 59675
25500 64500 64850 60975 59675
25600 64500 64825 60950 59725
25700 64500 64850 60925 59725
25800 64550 64850 60850 59750
25900 64550 64850 60850 59750
26000 64550 64850 60850 59750
26100 64550 64850 60850 59750
26200 64525 64900 60850 59725
26300 64500 64950 60850 59700
26400 64500 64950 60850 59700
26500 64500 64950 60850 59700
26600 64500 64950 60850 59700
26700 64500 64950 60850 59700
26800 64500 64950 60850 59700
26900 64500 64925 60875 59700
27000 64500 64925 60875 59700
27100 64500 64925 60900 59675
27200 64475 64925 60925 59675
27300 64500 64925 60925 59650
27400 64550 64925 60875 59650
27500 64550 64925 60875 59650
27600 64575 64925 60850 59650
27700 64525 64975 60850 59650
27800 64550 64975 60800 59675
27900 64575 64950 60825 59650
28000 64575 64950 60825 59650
28100 64525 64950 60850 59675
28200 64550 64925 60850 59675
28300 64550 64925 60825 59700
28400 64500 64975 60825 59700
28500 64500 64975 60825 59700
28600 64475 64975 60850 59700
28700 64475 64950 60875 59700
28800 64475 64950 60875 59700
28900 64500 64925 60850 59725
29000 64500 64900 60850 59750
29100 64475 64925 60850 59750
29200 64475 64925 60875 59725
29300 64475 64925 60850 59750
29400 64475 64950 60850 59725
29500 64475 64950 60850 59725
29600 64450 64950 60850 59750
29700 64450 64950 60850 59750
29800 64475 64925 60850 59750
29900 64475 64975 60850 59700
30000 64475 64975 60850 59700
30100 64500 64975 60800 59725
30200 64550 64925 60800 59725
30300 64550 64925 60800 59725
30400 64575 64925 60800 59700
30500 64575 64950 60725 59750
30600 64575 64950 60725 59750
30700 64550 64950 60750 59750
30800 64550 64950 60750 59750
30900 64550 64950 60750 59750
31000 64550 64950 60750 59750
31100 64525 64975 60750 59750
31200 64525 64950 60775 59750
31300 64525 64950 60775 59750
31400 64525 64950 60775 59750
31500 64475 64950 60825 59750
31600 64525 64900 60825 59750
31700 64550 64875 60800 59775
31800 64525 64875 60825 59775
31900 64525 64850 60825 59800
32000 64550 64850 60800 59800
32100 64575 64850 60775 59800
32200 64575 64875 60775 59775
32300 64600 64825 60775 59800
32400 64600 64825 60775 59800
32500 64625 64825 60800 59750
32600 64625 64825 60800 59750
32700 64625 64825 60800 59750
32800 64600 64825 60825 59750
32900 64600 64825 60825 59750
33000 64600 64825 60850 59725
33100 64600 64825 60850 59725
33200 64600 64825 60850 59725
33300 64625 64825 60850 59700
33400 64625 64825 60850 59700
33500 64650 64825 60825 59700
33600 64700 64800 60800 59700
33700 64700 64800 60775 59725
33800 64675 64825 60775 59725
33900 64675 64825 60750 59750
34000 64675 64825 60725 59775
34100 64700 64825 60700 59775
34200 64725 64800 60725 59750
34300 64725 64800 60725 59750
34400 64700 64825 60725 59750
34500 64700 64825 60725 59750
34600 64700 64825 60725 59750
34700 64675 64850 60725 59750
34800 64650 64850 60750 59750
34900 64650 64800 60800 59750
35000 64675 64800 60800 59725
35100 64675 64800 60800 59725
35200 64675 64800 60800 59725
35300 64675 64800 60825 59700
35400 64675 64800 60825 59700
35500 64675 64800 60800 59725
35600 64675 64850 60725 59750
35700 64650 64875 60700 59775
35800 64650 64875 60700 59775
35900 64650 64875 60700 59775
36000 64675 64875 60700 59750
36100 64650 64900 60700 59750
36200 64650 64900 60700 59750
36300 64675 64900 60675 59750
36400 64675 64925 60675 59725
36500 64700 64925 60650 59725
36600 64725 64925 60625 59725
36700 64700 64900 60625 59775
36800 64675 64950 60625 59750
36900 64650 64975 60625 59750
37000 64650 65000 60625 59725
37100 64650 65000 60625 59725
37200 64650 65000 60625 59725
37300 64625 65025 60650 59700
37400 64625 65025 60675 59675
37500 64625 65050 60675 59650
37600 64650 65000 60675 59675
37700 64700 64975 60650 59675
37800 64700 64975 60650 59675
37900 64700 64975 60700 59625
38000 64700 64975 60700 59625
38100 64700 64950 60700 59650
38200 64675 64950 60700 59675
38300 64700 64925 60700 59675
38400 64700 64925 60700 59675
38500 64700 64925 60675 59700
38600 64700 64925 60650 59725
38700 64675 64925 60675 59725
38800 64675 64925 60700 59700
38900 64675 64925 60700 59700
39000 64675 64925 60700 59700
39100 64700 64925 60675 59700
39200 64700 64925 60675 59700
39300 64725 64925 60650 59700
39400 64725 64925 60650 59700
39500 64725 64925 60625 59725
39600 64725 64925 60625 59725
39700 64725 64925 60625 59725
39800 64775 64925 60600 59700
39900 64800 64900 60600 59700
40000 64825 64875 60650 59650
40100 64825 64875 60650 59650
40200 64825 64875 60650 59650
40300 64825 64875 60650 59650
40400 64775 64875 60650 59700
40500 64775 64875 60650 59700
40600 64775 64875 60650 59700
40700 64775 64875 60650 59700
40800 64775 64875 60625 59725
40900 64800 64875 60600 59725
41000 64800 64875 60600 59725
41100 64800 64875 60575 59750
41200 64850 64825 60575 59750
41300 64875 64800 60575 59750
41400 64875 64800 60575 59750
41500 64875 64800 60575 59750
41600 64875 64800 60575 59750
41700 64875 64800 60575 59750
41800 64850 64825 60575 59750
41900 64875 64800 60575 59750
42000 64900 64800 60575 59725
42100 64900 64800 60575 59725
42200 64925 64800 60550 59725
42300 64900 64825 60550 59725
42400 64925 64800 60550 59725
42500 64925 64775 60575 59725
42600 64925 64775 60575 59725
42700 64925 64775 60575 59725
42800 64925 64775 60550 59750
42900 64925 64775 60550 59750
43000 64925 64800 60525 59750
43100 64925 64800 60500 59775
43200 64950 64800 60500 59750
43300 64950 64800 60500 59750
43400 64925 64825 60500 59750
43500 64925 64825 60500 59750
43600 64925 64825 60500 59750
43700 64925 64825 60450 59800
43800 64925 64850 60450 59775
43900 64950 64825 60425 59800
44000 64950 64825 60425 59800
44100 64950 64825 60425 59800
44200 64925 64850 60400 59825
44300 64925 64850 60400 59825
44400 64925 64850 60400 59825
44500 64925 64850 60425 59800
44600 64900 64850 60425 59825
44700 64900 64850 60425 59825
44800 64875 64875 60425 59825
44900 64875 64875 60425 59825
45000 64850 64875 60475 59800
45100 64850 64850 60500 59800
45200 64875 64825 60500 59800
45300 64850 64850 60500 59800
45400 64850 64850 60500 59800
45500 64850 64875 60500 59775
45600 64850 64875 60525 59750
45700 64900 64850 60525 59725
45800 64875 64875 60525 59725
45900 64900 64875 60525 59700
46000 64900 64875 60525 59700
46100 64900 64875 60500 59725
46200 64900 64875 60500 59725
46300 64900 64875 60500 59725
46400 64900 64875 60525 59700
46500 64875 64875 60500 59750
46600 64875 64900 60500 59725
46700 64875 64875 60525 59725
46800 64875 64900 60525 59700
46900 64850 64925 60550 59675
47000 64850 64975 60550 59625
47100 64850 64975 60550 59625
47200 64850 64975 60550 59625
47300 64850 64975 60550 59625
47400 64850 64975 60550 59625
47500 64850 64975 60550 59625
47600 64825 64975 60550 59650
47700 64825 64975 60550 59650
47800 64825 64975 60550 59650
47900 64850 64975 60525 59650
48000 64850 64975 60525 59650
48100 64850 64975 60500 59675
48200 64850 64975 60475 59700
48300 64850 65000 60475 59675
48400 64900 65000 60450 59650
48500 64900 64975 60475 59650
48600 64900 64975 60450 59675
48700 64900 64975 60450 59675
48800 64900 64975 60450 59675
48900 64900 64950 60475 59675
49000 64900 64950 60475 59675
49100 64900 64950 60500 59650
49200 64900 64950 60475 59675
49300 64900 64925 60500 59675
49400 64900 64925 60500 59675
49500 64900 64925 60500 59675
49600 64925 64950 60475 59650
49700 64925 64950 60475 59650
49800 64925 64950 60475 59650
49900 64925 64950 60475 59650
50000 64925 64950 60475 59650
50100 64925 64950 60475 59650
50200 64925 64925 60475 59675
50300 64925 64925 60475 59675
50400 64950 64900 60450 59700
50500 64950 64875 60475 59700
50600 64950 64875 60475 59700
50700 64975 64850 60475 59700
50800 64950 64850 60475 59725
50900 64950 64850 60475 59725
51000 64925 64875 60450 59750
51100 64925 64875 60450 59750
51200 64975 64875 60425 59725
51300 64925 64875 60475 59725
51400 64925 64875 60475 59725
51500 64925 64875 60475 59725
51600 64925 64875 60450 59750
51700 64925 64875 60450 59750
51800 64925 64875 60425 59775
51900 64925 64875 60425 59775
52000 64950 64875 60400 59775
52100 64950 64875 60375 59800
52200 64975 64850 60375 59800
52300 64975 64850 60375 59800
52400 64975 64850 60375 59800
52500 64975 64850 60375 59800
52600 64975 64850 60375 59800
52700 65000 64850 60350 59800
52800 65075 64800 60325 59800
52900 65075 64800 60325 59800
53000 65075 64800 60325 59800
53100 65075 64800 60325 59800
53200 65075 64825 60300 59800
53300 65075 64825 60300 59800
53400 65075 64800 60300 59825
53500 65050 64825 60300 59825
53600 65075 64800 60300 59825
53700 65050 64825 60300 59825
53800 65050 64825 60300 59825
53900 65050 64825 60300 59825
54000 65025 64850 60300 59825
54100 65025 64850 60300 59825
54200 65050 64850 60300 59800
54300 65050 64825 60325 59800
54400 65050 64825 60325 59800
54500 65075 64800 60325 59800
54600 65075 64800 60325 59800
54700 65050 64825 60325 59800
54800 65050 64825 60300 59825
54900 65050 64800 60325 59825
55000 65050 64775 60350 59825
55100 65050 64775 60350 59825
55200 65050 64775 60350 59825
55300 65050 64775 60350 59825
55400 65050 64775 60350 59825
55500 65050 64775 60350 59825
55600 65050 64775 60350 59825
55700 65000 64800 60325 59875
55800 65000 64800 60325 59875
55900 65000 64800 60350 59850
56000 65000 64800 60350 59850
56100 64975 64825 60350 59850
56200 64975 64825 60400 59800
56300 64975 64825 60400 59800
56400 64975 64800 60400 59825
56500 64975 64800 60400 59825
56600 64975 64800 60400 59825
56700 64975 64800 60400 59825
56800 64975 64800 60400 59825
56900 64975 64775 60425 59825
57000 64975 64750 60475 59800
57100 64950 64775 60475 59800
57200 64925 64800 60500 59775
57300 64925 64800 60475 59800
57400 64925 64800 60500 59775
57500 64975 64800 60450 59775
57600 64975 64825 60450 59750
57700 64975 64825 60450 59750
57800 64950 64825 60475 59750
57900 64950 64850 60475 59725
58000 64975 64875 60425 59725
58100 64975 64875 60425 59725
58200 64975 64875 60425 59725
58300 64975 64875 60425 59725
58400 64975 64850 60450 59725
58500 65000 64850 60450 59700
58600 65000 64850 60425 59725
58700 65025 64850 60400 59725
58800 65025 64850 60400 59725
58900 65025 64850 60400 59725
59000 65025 64850 60400 59725
59100 65050 64825 60400 59725
59200 65050 64825 60375 59750
59300 65050 64825 60375 59750
59400 65050 64800 60375 59775
59500 65050 64800 60375 59775
59600 65025 64800 60400 59775
59700 65025 64800 60400 59775
59800 65000 64800 60400 59800
59900 64975 64800 60425 59800
60000 64975 64800 60425 59800
60100 64975 64800 60425 59800
60200 64925 64850 60425 59800
60300 64925 64850 60425 59800
60400 64925 64850 60400 59825
60500 64925 64850 60400 59825
60600 64925 64850 60400 59825
60700 64950 64825 60400 59825
60800 64950 64800 60425 59825
60900 64950 64800 60400 59850
61000 64975 64775 60375 59875
61100 64975 64775 60375 59875
61200 64975 64775 60375 59875
61300 64975 64775 60375 59875
61400 64975 64775 60350 59900
61500 65000 64750 60325 59925
61600 64975 64750 60350 59925
61700 65000 64750 60350 59900
61800 65000 64750 60350 59900
61900 65000 64775 60350 59875
62000 65000 64775 60350 59875
62100 65000 64750 60400 59850
62200 65000 64750 60400 59850
62300 65000 64750 60400 59850
62400 65000 64750 60400 59850
62500 65000 64750 60400 59850
62600 65000 64750 60400 59850
62700 65000 64750 60400 59850
62800 65000 64750 60400 59850
62900 65000 64750 60400 59850
63000 65000 64750 60400 59850
63100 65000 64725 60425 59850
63200 65000 64725 60450 59825
63300 65025 64700 60450 59825
63400 65050 64700 60450 59800
63500 65050 64700 60450 59800
63600 65025 64750 60425 59800
63700 64975 64750 60475 59800
63800 64975 64750 60475 59800
63900 64975 64750 60475 59800
64000 65000 64725 60450 59825
64100 65000 64725 60450 59825
64200 65000 64725 60425 59850
64300 65000 64700 60425 59875
64400 65000 64700 60425 59875
64500 65025 64700 60400 59875
64600 65050 64675 60375 59900
64700 65050 64675 60375 59900
64800 65050 64675 60375 59900
64900 65050 64675 60375 59900
65000 65050 64675 60375 59900
65100 65050 64650 60375 59925
65200 65100 64625 60375 59900
65300 65100 64625 60375 59900
65400 65100 64625 60375 59900
65500 65100 64625 60375 59900
65600 65100 64625 60375 59900
65700 65075 64650 60400 59875
65800 65075 64650 60425 59850
65900 65075 64650 60425 59850
66000 65075 64650 60425 59850
66100 65075 64650 60450 59825
66200 65075 64650 60450 59825
66300 65075 64650 60450 59825
66400 65050 64675 60425 59850
66500 65050 64675 60425 59850
66600 65050 64675 60425 59850
66700 65050 64675 60425 59850
66800 65050 64675 60425 59850
66900 65050 64675 60425 59850
67000 65050 64675 60425 59850
67100 65050 64675 60425 59850
67200 65050 64675 60400 59875
67300 65050 64675 60400 59875
67400 65050 64675 60400 59875
67500 65050 64675 60400 59875
67600 65075 64675 60375 59875
67700 65050 64675 60400 59875
67800 65025 64675 60450 59850
67900 65025 64675 60450 59850
68000 65025 64675 60450 59850
68100 65025 64675 60475 59825
68200 65025 64700 60475 59800
68300 65025 64700 60475 59800
68400 65000 64725 60475 59800
68500 65000 64725 60475 59800
68600 65000 64725 60475 59800
68700 65000 64725 60450 59825
68800 65000 64700 60450 59850
68900 65000 64650 60475 59875
69000 65000 64650 60475 59875
69100 65025 64625 60475 59875
69200 65025 64625 60475 59875
69300 65025 64625 60475 59875
69400 65025 64625 60475 59875
69500 65025 64625 60525 59825
69600 65025 64625 60525 59825
69700 64975 64675 60525 59825
69800 64975 64675 60525 59825
69900 64975 64675 60525 59825
70000 64975 64675 60550 59800
70100 64975 64700 60575 59750
70200 64950 64725 60575 59750
70300 64950 64725 60550 59775
70400 64925 64775 60525 59775
70500 64925 64800 60475 59800
70600 64900 64825 60475 59800
70700 64900 64825 60475 59800
70800 64900 64825 60475 59800
70900 64900 64825 60475 59800
71000 64900 64825 60475 59800
71100 64900 64825 60425 59850
71200 64900 64825 60425 59850
71300 64900 64825 60425 59850
71400 64900 64825 60425 59850
71500 64900 64825 60425 59850
71600 64900 64825 60425 59850
71700 64950 64825 60375 59850
71800 64950 64825 60350 59875
71900 64950 64825 60350 59875
72000 64950 64825 60350 59875
72100 64950 64825 60350 59875
72200 64950 64825 60350 59875
72300 64950 64825 60350 59875
72400 64950 64825 60350 59875
72500 64950 64825 60350 59875
72600 64950 64825 60350 59875
72700 64925 64825 60375 59875
72800 64925 64825 60350 59900
72900 64950 64825 60325 59900
73000 64950 64825 60325 59900
73100 64950 64825 60325 59900
73200 64950 64825 60325 59900
73300 64950 64825 60325 59900
73400 64950 64825 60325 59900
73500 64950 64825 60350 59875
73600 64950 64825 60350 59875
73700 64975 64800 60350 59875
73800 64975 64825 60350 59850
73900 64975 64825 60350 59850
74000 64975 64825 60350 59850
74100 64975 64825 60350 59850
74200 64950 64850 60350 59850
74300 64950 64850 60350 59850
74400 64950 64875 60350 59825
74500 64950 64875 60350 59825
74600 64975 64850 60350 59825
74700 64950 64875 60350 59825
74800 64950 64875 60350 59825
74900 64950 64875 60350 59825
75000 65000 64850 60325 59825
75100 65000 64850 60325 59825
75200 65000 64850 60325 59825
75300 65000 64850 60325 59825
75400 65000 64850 60325 59825
75500 65000 64850 60325 59825
75600 65000 64850 60325 59825
75700 65000 64850 60325 59825
75800 65000 64850 60325 59825
75900 65000 64850 60325 59825
76000 65000 64850 60325 59825
76100 65000 64850 60325 59825
76200 65000 64850 60300 59850
76300 65025 64825 60300 59850
76400 65025 64825 60300 59850
76500 65025 64825 60300 59850
76600 65025 64825 60300 59850
76700 65025 64825 60300 59850
76800 65050 64850 60275 59825
76900 65075 64825 60275 59825
77000 65050 64850 60300 59800
77100 65050 64875 60275 59800
77200 65075 64875 60250 59800
77300 65100 64875 60225 59800
77400 65100 64875 60225 59800
77500 65100 64875 60225 59800
77600 65100 64875 60225 59800
77700 65100 64875 60225 59800
77800 65100 64875 60225 59800
77900 65100 64875 60225 59800
78000 65100 64875 60225 59800
78100 65100 64875 60225 59800
78200 65050 64900 60250 59800
78300 65075 64875 60250 59800
78400 65100 64875 60225 59800
78500 65100 64875 60225 59800
78600 65125 64850 60225 59800
78700 65125 64850 60225 59800
78800 65125 64850 60225 59800
78900 65125 64850 60200 59825
79000 65125 64850 60200 59825
79100 65125 64850 60200 59825
79200 65125 64850 60200 59825
79300 65125 64850 60200 59825
79400 65150 64850 60200 59800
79500 65175 64825 60175 59825
79600 65200 64800 60175 59825
79700 65200 64800 60200 59800
79800 65200 64800 60200 59800
79900 65225 64775 60200 59800
80000 65250 64800 60200 59750
80100 65250 64800 60175 59775
80200 65275 64775 60175 59775
80300 65275 64775 60175 59775
80400 65275 64775 60175 59775
80500 65275 64775 60175 59775
80600 65275 64775 60200 59750
80700 65275 64775 60200 59750
80800 65275 64775 60200 59750
80900 65250 64800 60175 59775
81000 65250 64800 60175 59775
81100 65250 64800 60175 59775
81200 65250 64800 60175 59775
81300 65275 64800 60150 59775
81400 65325 64775 60100 59800
81500 65325 64775 60100 59800
81600 65325 64750 60100 59825
81700 65325 64750 60075 59850
81800 65325 64750 60075 59850
81900 65325 64750 60075 59850
82000 65325 64750 60075 59850
82100 65325 64750 60075 59850
82200 65300 64750 60075 59875
82300 65300 64750 60100 59850
82400 65300 64750 60075 59875
82500 65300 64775 60075 59850
82600 65300 64775 60075 59850
82700 65300 64775 60075 59850
82800 65300 64775 60050 59875
82900 65275 64800 60050 59875
83000 65275 64825 60025 59875
83100 65275 64825 60025 59875
83200 65275 64825 60000 59900
83300 65275 64825 60025 59875
83400 65250 64825 60025 59900
83500 65250 64825 60025 59900
83600 65225 64850 60025 59900
83700 65250 64850 60025 59875
83800 65250 64850 60025 59875
83900 65250 64875 60050 59825
84000 65250 64875 60050 59825
84100 65250 64875 60075 59800
84200 65250 64875 60075 59800
84300 65250 64875 60075 59800
84400 65225 64900 60075 59800
84500 65200 64925 60075 59800
84600 65225 64925 60050 59800
84700 65250 64925 60050 59775
84800 65250 64925 60050 59775
84900 65275 64925 60025 59775
85000 65275 64925 60075 59725
85100 65275 64925 60075 59725
85200 65225 64975 60075 59725
85300 65225 64975 60100 59700
85400 65225 64975 60100 59700
85500 65225 64975 60100 59700
85600 65225 64975 60100 59700
85700 65225 64975 60050 59750
85800 65225 64975 60050 59750
85900 65225 64975 60100 59700
86000 65225 64975 60100 59700
86100 65225 64975 60100 59700
86200 65225 64975 60100 59700
86300 65225 64975 60100 59700
86400 65225 64975 60100 59700
86500 65225 64975 60100 59700
86600 65225 65000 60100 59675
86700 65225 65000 60100 59675
86800 65225 65000 60100 59675
86900 65225 65000 60100 59675
87000 65225 64975 60125 59675
87100 65225 64975 60125 59675
87200 65225 64975 60125 59675
87300 65225 64975 60125 59675
87400 65225 64975 60125 59675
87500 65225 64975 60125 59675
87600 65225 64975 60125 59675
87700 65225 64975 60125 59675
87800 65225 64975 60125 59675
87900 65225 64975 60125 59675
88000 65200 65000 60125 59675
88100 65200 65000 60125 59675
88200 65200 65000 60125 59675
88300 65200 65025 60125 59650
88400 65200 65025 60125 59650
88500 65225 65000 60125 59650
88600 65225 65000 60125 59650
88700 65250 64975 60125 59650
88800 65225 64975 60150 59650
88900 65200 64975 60150 59675
89000 65225 64950 60150 59675
89100 65225 64950 60150 59675
89200 65225 64950 60125 59700
89300 65225 64950 60125 59700
89400 65225 64950 60150 59675
89500 65225 64950 60150 59675
89600 65225 64950 60150 59675
89700 65225 64950 60150 59675
89800 65225 64950 60150 59675
89900 65225 64975 60150 59650
90000 65225 65000 60150 59625
90100 65225 65000 60150 59625
90200 65225 65000 60150 59625
90300 65225 65000 60150 59625
90400 65225 65000 60150 59625
90500 65225 65000 60150 59625
90600 65225 65000 60150 59625
90700 65225 65000 60150 59625
90800 65225 65000 60150 59625
90900 65225 65000 60150 59625
91000 65225 65000 60150 59625
91100 65250 65000 60150 59600
91200 65250 65000 60150 59600
91300 65250 65025 60125 59600
91400 65250 65025 60125 59600
91500 65225 65075 60100 59600
91600 65250 65050 60100 59600
91700 65250 65050 60100 59600
91800 65250 65050 60100 59600
91900 65250 65050 60100 59600
92000 65250 65050 60100 59600
92100 65250 65050 60100 59600
92200 65250 65050 60075 59625
92300 65225 65075 60075 59625
92400 65225 65075 60075 59625
92500 65225 65075 60075 59625
92600 65225 65075 60075 59625
92700 65200 65075 60100 59625
92800 65200 65075 60100 59625
92900 65200 65075 60100 59625
93000 65200 65050 60125 59625
93100 65200 65050 60125 59625
93200 65200 65050 60125 59625
93300 65200 65050 60150 59600
93400 65200 65050 60150 59600
93500 65200 65050 60150 59600
93600 65200 65050 60150 59600
93700 65200 65050 60150 59600
93800 65200 65050 60150 59600
93900 65225 65050 60125 59600
94000 65225 65050 60125 59600
94100 65250 65025 60125 59600
94200 65275 65025 60125 59575
94300 65275 65025 60125 59575
94400 65300 65025 60100 59575
94500 65300 65000 60100 59600
94600 65300 65000 60075 59625
94700 65300 65000 60075 59625
94800 65300 65000 60075 59625
94900 65325 64975 60075 59625
95000 65350 64950 60075 59625
95100 65350 64950 60075 59625
95200 65350 64950 60075 59625
95300 65350 64950 60075 59625
95400 65350 64950 60075 59625
95500 65350 64975 60075 59600
95600 65350 64975 60075 59600
95700 65350 64975 60075 59600
95800 65325 64975 60100 59600
95900 65300 65000 60100 59600
96000 65325 64975 60100 59600
96100 65325 64975 60100 59600
96200 65325 64975 60100 59600
96300 65325 64975 60100 59600
96400 65325 64975 60075 59625
96500 65325 64975 60075 59625
96600 65325 64975 60075 59625
96700 65350 64950 60075 59625
96800 65350 64950 60100 59600
96900 65350 64950 60075 59625
97000 65350 64950 60075 59625
97100 65350 64950 60075 59625
97200 65375 64950 60050 59625
97300 65375 64950 60050 59625
97400 65375 64950 60050 59625
97500 65375 64950 60025 59650
97600 65400 64925 60050 59625
97700 65400 64925 60025 59650
97800 65425 64900 60025 59650
97900 65425 64900 60025 59650
98000 65425 64900 60025 59650
98100 65425 64900 60025 59650
98200 65375 64925 60025 59675
98300 65375 64925 60000 59700
98400 65375 64925 60000 59700
98500 65375 64950 59975 59700
98600 65375 64950 59975 59700
98700 65375 64950 59975 59700
98800 65350 64975 59975 59700
98900 65350 64975 59975 59700
99000 65350 64975 59975 59700
99100 65350 64975 59975 59700
99200 65350 64975 59975 59700
99300 65350 64975 59975 59700
99400 65350 64975 59975 59700
99500 65350 64975 59975 59700
99600 65325 65000 59975 59700
99700 65325 65000 59975 59700
99800 65325 65000 60000 59675
99900 65350 65000 60000 59650
100000 65350 65000 60000 59650
